7172 334
60 9
276 277
185 178
16 203
278 7
74 155
3 60
270 409
8 35
52 23
279 124
8 159
69 26
68 124
77 124
77 68
280 299
281 606
35 159
282 802
283 11
29 6
68 79
62 3
132 73
3 73
3 318
190 11
25 11
25 23
3 291
7 6699
282 298
149 12
190 73
205 3
284 73
284 145
285 300
286 232
127 639
85 287
68 160
213 3
59 222
288 332
59 289
290 293
88 133
108 11
75 332
275 332
124 31
275 75
102 153
292 765
290 491
293 491
38 213
294 721
285 38
288 296
295 92
132 305
68 262
297 100
285 213
298 802
198 304
19 11
300 3
19 3
4 200
301 332
300 213
302 474
300 38
303 7
285 3
9 112
6 137
137 306
0 100
219 108
0 62
100 62
108 56
6 306
11 182
307 320
10 33
308 11
308 33
308 10
70 166
7 485
307 322
309 23
310 107
134 310
311 21
134 312
76 73
22 134
312 107
56 134
313 160
56 22
56 312
108 134
312 310
6 429
108 22
108 312
108 310
288 314
288 115
22 310
314 115
22 107
307 541
315 4245
81 8
309 11
316 317
232 248
39 319
22 219
210 8
319 3
4 341
318 319
134 107
318 39
232 9
200 326
320 541
321 11
322 541
22 312
232 71
322 320
248 9
296 248
56 310
323 105
324 7
11 110
296 9
325 20
167 11
167 35
29 3
73 412
327 102
328 582
235 3
329 330
235 242
235 29
235 331
331 3
147 6
331 242
331 29
332 205
147 11
11 105
10 31
9 36
327 35
327 100
102 100
105 104
35 100
333 88
323 104
330 210
330 3
204 352
3 210
65 11
334 11
246 673
52 614
318 19
246 132
34 338
101 48
246 339
246 42
335 673
335 132
11 336
132 42
335 339
132 339
318 338
88 71
233 34
233 338
337 5950
132 673
339 673
42 673
42 339
335 42
335 246
242 3
67 75
339 165
335 165
340 11
19 39
22 341
341 11
342 430
156 3
165 673
165 132
343 11
165 42
243 279
165 246
340 22
100 36
154 11
340 341
102 173
344 148
284 8
345 346
347 243
217 243
217 347
135 1497
229 348
349 928
145 8
350 233
71 74
39 338
351 2842
101 352
217 1497
353 92
243 1497
347 1497
135 243
148 1544
135 347
354 1338
86 6
355 189
341 33
120 1134
356 3
357 73
37 34
210 34
284 33
358 559
33 204
35 284
3 338
159 421
359 246
168 9
360 676
19 338
29 242
8 2
361 145
69 31
100 6
362 246
33 1122
78 71
31 206
11 1122
363 19
364 372
246 69
365 202
366 88
86 205
367 11
86 189
69 42
368 7
369 3811
334 85
370 1574
367 232
371 75
170 35
29 461
373 111
374 84
75 63
11 461
209 125
74 42
74 69
136 77
11 541
29 33
36 699
124 379
69 8
233 687
6 383
11 57
376 502
11 323
293 77
341 2
108 377
378 249
8 73
255 380
136 293
6 336
69 624
381 1529
158 207
159 85
74 246
382 1529
246 85
198 487
381 382
6 327
205 189
