7172 296
31 100
66 6
152 203
11 153
154 985
11 37
23 49
3 162
3 152
52 3
155 68
156 182
157 510
158 74
3 203
66 35
35 220
132 220
159 499
132 35
160 266
161 9
162 152
162 203
9 35
35 11
163 165
164 244
11 163
166 3
167 67
168 153
17 320
169 75
169 6
29 166
75 170
170 34
35 102
170 25
171 730
172 73
165 11
49 11
173 35
173 2
174 35
174 2
174 173
36 11
175 36
176 177
177 145
176 145
177 34
177 178
178 34
179 73
87 178
180 203
181 3
182 33
183 654
184 185
185 187
185 186
186 184
186 187
187 184
188 105
189 26
190 85
94 191
192 5095
35 65
20 545
70 6
9 335
96 6
35 193
194 73
189 2755
182 736
10 71
195 22
159 1527
22 196
4 33
197 1308
60 85
60 73
73 85
34 258
198 385
3 180
180 162
180 152
199 6
7 807
200 11
182 4
151 60
22 212
201 33
202 6
68 397
204 101
204 205
101 205
3 118
52 680
115 132
43 3
151 85
80 206
34 25
75 25
68 208
207 59
209 117
210 37
31 212
11 68
35 33
179 8
211 6
212 6
213 210
213 37
177 315
214 215
75 34
216 118
186 224
217 541
210 375
22 218
182 2
219 230
220 6
221 91
10 162
162 222
223 6
223 220
225 228
10 222
226 6
227 228
11 284
229 228
102 205
229 227
204 182
113 293
35 205
230 6698
195 232
231 234
233 945
76 69
108 238
235 236
108 200
9 204
237 1030
11 112
38 1893
238 200
76 203
76 216
76 118
35 203
35 216
204 559
203 216
203 118
76 35
239 258
168 258
168 239
222 978
240 35
29 85
158 35
62 85
62 29
153 85
153 29
153 62
241 242
145 73
242 62
243 132
6 375
189 204
11 204
11 189
88 572
244 146
9 559
241 62
39 74
245 1214
73 74
73 0
74 0
60 618
85 618
33 292
11 292
246 292
246 33
246 11
145 33
81 86
110 203
3 110
34 11
10 232
44 36
158 73
38 153
39 0
158 0
39 73
39 158
247 3
248 71
11 74
11 248
11 158
11 39
34 0
34 73
34 158
3 79
249 35
88 215
135 217
162 135
250 251
252 96
253 217
253 135
203 19
232 296
9 189
35 81
254 69
255 189
88 7
256 245
256 1214
257 85
257 207
85 207
258 266
44 3
54 337
259 337
259 54
260 73
261 510
177 332
262 263
264 265
267 3
44 35
3 271
268 66
108 411
263 140
43 36
81 66
7 553
269 270
43 273
3 390
3 274
76 11
268 35
262 272
39 271
34 271
3 273
271 6
273 36
37 36
37 35
3 189
76 493
275 153
3 308
84 654
221 159
