7172 1336
73 933
506 1038
1019 135
669 117
73 676
1020 918
1021 637
1022 11
1022 1032
318 246
87 325
246 1023
1022 29
11 674
22 676
86 270
477 648
933 22
410 172
187 102
368 3
368 73
1023 61
100 22
1018 3
132 543
976 665
11 951
136 410
1024 1448
86 92
52 16
161 154
161 796
161 25
477 721
38 585
796 154
38 5
215 820
187 429
135 17
1025 168
1026 52
931 5
931 38
57 67
585 5
36 67
857 38
235 136
235 135
989 132
206 22
8 116
1027 975
913 445
348 1369
1028 722
8 203
1029 77
11 1032
1030 6718
598 215
1031 168
430 36
430 57
25 154
430 67
648 721
857 587
2 873
25 796
1033 1267
29 1032
1034 2778
168 1035
1035 1031
483 100
1035 1025
918 1041
309 722
625 252
1036 477
217 1023
904 396
1025 1031
252 31
445 22
285 13
490 235
1037 239
177 430
1027 1044
648 1036
854 721
854 648
270 430
587 38
52 495
1031 1040
1039 150
1040 1035
1040 1025
62 11
1040 168
433 272
567 68
1042 916
807 272
807 433
10 300
33 600
452 300
7 2215
9 368
16 207
1028 11
6 951
79 102
13 297
3 200
929 312
882 19
1043 643
396 136
561 245
1044 975
36 29
1036 721
313 325
817 570
1045 29
1045 1049
1046 6711
371 1325
29 1049
263 1033
1047 1033
52 200
263 1047
1048 764
619 1051
1050 1051
1050 619
101 74
200 284
485 576
22 4182
1020 1041
29 388
881 173
771 173
930 510
771 881
189 18
52 951
190 18
22 951
1052 1057
679 587
306 85
190 1059
173 38
8 1255
452 570
108 243
246 1107
836 497
1053 1011
588 126
217 525
1054 243
230 1056
1054 108
1055 487
11 1058
674 127
325 145
1054 396
628 410
8 305
35 330
52 175
149 284
22 284
1056 11
1056 6
1058 38
52 1064
84 34
74 8
560 279
1060 495
1059 85
1061 1450
929 19
73 786
1062 626
1063 922
119 588
857 252
368 592
436 16
108 929
1065 140
523 4
108 19
1023 132
1066 11
931 396
1067 127
1000 209
2 402
952 263
1067 6
1067 59
1068 4
410 996
759 325
759 894
1058 325
1058 894
1058 759
23 996
23 410
1068 31
127 59
38 676
113 235
1070 224
113 135
113 136
71 570
305 203
665 209
665 1000
3 185
185 114
114 210
1071 592
1072 388
26 1484
34 1059
1073 6
217 533
115 862
100 1059
1074 1077
161 746
239 1075
68 232
336 1076
1077 166
11 1076
1074 166
34 190
1078 1011
34 85
1079 3
1068 177
224 833
1080 515
123 670
71 817
422 1043
1081 1072
1081 388
479 1165
1079 479
479 3
1082 241
1083 6
29 309
29 26
1084 338
903 124
37 610
37 479
37 1120
37 177
1085 246
34 157
37 997
37 100
37 427
37 355
37 1089
37 135
374 37
472 2573
472 374
472 610
472 479
472 1120
472 177
472 452
472 997
472 427
472 355
452 355
452 1089
479 1120
479 177
479 997
479 100
479 427
479 355
479 135
374 135
177 452
177 997
177 427
177 355
177 1089
177 135
37 2573
37 270
479 1089
472 135
472 37
189 2573
29 37
29 472
29 189
100 1089
100 135
100 29
1086 2573
1086 374
1086 270
1086 610
29 1089
1086 479
1086 177
1086 452
1086 997
1086 100
1086 427
1086 355
1086 1089
1086 135
1086 37
1086 472
1086 189
1086 29
1087 2573
1087 374
1086 1120
452 427
29 355
189 374
189 270
189 610
189 1120
189 177
189 997
189 427
189 1089
189 135
29 427
189 472
29 2573
29 374
29 270
29 610
29 479
29 1120
29 177
29 997
1087 270
452 997
100 374
379 550
379 3
309 35
309 551
52 436
100 610
379 17
100 1120
246 135
100 452
100 997
427 2573
427 374
427 270
427 610
427 1120
379 593
379 189
100 2573
997 1120
452 2573
452 374
19 1088
452 270
452 610
189 17
452 1120
155 1261
396 459
997 374
189 593
550 3
29 551
997 270
997 610
550 17
550 593
550 189
379 246
379 318
997 2573
116 874
1089 997
1089 427
588 124
1089 355
374 355
374 1089
135 2573
135 270
135 1120
652 485
135 997
135 427
135 355
135 1089
427 355
62 210
135 610
427 997
427 100
355 2573
355 270
355 610
355 1120
113 765
116 4
355 997
355 100
1089 2573
1089 270
1089 610
1089 1120
1090 132
96 928
374 177
1087 610
1087 479
811 1091
132 279
70 397
1092 1093
70 319
1000 155
297 155
747 155
747 1000
747 297
722 1106
458 6
1094 131
332 29
332 319
266 0
11 1106
107 79
281 721
246 17
10 857
127 1106
246 593
246 189
254 33
132 77
1095 124
243 1095
101 124
101 1095
101 243
8 97
903 1095
903 243
903 101
385 1096
392 1009
19 885
455 32
3 593
1097 2454
149 319
228 6
575 11
61 632
722 127
70 149
75 73
75 397
19 447
200 482
75 319
75 70
1098 882
398 110
19 3476
73 388
348 440
1099 886
957 415
768 445
944 646
29 74
435 1100
10 35
35 4
346 637
274 31
1101 650
1102 650
1102 1101
1087 1120
1087 177
1087 452
1087 997
1087 100
1087 427
1087 355
1087 1089
1087 135
1087 37
1087 472
1087 189
1087 29
1087 1086
76 67
1103 75
1104 764
497 1435
697 1583
882 541
1105 1279
17 126
29 397
11 397
309 332
319 73
319 29
149 397
319 397
270 388
246 3
70 306
463 831
661 70
266 11
722 266
191 2978
152 86
341 430
740 136
374 1120
472 1089
374 610
674 35
166 827
301 827
301 166
1001 827
1001 166
1001 301
593 318
593 17
1108 169
374 479
599 338
17 318
4 52
551 52
77 102
189 318
606 40
1109 1110
286 733
1111 205
2 857
29 928
68 660
656 273
358 339
722 9
436 9
506 462
201 333
297 29
297 69
70 200
1112 2166
34 859
230 2166
9 127
34 1115
159 127
159 9
22 127
22 159
663 70
686 200
686 35
686 6
867 2
1112 230
422 1880
1113 414
411 93
976 671
1114 198
102 410
313 73
177 237
1115 859
224 882
392 506
19 1116
11 1116
1116 499
19 499
19 292
898 338
31 1117
0 951
1118 20
1119 730
873 172
550 318
1018 8
390 168
479 610
1120 2573
1120 270
213 86
1120 610
35 551
177 1120
9 727
479 270
610 270
610 2573
270 374
1017 127
1121 127
32 493
1121 1017
270 2573
374 2573
479 2573
177 610
177 270
235 213
551 3
315 4
235 52
177 2573
537 642
215 22
70 951
1122 157
274 519
22 86
189 210
1123 126
396 21
162 41
519 410
882 459
126 52
1124 2291
96 76
235 456
1123 446
1123 687
1123 52
446 687
145 150
372 17
1125 2098
783 2098
1126 344
11 1127
456 57
697 381
964 629
0 86
446 126
687 52
456 25
235 713
57 25
1122 332
177 76
177 96
687 126
446 52
150 4285
29 951
190 468
19 940
258 270
168 100
168 270
341 217
31 217
31 341
383 147
699 641
510 1691
16 7
1128 1286
53 70
989 220
1129 543
929 1201
855 71
1131 388
10 200
10 139
410 85
230 1644
9 446
200 139
25 27
1132 2299
4 641
147 85
600 641
600 4
693 381
1133 969
697 140
1058 837
132 603
937 69
232 228
246 6719
4 497
775 284
168 472
424 166
628 34
309 59
34 270
735 2913
52 172
177 132
368 22
422 235
77 177
905 1983
1108 1106
1134 102
83 102
1135 209
4 102
4 8
699 341
665 246
10 131
313 967
410 1136
103 4
127 70
13 1137
190 3
1055 1138
57 34
59 131
309 9
342 410
628 52
325 209
79 38
10 75
9 154
59 10
291 4
291 35
1139 555
4 588
224 894
35 62
22 138
35 588
1043 1140
415 1043
138 9
598 1141
76 9
53 928
76 210
6 62
6 291
1141 1143
6 588
1140 415
6 1142
598 1143
77 100
442 1135
442 209
166 200
166 4
132 100
166 102
166 35
166 6
166 8
155 266
1068 479
73 442
73 1135
73 209
210 177
3 588
291 62
77 73
62 588
928 70
1022 1221
215 1145
951 332
396 348
1144 149
1144 332
177 10
397 472
287 8
292 6720
840 527
1104 772
287 177
1146 2090
1147 205
468 410
951 1144
1148 205
287 3
1148 1147
228 454
274 205
951 149
274 1147
772 108
1104 108
274 1148
1149 113
1149 35
159 1115
1150 200
67 411
314 22
11 1149
0 200
551 287
397 34
397 100
200 113
196 132
200 1149
75 113
75 35
75 1149
397 270
19 279
969 1023
196 1435
31 86
498 1257
12 519
162 70
551 8
975 266
871 279
100 4
986 10
1151 3
940 72
551 177
72 325
228 137
228 392
17 137
17 392
17 228
19 871
177 74
986 74
185 154
52 410
75 2512
1152 277
424 8
190 410
468 277
468 1152
1059 1154
729 1153
986 177
1059 443
62 1115
1154 443
246 1043
372 1155
1156 341
886 1157
228 1157
833 894
123 11
1158 363
79 1714
74 628
219 38
614 1502
190 132
190 4
190 1166
190 74
190 6
190 177
190 628
19 4
1159 0
513 454
628 1166
628 6
1160 1450
628 177
4 177
1159 3
101 463
19 1166
8 177
73 1164
720 1232
1161 38
1162 325
724 325
246 338
724 1162
1163 264
8 86
19 74
19 177
19 628
19 190
909 1168
585 415
410 646
8 85
750 232
600 1165
11 873
34 168
1166 132
1166 4
1166 22
392 541
74 132
175 436
93 610
74 4
693 140
123 153
34 641
641 1115
200 59
123 73
550 628
338 969
1167 481
693 697
74 1166
614 1170
6 1166
177 1166
1168 35
909 35
1169 38
468 85
1170 505
614 505
3 132
628 132
34 472
7 34
6 132
499 1644
22 85
1171 1172
1173 1172
87 1477
85 442
296 85
379 929
9 126
216 2235
85 203
284 70
1174 201
19 1178
1173 1171
1175 1172
1175 1171
1176 363
1176 1178
363 1178
1175 1173
1174 250
9 94
758 1178
59 614
146 101
533 173
203 190
233 11
1177 9
203 62
758 19
146 235
126 94
22 62
22 203
425 533
215 433
872 217
445 1180
1179 1215
69 1193
4 1193
4 450
4 445
565 213
4 1180
132 1180
1176 758
69 450
73 548
23 556
682 345
54 168
362 220
363 758
445 209
445 200
1180 209
1180 200
203 6
498 338
22 114
62 442
498 468
1178 1181
1178 639
1181 639
1181 363
22 185
1126 19
278 306
1181 19
1182 3
62 190
1183 871
62 8
1184 3
1184 291
527 341
313 885
885 73
639 1176
784 747
639 758
639 19
1181 758
201 250
35 266
32 228
3 1185
6 1185
1181 1176
35 1185
1185 11
445 35
712 381
1186 20
102 374
6 374
22 430
22 519
37 230
628 442
22 432
933 452
699 1165
933 188
1187 962
1187 862
862 962
1160 1215
676 240
1188 219
519 430
230 205
32 533
946 252
430 722
139 1197
32 425
131 882
519 432
32 1179
139 93
982 1403
430 432
147 284
1188 135
219 135
116 722
506 177
506 541
177 541
730 1152
1189 278
1160 32
19 1215
19 533
1190 639
1191 1160
1191 32
1191 1179
1191 425
1191 533
1191 132
1191 1215
19 1160
19 425
19 1179
1191 19
3 4182
1160 132
1160 533
645 279
1160 425
515 611
249 308
300 22
1160 1179
1192 1690
345 11
7 345
1165 94
209 1194
93 8
729 11
280 1564
203 628
789 4
133 381
133 140
538 452
11 385
1179 533
1179 132
1193 450
39 100
1194 200
1194 132
1195 451
61 224
1194 4
1194 35
1194 445
209 35
610 73
93 73
1196 483
201 34
10 260
38 430
789 432
93 1453
93 1197
4 432
9 432
246 1058
246 19
139 1453
1197 1453
35 260
1198 1199
789 9
93 29
93 74
757 150
1200 539
1179 425
32 1215
422 62
19 32
124 562
19 445
62 69
69 217
69 969
199 190
201 94
199 3
62 217
213 70
1023 206
1202 6000
213 866
70 371
371 4
3 445
203 909
892 1209
26 341
406 1295
70 410
442 190
410 371
866 4
866 70
866 371
213 371
312 645
1203 371
497 1205
67 210
29 1205
212 771
34 771
34 212
215 504
1204 371
166 7
166 140
1206 11
1207 11
1208 410
29 497
1204 1203
442 6
217 11
62 969
725 474
199 203
969 11
301 219
639 928
19 722
199 442
493 219
4 722
10 1808
355 127
355 6
355 70
110 132
628 39
4 355
1168 203
22 124
628 124
90 232
199 62
1210 1476
301 493
363 722
363 4
363 11
28 297
127 202
593 232
759 119
1211 541
145 839
1212 6721
1213 342
425 1215
425 132
1213 410
963 6
963 108
600 288
36 312
312 67
246 1214
1208 213
300 430
11 497
114 617
284 114
1184 35
61 20
6 1184
254 270
8 442
246 245
208 397
1215 533
1208 371
850 436
1208 866
368 263
263 451
1208 70
453 1101
338 311
132 1215
1216 325
3 335
31 946
829 1792
1208 4
1217 1101
961 764
453 1217
21 318
8 190
1218 1219
103 1821
233 68
199 85
533 132
209 284
