7172 7940
1887 1981
1887 1408
167 944
1660 132
2699 814
805 814
1644 1438
1625 2900
885 1438
885 292
1644 19
2699 805
1644 292
2700 814
292 1981
292 1408
2700 805
2700 2699
493 1981
1408 132
1408 1660
1408 1438
1408 19
69 96
519 96
1408 1644
1887 1644
71 22
1408 493
870 1328
1778 486
136 1778
577 79
38 49
70 1778
2224 140
2022 1002
46 1778
1778 6
1981 1438
1887 1438
2701 2704
2702 844
1981 1408
2702 686
844 686
1514 2703
1514 1437
2703 1437
493 1438
1660 1644
292 1438
378 277
1660 1981
629 4418
292 1660
1981 1644
1981 132
284 483
548 2259
2022 3429
1819 348
598 278
1143 278
588 1330
1438 19
1792 571
929 101
493 1644
69 637
1660 1438
13 100
2484 145
243 69
85 297
85 243
101 258
101 85
100 239
445 1340
243 239
243 297
28 1369
741 1384
753 250
2604 485
274 341
100 243
13 69
13 243
13 85
13 101
13 585
861 69
861 243
861 85
861 100
861 13
635 297
635 258
635 239
2705 1133
635 69
861 101
224 87
585 239
585 85
585 101
588 265
585 100
224 265
1369 577
137 348
137 396
1819 137
1614 348
1614 396
1614 137
1614 1819
931 348
931 137
931 1614
239 587
2603 1454
931 1819
2706 2110
452 180
11 1718
1212 246
29 338
905 29
461 116
1008 2258
112 1008
984 374
2707 668
2708 2995
2709 445
180 2710
112 2258
635 243
1595 2427
1176 561
116 2146
2634 1811
2711 1456
2711 406
1070 279
1070 1384
279 1384
637 2427
587 2104
533 587
660 3522
75 2252
637 1595
215 189
1221 974
974 1778
635 85
635 100
498 1871
827 2391
827 1453
2391 1453
73 1720
100 275
541 355
541 378
567 79
567 577
567 136
567 38
11 577
11 567
266 38
266 567
355 378
945 1626
945 71
1626 71
2712 278
2713 523
2714 639
2714 275
2714 336
275 639
639 336
336 275
4 377
164 4
377 164
1431 377
1431 4
86 377
86 164
2104 1520
374 2715
69 2715
2506 1436
1625 29
801 6785
374 69
11 2140
2140 29
325 611
325 967
611 967
628 2140
11 395
35 395
266 3
266 395
266 4
266 588
155 4
635 585
635 13
635 861
1070 391
265 87
1984 1755
832 3515
2716 1421
1984 1853
635 101
136 155
136 79
136 577
155 577
3 136
38 577
567 395
567 588
79 395
79 4
79 588
136 395
577 395
577 588
577 35
885 1660
885 1887
101 1534
101 332
101 24
101 909
101 2562
101 374
2562 1534
2562 19
3 1534
1647 665
1647 1668
1647 210
665 1668
665 210
3 2562
1668 210
290 1172
290 119
2562 79
2562 332
2562 24
1534 69
1534 11
1534 374
1534 62
1534 100
1534 75
19 24
232 945
1534 909
1534 24
1534 332
2562 909
2562 69
2562 11
2562 374
2562 62
2562 100
75 79
1534 19
1534 79
2140 217
2717 202
2717 147
202 147
2718 1669
110 1058
443 0
11 294
1881 425
1607 1852
1852 425
7 2719
0 840
443 840
815 1058
815 110
16 46
585 46
16 35
84 813
84 981
813 981
687 951
1379 671
1720 667
11 2411
46 862
815 325
627 217
974 673
898 974
839 974
839 898
898 673
217 1304
196 2722
2720 635
196 2721
24 94
2721 2722
110 1614
10 185
10 140
52 266
2 185
863 1461
11 185
19 185
140 185
332 374
69 2316
332 909
332 62
79 24
79 69
79 100
19 374
75 374
909 374
909 100
10 294
1852 1887
32 1295
32 2535
1881 1887
1852 1295
1881 1295
1881 2535
1881 765
1379 2391
1115 6
199 40
203 40
272 1314
206 233
1115 203
1115 40
1115 199
21 2723
338 2723
743 388
1922 1115
1922 199
1922 40
1922 203
1922 6
1881 498
233 29
2072 945
945 451
1720 403
278 2072
625 182
2724 2716
1931 2716
1931 2724
11 1671
38 1671
903 1671
903 11
903 38
498 1852
32 903
2562 125
32 1607
1881 1607
903 1852
113 2562
903 1881
2535 1852
765 1852
79 6786
397 6786
2706 445
32 2529
2725 453
1034 1225
2035 974
1163 1133
2726 483
2727 483
2727 2726
2728 635
2154 1225
2729 90
135 596
59 506
2562 266
1993 934
35 52
338 1258
1739 11
747 839
1468 934
1468 1993
2730 278
2154 1034
147 104
173 1300
945 2731
784 35
161 102
161 771
79 243
79 868
79 1066
243 868
243 1066
868 1066
2568 1225
844 9
2732 9
2732 844
149 2733
1797 2047
498 586
2733 388
149 1910
2733 1910
2340 416
552 22
1246 1687
989 541
541 200
541 113
989 200
219 1048
1295 359
1887 924
924 1234
2734 840
1317 2735
201 641
1742 209
1059 39
1819 2322
2736 228
132 885
2349 2527
885 1981
885 1408
885 493
885 1644
275 278
275 945
595 2070
729 147
342 871
1133 1569
7 2187
388 1030
1474 1295
1821 1584
1030 1081
217 168
217 1887
588 2454
168 1887
985 140
812 2625
985 594
2396 271
472 2737
248 871
594 325
140 325
140 594
985 325
832 1997
219 573
219 1610
8 1130
9 59
355 587
520 100
210 1130
73 1130
1764 1647
71 3672
127 617
10 551
19 59
587 617
587 200
19 1130
19 642
929 110
110 32
2329 3356
3 1666
3 642
642 1130
9 1130
9 642
59 1130
59 642
2538 2738
1718 853
239 567
398 422
2277 1906
96 1130
96 642
1017 1002
96 59
145 1625
399 1309
399 22
399 32
39 1309
39 399
145 278
10 381
10 1361
1212 135
34 2363
2739 1096
1179 135
1179 1212
2581 1212
381 1279
135 2581
19 96
94 945
1336 210
6 1421
108 573
979 665
979 209
174 296
79 278
79 945
79 94
573 1610
2740 280
132 2741
1048 573
551 951
551 122
551 0
551 140
551 381
551 1361
551 1279
381 951
551 215
10 1279
215 951
140 122
381 0
140 0
1361 0
0 1279
951 122
951 1279
122 0
960 215
960 2035
960 7
960 1361
1361 124
1361 1595
960 506
1361 1586
215 124
1576 979
1456 574
960 269
960 122
960 217
715 1361
7 124
7 1595
7 396
960 124
960 1595
960 1586
960 1337
960 396
960 2224
2018 2140
2742 1626
124 2224
124 217
124 122
124 269
124 506
124 2035
1595 1586
1595 1337
1010 52
1595 396
2742 278
715 2035
332 1361
1595 124
124 1586
124 1337
715 506
715 269
217 2224
1510 715
1510 960
1510 124
1510 1595
1510 1586
1510 1337
1510 396
1510 2224
1510 217
1510 122
1510 269
1510 506
1510 215
1510 2035
217 396
1510 7
217 1337
217 1595
1072 126
360 132
360 1594
360 443
360 126
360 1072
217 1586
1595 2224
1510 1361
433 62
433 2259
7 62
62 2259
715 1337
715 396
715 2224
715 217
715 122
1595 715
324 2259
715 960
715 124
715 1586
278 548
324 62
1595 122
9 614
2743 210
2224 122
2224 269
2224 506
2224 2035
132 614
7 217
2460 1574
1811 1382
278 1986
215 269
215 506
122 269
122 506
122 2035
4 36
217 2035
2224 1361
637 1322
2497 2028
215 217
1595 499
217 122
217 269
148 279
217 506
2743 614
2743 132
2743 9
1072 443
506 269
1586 122
1586 269
1586 506
2400 145
1343 783
1343 1125
1125 1043
69 221
80 29
80 153
1595 269
1595 506
472 2744
2744 1614
472 1614
1595 2035
1586 1337
1586 396
1586 2224
1586 2035
396 2224
396 122
396 269
396 506
396 2035
1337 2035
2745 1336
1337 396
1337 2224
1337 122
1337 269
2745 228
729 2745
1336 228
1336 729
1337 506
1072 1594
1072 132
1361 418
1361 2403
215 2403
548 62
154 1786
154 241
1718 62
1718 548
499 548
499 1718
1786 241
7 2403
217 2403
0 1887
29 1361
217 418
797 416
85 240
318 240
220 832
422 1253
19 1253
38 1253
38 422
29 2035
132 715
132 960
132 1586
132 122
132 269
132 1510
132 2403
124 29
124 2403
682 359
29 1586
29 1337
2746 68
29 2224
29 217
29 122
29 269
29 960
682 862
29 1510
132 2035
359 862
1595 418
1595 2403
418 29
29 2403
29 715
22 1975
2747 4192
70 2669
70 119
2669 119
815 6
815 11
815 903
815 1671
6 903
6 1671
70 224
443 630
443 1594
126 630
2748 246
2403 122
2403 269
2403 506
67 974
188 482
482 62
132 371
903 371
2749 463
2750 2751
126 1594
126 443
145 6787
945 58
1072 630
132 903
188 62
100 182
430 182
430 100
2403 2035
67 659
418 1586
418 1337
418 122
418 960
418 1510
360 630
1594 630
418 2403
487 1456
418 715
67 149
418 269
2403 1337
2403 396
2403 2224
408 359
201 628
974 149
974 659
1514 1610
757 364
1295 364
418 2035
2403 1510
2403 715
2403 960
2403 1586
1610 117
7 269
468 422
1361 468
1085 422
1085 1361
782 422
782 468
782 1361
782 1085
853 335
395 22
395 19
396 1405
22 567
155 22
19 588
886 38
567 19
853 415
853 2282
853 325
853 1465
853 585
853 132
1870 335
1870 415
1870 2282
73 1594
445 577
2752 228
338 10
436 10
436 338
471 32
80 102
588 80
2753 625
2753 74
2754 1860
555 3547
2755 713
2755 1171
225 1461
2756 2971
2757 1856
10 2753
110 80
110 588
110 127
110 422
127 80
2560 856
422 102
422 80
86 1456
86 206
422 127
974 588
974 422
2500 1595
2500 178
802 1595
802 178
531 7
531 1361
531 1595
1361 178
178 1595
840 325
840 1465
1246 931
41 931
962 86
531 178
555 709
96 531
177 1361
177 1595
177 2500
177 802
177 531
96 1595
531 2500
531 802
3 1361
3 1595
840 585
3 2500
486 857
527 9
3 802
1421 687
588 585
588 853
588 1870
396 657
11 657
1179 657
1179 396
1179 11
4 657
588 1465
29 676
945 4168
1870 325
1530 9
1870 1465
1870 585
1870 132
1870 853
588 335
588 2282
4 1179
562 645
388 2006
2445 388
2445 135
396 2445
688 2006
562 2758
840 2282
840 335
562 644
644 2758
2758 645
278 40
840 415
69 2035
2759 131
2759 646
22 131
131 646
39 135
36 281
36 135
100 281
2759 22
1184 646
281 519
135 519
135 281
39 281
1184 2759
1184 131
2760 2761
2761 2762
39 931
3 1126
3 833
3 571
1126 29
1126 445
1126 833
1126 571
100 124
2760 2762
100 931
124 36
2145 39
931 281
931 36
124 519
445 29
1705 2035
2035 1514
2763 1786
1361 506
269 2035
1534 747
269 1361
1705 1514
1185 641
1185 355
352 355
355 641
1185 352
352 641
352 127
1185 127
1406 74
741 1815
905 730
713 388
79 406
506 2035
2190 1424
19 232
639 232
77 29
2562 505
1614 445
2218 637
557 637
1309 969
1309 3
1309 1660
969 1660
1915 1434
1 1434
557 2218
6 2562
3 1660
805 150
278 2764
1776 2764
585 2282
585 1465
2765 945
2766 1544
415 335
2282 335
2282 415
325 2282
1465 335
1465 2282
585 335
77 445
149 2767
149 2768
2767 2768
2767 278
278 2768
2769 751
0 441
3 441
441 39
278 6788
19 2282
29 571
445 833
77 833
77 571
833 571
441 125
125 0
441 319
1608 7
39 125
69 269
929 1826
548 3
276 908
7 168
7 929
1657 223
1819 908
783 585
871 41
1625 79
338 908
1750 182
1308 276
657 1106
657 276
657 1308
662 1106
662 276
662 1308
662 657
70 1106
70 276
70 1308
70 657
1308 1106
69 1397
2166 471
2770 3048
951 1397
203 600
40 8
40 318
40 600
1115 8
1115 318
1115 600
69 1426
203 318
318 8
1535 1002
600 8
600 318
70 662
1716 6
447 210
149 650
149 2146
447 1202
1716 8
1716 318
1716 600
1716 203
1716 40
1716 1115
2771 3070
928 2265
2302 2516
338 135
2772 135
2772 338
610 1971
13 2773
13 166
2773 166
2773 107
359 637
39 137
1431 101
149 6774
371 243
3 729
16 729
371 588
39 840
292 999
132 999
999 1176
292 1176
2774 595
492 396
305 398
305 974
305 38
38 398
1371 396
690 2562
338 657
338 662
662 311
1106 338
657 311
311 1106
311 70
910 6789
77 1390
578 1390
1390 363
1000 683
2775 818
77 578
639 1390
639 77
639 578
1202 974
639 909
2776 1025
246 290
730 290
414 499
414 200
404 284
146 284
146 404
1657 1169
1657 38
885 281
2446 2816
244 378
11 244
275 161
775 1567
775 1637
3 537
959 1239
22 1239
124 1239
1939 3466
3 1637
775 537
775 222
1637 537
255 59
92 71
537 222
1567 537
1637 222
1637 1567
951 23
1445 23
1115 29
70 2562
1115 1486
1569 635
1440 127
29 1486
2448 2777
145 527
161 92
1486 1718
1718 1115
1643 126
1718 29
1445 35
648 628
2778 32
2778 1344
2778 929
1445 951
2069 348
364 117
348 1295
348 117
348 364
2069 1295
2069 364
747 222
834 1743
1743 388
1170 2779
2038 206
2635 59
2635 1246
2635 6
419 59
1192 1033
2780 3260
38 2546
161 1463
499 1463
1000 378
2781 69
67 3010
419 1246
489 468
1066 468
1066 489
29 1786
215 59
215 1246
215 2635
215 419
2782 9
2782 11
2782 149
1979 2783
2783 209
188 2588
578 588
747 537
1870 1225
6 275
1620 2785
2784 388
2785 1034
3 196
2664 1886
2664 3
747 1637
747 775
1886 222
1886 537
1886 1567
1886 1637
1886 775
1886 3
1886 747
2664 222
2664 537
2664 1567
2664 1637
2664 775
2664 747
305 71
1021 145
1021 0
145 0
305 11
1021 840
19 489
145 840
1184 489
11 6790
29 6790
961 472
2076 122
813 1543
556 854
1984 79
870 2704
1002 2786
2786 1626
2787 2145
2787 39
2788 2789
2790 2789
2790 2788
3 2356
1811 1134
2791 1314
1337 1314
1337 2791
133 1314
133 2791
72 2356
1969 660
416 1527
217 1879
1969 1371
729 414
1343 585
1110 2293
567 2562
155 2562
4 422
4 2562
567 422
2562 395
2562 588
2562 422
422 155
567 62
445 1227
1974 713
1227 243
1227 62
127 2562
127 567
891 669
2219 430
2219 545
2219 62
2219 3
11 2219
1000 430
1000 545
11 543
479 2523
2562 1453
199 1453
1504 2562
1504 199
62 545
1000 62
604 2448
69 418
69 2403
69 1510
69 715
69 960
69 124
69 1595
69 1586
69 1337
69 2224
2562 190
71 2562
1000 2219
1000 11
209 430
219 1534
2792 7
278 1499
149 1499
951 294
1514 1744
1534 73
606 1514
70 1405
154 1198
1595 902
2793 902
2793 1595
990 1198
990 154
115 1465
2794 880
312 19
38 2562
246 77
246 137
246 578
246 1390
1066 1405
1405 217
79 1390
79 862
79 396
79 1227
761 3834
465 29
1066 730
1405 730
22 1227
1984 442
1984 137
909 606
22 396
246 862
22 1984
1390 442
1390 137
22 137
22 578
79 137
79 442
812 4
363 137
862 639
639 79
639 442
1527 2795
396 442
396 578
396 1390
396 1984
639 137
639 243
79 334
79 60
79 185
79 2737
862 442
79 246
79 210
2737 185
639 1227
278 2022
2737 210
2737 334
2737 60
1227 1390
1227 1984
1227 862
1390 1984
1390 243
1390 445
1390 62
1984 862
1984 363
578 62
137 862
137 1227
137 445
137 62
578 1984
578 1227
578 243
422 395
1984 62
363 862
442 77
442 137
442 578
442 1227
442 243
35 606
445 606
137 578
77 137
22 6791
77 1227
945 1931
485 1588
1588 324
2796 1543
813 2796
901 32
818 1610
22 2800
451 2798
2798 1361
378 1625
2799 9
278 2984
1931 1141
2035 6513
570 178
553 651
553 451
651 451
700 208
1076 941
2611 2801
226 73
785 73
785 226
278 217
36 3317
499 2078
785 9
278 2728
2802 278
107 963
963 3
1242 279
759 11
38 759
71 759
1456 2403
765 2403
506 826
642 826
305 759
1361 419
1687 206
2259 206
2259 419
2409 419
2803 1103
133 206
419 133
419 1337
2409 206
1337 206
1739 309
639 1021
320 132
320 2282
320 1021
320 639
246 2282
246 320
639 2282
726 1132
726 748
1132 748
22 2282
2804 424
403 2804
4 2804
4 403
729 502
729 625
1258 1984
249 849
115 415
56 2143
1440 4
1440 38
2805 80
140 2806
2807 894
937 894
937 2807
59 1440
213 983
213 378
213 1440
983 378
983 1440
378 59
378 1440
983 59
330 551
278 2014
207 200
2808 1444
669 1225
230 4599
59 4599
59 230
2349 75
1601 388
81 100
81 56
1475 217
24 56
24 81
471 2169
671 1915
2809 225
2810 232
2740 232
2740 2810
486 135
486 309
135 59
716 1824
135 309
424 2349
2349 198
177 826
2811 4380
422 577
2259 537
258 577
62 577
486 59
196 395
862 395
25 968
537 132
968 495
4 968
2812 473
2812 687
2812 610
2812 2813
2813 687
2813 610
1234 315
1234 19
338 36
334 36
125 2813
334 19
36 969
36 315
36 19
473 687
473 610
473 2813
125 1380
2812 200
2812 1380
200 1380
200 473
1380 473
2812 125
473 125
2813 1380
687 1380
610 1380
2813 200
826 255
826 178
255 39
255 506
255 642
178 205
1431 39
1984 1778
177 642
2814 255
2814 178
178 506
2814 39
2814 1431
2814 506
2814 8
2814 642
2814 73
2814 826
2814 205
178 642
205 642
205 826
1431 506
1431 826
1431 642
177 1431
205 506
826 39
39 506
39 642
177 205
577 397
567 258
567 397
1431 186
1431 1783
186 1783
186 2814
186 177
1783 2814
1783 255
1783 178
1569 941
1783 39
1783 205
1783 177
1783 506
1783 642
1783 73
1783 826
177 2814
1783 8
186 826
186 642
48 127
222 48
462 784
1657 885
186 73
2411 90
186 255
186 178
186 39
186 205
186 506
186 8
2815 2674
3 2816
72 1682
510 1682
1682 282
510 72
72 282
510 282
255 10
255 984
1014 1742
1014 136
1014 669
2816 10
1742 606
255 452
255 2816
1742 136
2816 519
115 741
32 1184
32 962
32 931
967 669
1184 46
1215 46
967 35
967 931
115 840
1614 741
1614 840
1614 115
1184 741
1184 840
1184 115
967 1215
967 1331
967 46
967 1184
967 962
519 984
2754 1786
230 199
414 72
414 479
2138 222
1595 305
829 6792
385 6792
385 829
84 13
101 2663
2138 29
71 1595
222 29
255 479
255 414
2816 452
2816 11
10 984
2816 984
0 984
0 2816
11 984
1874 6793
452 984
9 217
1361 102
178 59
1202 59
1202 178
967 264
264 1941
1941 397
1941 967
264 397
1225 468
1030 348
278 185
102 185
2817 2828
2297 1000
429 3
429 70
429 11
26 388
75 429
35 1534
1534 116
1514 2471
1184 931
1786 941
962 931
931 35
931 669
46 669
1215 35
1331 46
1331 931
46 962
46 931
35 669
1072 338
1225 929
1225 1450
215 2818
1514 539
539 606
539 2471
606 2471
945 2824
550 951
383 104
19 1595
2150 1595
2150 19
2568 1595
630 1820
36 71
436 71
436 36
371 278
2568 2150
2568 19
2312 371
2819 224
2819 87
718 916
1565 833
1380 833
1380 1565
1729 805
1380 1215
1215 1565
1066 3596
2820 2229
833 19
833 1215
132 1820
818 84
831 2821
1564 58
406 533
2822 1751
485 1143
217 671
556 2025
2025 25
2025 24
24 25
556 24
892 1820
1226 669
1819 168
1819 345
1819 1778
1380 168
1380 345
1380 1778
1380 1819
2322 2823
1565 19
862 854
1910 1609
1910 284
1910 73
284 1609
75 1625
1625 2349
862 209
16 854
16 209
207 332
1009 2091
1620 489
209 854
585 854
1979 854
1979 3
585 209
854 3
1811 592
686 1811
1811 140
772 138
595 665
2825 2356
2825 278
225 1890
388 462
2826 278
1609 628
1819 657
2827 342
898 1744
599 228
2264 2826
25 951
25 173
25 284
2022 2148
961 653
284 4
1234 969
1234 334
2329 1101
1349 29
2331 255
168 199
17 225
533 1714
6 296
168 6
168 864
168 411
177 59
177 1130
6 864
1244 59
1244 1130
806 6794
203 2131
1326 38
1326 6
1326 2131
1326 203
6 1515
38 2131
1862 2349
826 3
2829 346
2829 29
346 29
2131 8
2745 1272
2745 2677
2677 1272
903 669
903 1456
137 1372
1356 1372
1356 137
206 533
1786 398
2763 870
2830 50
2831 1431
1786 974
2832 1212
1163 336
556 1819
556 276
219 934
2833 2433
46 173
9 1657
6 910
124 2745
1113 2563
153 2834
2834 628
1456 2445
135 2832
574 1209
574 312
2701 1527
840 74
2835 161
2835 34
2835 116
1786 1076
367 946
381 2035
2327 2035
641 1657
312 10
10 1209
2008 2606
312 1610
502 1947
312 1674
1002 46
1449 471
837 136
1215 6
1215 199
1215 70
2836 2043
2836 541
362 2837
1808 1819
2838 2533
1 732
758 2043
2839 499
411 864
2836 17
2836 758
2043 17
17 758
2327 381
283 125
209 101
209 742
209 1620
209 1225
209 454
38 279
38 815
38 415
38 246
38 1916
209 246
209 415
209 815
454 132
454 815
454 415
454 246
38 396
454 742
454 1620
454 1225
209 279
454 1916
38 742
38 1620
330 742
330 1620
330 454
330 209
957 1043
957 246
396 1620
330 815
38 454
1916 742
1916 1620
2669 627
2669 1435
396 742
742 1620
152 16
246 815
101 815
1916 815
415 815
862 222
862 34
815 132
815 279
1620 246
1620 101
1620 415
1225 742
1225 1620
1225 815
1620 815
1620 279
396 815
742 132
1620 19
742 279
742 815
742 415
742 246
742 101
1620 132
742 19
1073 1502
945 985
978 375
1244 974
1244 989
2840 1115
2841 2417
430 2417
430 2841
833 649
649 1463
833 1463
235 1130
2842 108
2842 1048
71 1052
617 219
34 974
1098 132
1098 279
1098 19
1098 815
1098 415
1098 246
1098 101
1098 1916
1098 742
1098 1620
1098 1225
1098 454
1098 209
2356 485
635 2356
2483 957
196 388
1098 38
1098 330
2356 2710
2710 635
278 2710
485 635
485 2710
10 1674
574 1674
606 22
1425 1971
616 1425
1227 891
1227 1908
2843 1908
2843 1227
19 1908
19 2843
891 1908
891 2843
1391 131
2353 131
2353 1391
110 445
606 32
22 2744
2744 36
2744 11
862 422
1361 70
1361 378
1361 75
1361 34
332 378
332 2035
6 2035
332 1595
332 215
1595 378
378 34
215 378
2035 70
2035 34
598 1337
2394 1337
2394 598
308 712
308 2394
308 598
308 1337
712 2394
712 598
712 1337
1209 2394
1209 598
1209 1337
712 1209
969 430
864 36
338 430
430 334
430 315
430 1234
627 29
864 1234
864 430
862 110
627 11
1685 815
422 552
1115 12
552 445
552 110
552 3
552 862
258 110
258 862
258 552
1390 1101
338 1101
2501 278
2844 273
34 461
166 2035
243 1887
200 1887
1625 246
1625 1105
1625 266
1625 1392
1625 166
1625 332
1625 1361
1625 1595
1625 215
1625 2035
1625 11
1625 70
243 200
332 110
332 1192
332 198
1625 110
1625 1192
1625 198
1887 11
1625 498
1625 34
110 1192
110 378
1314 651
628 429
110 2035
110 198
110 246
110 1105
110 1392
110 166
110 1361
110 1595
110 215
110 266
1361 166
839 2789
1392 2034
29 775
48 37
406 1002
423 3131
2845 2034
2845 1392
574 107
1916 359
847 6
1610 574
10 574
10 1610
2185 847
1474 378
1474 75
1474 70
1361 498
1361 198
1361 266
1361 1392
1474 215
10 1824
1474 1625
1474 110
1474 1192
1474 498
1474 198
1474 2035
1474 246
1474 266
1474 1392
1474 166
1474 6
1474 332
1474 1361
1474 1595
1474 1105
1192 498
1192 198
246 378
246 75
1105 266
1105 1392
1105 166
1105 332
1105 1595
246 2035
246 215
246 1595
960 1468
960 441
548 960
548 1468
548 441
1636 960
1636 1468
1636 548
246 266
246 1392
246 166
246 6
1636 441
1105 378
1105 34
1392 2035
539 335
1392 215
1392 70
1392 75
1392 34
166 332
1392 378
1392 1595
1392 332
266 1392
266 166
246 741
266 332
266 1595
266 215
266 378
1392 166
1392 6
266 2035
246 1105
11 2846
1192 70
1192 75
1192 34
498 198
498 246
498 266
498 1392
498 166
498 6
498 1595
498 1105
498 215
1192 215
1192 246
1192 1105
1192 1595
1192 266
1192 166
1192 6
1192 1392
1234 36
498 2035
198 1595
198 215
198 2035
198 11
198 70
198 378
198 34
198 75
843 2050
198 6
498 70
498 378
498 75
198 246
198 1105
198 266
198 1392
198 166
570 1647
570 296
1647 296
29 1647
2847 1647
2847 296
2847 570
29 243
2847 29
29 515
2848 524
2291 524
2291 2848
29 963
29 127
38 201
38 963
108 217
108 515
396 963
396 515
396 201
108 201
38 224
38 217
38 515
38 243
127 201
1218 7
278 1218
127 963
1314 916
1287 916
1287 1314
124 419
306 149
519 419
1888 19
1925 496
887 1554
887 1059
1554 1059
2100 116
628 27
222 506
1076 6
844 1647
108 17
753 1647
9 1647
9 753
2296 6
2296 147
753 844
578 2854
1101 2852
2849 1394
2850 165
2429 1394
2429 2849
75 168
2851 2852
2851 1101
217 515
729 1394
588 515
515 243
6 243
729 2849
1514 325
482 352
530 1215
138 577
138 1369
468 38
1887 38
866 38
2853 3167
1367 140
1659 140
1659 1218
1367 1218
6 117
136 515
945 6
201 136
201 217
201 588
101 145
6 585
117 3
117 246
201 224
201 963
201 515
201 6
201 243
127 217
963 243
963 515
224 963
784 22
984 2140
963 217
963 588
951 570
265 741
1514 945
945 974
7 1025
1025 371
570 355
1813 1925
655 1361
2818 1361
2818 655
2855 2856
1797 69
84 74
451 729
718 592
817 505
2662 817
217 1859
459 217
2842 573
1030 577
2112 22
2842 219
2857 1811
1025 1664
1664 718
1664 371
1664 2259
1664 7
1664 592
1025 718
718 371
718 2259
14 7
1685 14
1984 338
2604 1685
2604 14
979 2282
2858 133
974 1043
2859 22
772 75
772 424
2859 39
1576 2282
2860 485
2411 2249
2411 833
2249 833
1361 2860
2861 272
136 1792
1820 506
59 1820
2861 651
2008 985
100 3568
2862 173
2863 1811
48 306
48 149
764 311
1614 2436
2008 915
870 5022
915 1200
1158 209
974 2864
240 145
1265 19
1265 1648
628 1371
974 113
2864 135
2864 113
570 4
2728 2072
2072 635
974 1158
974 506
1158 506
209 974
1549 209
854 1870
1246 103
1390 102
1543 427
635 2900
1776 2900
1520 2869
2865 135
2866 2867
354 2867
354 2866
2533 2867
2533 2866
2533 354
2868 2201
2869 2098
642 1202
1244 642
642 498
642 1887
1202 1887
1893 3
241 10
75 627
948 1204
948 1113
1204 1113
587 415
136 419
115 2870
489 246
2349 280
901 137
901 1729
241 3
2871 2349
940 161
940 6
2871 280
2562 1783
2642 13
1698 278
72 2297
235 70
199 588
215 1336
235 687
2134 319
2134 570
2134 3
2134 29
2106 319
2106 570
2106 3
2106 29
2106 2134
1893 642
2872 209
957 2873
1468 2394
1989 2394
376 217
1989 1468
1057 1989
2874 2394
2874 1468
2874 1989
2874 1057
1057 2394
11 1274
230 1274
145 445
2747 926
2875 4631
24 4631
599 493
24 2875
599 864
338 219
864 493
864 219
1173 1081
219 1887
2871 2264
135 1259
135 2008
135 69
1259 2008
1259 69
3 1259
69 2008
3 2008
70 1259
70 2008
329 1259
1304 2822
2568 182
2201 2289
2201 2290
329 2008
103 2878
1657 969
611 1822
611 2635
1822 2635
125 315
1356 2877
136 1246
136 866
2876 2877
2876 1356
1070 161
185 402
542 1371
75 4011
763 840
763 1252
1483 485
4 967
1549 73
1549 757
1887 757
329 69
329 135
2879 335
1877 2880
485 930
348 518
348 785
348 67
984 430
2881 785
2881 518
1434 665
22 2882
4 665
219 1434
219 4
4 1434
1554 2883
1554 1751
2883 1751
785 518
2884 903
2884 126
2881 67
2885 49
2885 545
545 49
587 650
587 34
75 650
650 127
650 200
2881 348
240 3
240 70
240 329
240 2773
240 62
587 1259
587 2008
240 135
587 69
587 70
587 329
587 2773
587 62
587 240
0 1259
587 135
0 2008
240 69
240 1259
329 70
2773 1259
2773 2008
2773 69
2773 135
2773 3
2773 70
240 2008
2773 329
62 2008
62 135
62 329
62 2773
62 1259
711 69
711 135
711 3
711 70
711 329
711 2773
711 62
711 2008
711 240
711 0
711 270
75 1811
35 1811
711 587
0 135
711 1259
270 587
0 329
0 2773
0 240
0 587
270 1259
270 2008
270 329
270 2773
270 240
100 1045
71 985
71 1045
985 1045
2112 1208
52 1208
278 1817
100 71
2886 2226
539 78
78 468
2887 280
127 1874
1637 3422
2487 406
406 422
1984 217
52 2112
3 665
545 665
416 2688
80 468
2698 359
2888 270
2889 974
862 2889
270 2890
2890 2888
2890 1609
2888 1609
80 78
209 468
2293 1374
1030 6795
1184 1565
1565 840
1565 741
617 1416
541 209
541 80
541 539
541 78
80 325
661 1578
325 78
209 539
209 78
80 539
1631 388
1631 713
2732 296
182 135
182 415
312 289
308 289
207 1915
13 266
11 1744
1279 1204
2891 541
588 232
588 541
588 2891
232 541
232 2891
2636 381
12 409
2001 1369
2033 1819
416 278
412 416
2892 456
2892 1202
2892 210
2892 8
8 456
1202 456
918 2893
2893 605
116 2010
456 210
2100 75
2341 278
461 3317
3 184
246 881
281 881
388 2894
388 625
2894 625
1061 640
2470 319
688 2470
1910 2470
1061 72
3 1158
570 1626
2458 570
149 6013
881 3137
533 1669
119 903
923 168
661 2895
442 2895
0 335
70 2991
2606 2991
2606 70
228 1954
1822 2896
2897 2565
62 635
385 168
385 923
1109 542
989 761
761 255
761 217
217 255
1890 297
427 297
427 1890
2898 253
1112 108
139 168
139 923
1070 108
2666 153
2666 168
1112 1070
2666 923
2666 139
694 153
694 168
694 923
694 385
694 139
694 2666
2666 385
1934 398
258 758
258 903
3 345
1778 3
1465 198
856 1465
75 903
75 758
75 462
758 903
984 1122
2899 1925
757 2004
758 462
951 2846
145 1609
1609 2114
145 2114
903 462
35 2846
276 1227
363 276
398 396
398 276
398 363
1934 396
1934 276
398 1227
1697 665
637 1999
2693 6796
945 468
1536 2900
224 1369
1100 1301
149 468
600 1890
99 1556
35 386
46 386
2901 282
2901 7
482 687
427 157
628 147
1514 665
942 687
62 951
1669 805
1669 1184
1669 1565
1669 115
1669 840
1669 132
805 1565
1570 59
1669 741
1252 1215
698 1100
79 71
1110 2780
2004 1025
533 278
2669 450
2512 278
338 2902
210 2902
210 338
2832 1405
2258 2902
2258 338
2258 210
1405 1212
1068 1778
1068 168
1352 854
1744 127
1744 1558
135 1405
157 2834
157 2903
157 642
157 1890
157 1171
157 6797
2834 2903
2834 642
2834 69
2834 1890
2834 1171
359 276
659 642
659 69
659 1890
659 1171
659 6797
2834 6797
642 2903
1890 2903
1890 642
1890 69
116 1101
4 1101
2903 69
9 2904
75 2904
288 2904
86 288
86 9
86 75
86 2904
146 75
146 2904
2903 6797
642 1171
642 6797
659 2903
2903 1171
146 86
75 288
659 2834
2905 2906
283 3
283 29
73 625
1520 824
617 329
2336 112
11 937
135 72
135 239
239 72
2907 2908
1655 1371
68 1655
659 157
510 1113
224 3194
937 127
2909 6798
1084 406
69 1171
1890 1171
802 100
1685 2500
1685 59
1685 100
2500 59
2500 100
660 1465
660 2282
660 102
1465 1714
1625 1862
1714 2282
1714 102
1361 100
3 1685
59 1361
1465 102
2282 102
866 857
1602 1392
1002 5062
2730 1884
1510 2910
1246 75
206 730
2732 145
2732 6
785 2911
2911 1246
2911 75
785 75
69 6797
1809 102
7 945
1456 1556
1456 2637
1456 945
945 140
1890 6797
1171 6797
1815 582
1815 68
582 68
1456 1809
1520 1815
1456 660
1456 1714
1456 1465
1556 1714
1556 1465
1556 2282
1556 102
2637 1809
2637 660
2637 1714
1556 660
2637 1465
2637 102
1809 660
1809 1714
1809 1465
1809 2282
2637 2282
660 1714
1556 1809
1456 2282
1456 102
669 1556
126 610
669 2637
839 3201
161 3201
1556 2637
1085 2965
669 1809
669 660
669 1714
669 1465
669 2282
1777 1743
1777 1492
1777 564
1492 564
834 564
834 1777
516 136
396 606
396 962
1229 3852
396 516
669 516
1777 388
564 1743
516 606
1492 1743
318 84
318 2810
84 2810
519 1002
1158 132
1158 730
498 1309
498 730
77 1158
1887 1158
1309 1158
1158 498
1302 1703
530 487
3 730
487 2518
1584 2912
962 606
77 1309
1887 77
1225 100
77 730
585 266
585 348
896 543
896 1088
896 462
896 1184
896 266
896 348
896 6
896 445
348 445
348 6
348 266
6 543
6 1088
1184 266
445 543
445 1088
1184 348
1214 2336
228 133
941 1424
732 639
941 1625
1685 122
392 606
1105 122
4 1406
348 462
348 1088
348 543
885 115
1338 115
1338 885
217 628
1819 19
341 97
432 315
432 338
560 5899
432 334
462 1088
1184 543
1184 1088
1184 462
266 543
266 1088
266 462
585 1088
585 896
506 452
1246 431
585 543
1088 543
1862 406
227 1456
937 406
616 270
616 1397
270 1397
32 1870
539 1610
539 963
963 1610
378 150
348 1669
960 260
514 453
29 1870
505 1397
1397 1515
1515 2637
1515 616
1515 270
1397 2637
2637 616
11 1049
2913 2915
1267 278
278 282
1267 282
78 1456
505 2637
505 616
297 732
2914 132
840 348
561 2546
206 979
78 979
78 974
78 206
29 815
29 209
29 139
29 32
115 1456
29 840
29 1890
29 974
1890 840
2637 270
1890 1870
588 833
1979 127
1426 730
1979 270
290 430
1943 2695
761 1227
775 213
912 161
1649 2695
1823 1870
724 1338
974 724
1101 1392
1872 886
974 338
974 815
85 193
1338 974
1392 10
1101 10
2745 2157
2264 145
1280 730
11 832
1331 729
2916 945
1669 1614
2917 471
32 1890
291 2773
1066 345
72 942
108 757
480 2259
2329 1141
2918 2259
1889 849
2081 2553
454 833
1331 210
903 1604
2178 2282
335 967
2694 42
1331 209
2178 415
2918 480
1559 2917
2178 335
1586 260
505 1515
7 974
639 567
639 155
503 2673
2561 2673
7 815
2919 10
260 1361
124 260
588 840
2161 67
2178 1823
2551 108
606 168
606 1778
1887 3515
2161 71
1595 260
348 805
2920 1246
764 1246
764 2920
2551 574
863 3515
67 1170
286 2921
180 1227
452 2922
887 278
423 447
1906 12
230 1509
1776 2072
1714 1653
1653 698
840 1870
1870 209
1870 139
348 115
1870 7
1870 338
1170 1372
2923 133
595 50
1504 2397
1633 1669
863 1887
929 243
1456 312
1410 6799
2924 6799
398 2038
2924 1410
1685 2927
246 729
2038 989
1509 1514
2925 2927
2926 661
2925 1685
1890 139
637 2008
1215 1058
132 1823
1890 7
189 67
2914 840
2914 348
2914 1669
2914 1614
1890 209
1890 815
135 1379
278 132
2928 284
979 1456
1890 338
1890 974
7 2843
74 454
1148 32
1148 246
1148 29
1148 40
1148 1331
348 34
1148 471
1148 1983
1148 729
1148 210
1148 209
2100 73
396 260
314 1509
2644 2833
1000 2411
974 1509
71 2637
2784 1172
230 1514
1633 1614
1633 132
1148 132
2745 1430
73 1446
2929 132
2533 325
132 1331
40 471
32 1983
2930 59
1983 40
471 1331
40 210
32 729
32 210
228 364
1507 270
1507 100
471 1887
132 1637
73 565
729 209
1983 1331
2178 1870
1983 471
1637 2282
1637 69
1637 19
1637 415
2356 1933
2356 2932
150 17
1823 335
2178 840
1983 29
2178 588
1983 1887
1130 430
8 278
150 243
974 2931
565 1326
565 747
2533 471
797 502
278 1326
17 119
747 415
126 150
669 533
974 533
19 892
2931 533
70 1326
40 1331
150 588
150 124
539 17
3 440
2931 669
1565 2931
1565 533
273 1851
1565 669
1331 29
1331 1887
278 565
1595 100
210 1983
729 29
729 471
395 74
1933 2932
69 415
732 100
462 1614
86 278
646 625
86 1326
74 173
86 747
40 209
325 69
308 892
747 519
209 1983
418 260
150 119
150 492
335 80
127 1595
127 732
1017 376
729 19
209 471
2282 69
19 1983
2933 2259
209 1887
720 150
127 100
729 1983
2934 588
929 1983
588 720
123 1017
1468 2568
765 80
765 17
1823 1465
1823 325
1823 2282
1823 585
486 116
330 150
1514 982
1823 853
2935 3
364 222
1887 29
419 222
2178 853
25 52
2310 902
29 40
1355 2936
2178 325
209 139
139 338
139 815
209 338
193 275
1225 359
193 100
974 70
132 2147
974 108
17 2939
272 1192
330 2939
150 986
150 49
2178 1465
2178 585
2178 132
986 49
986 9
67 986
150 67
1002 1077
246 348
228 222
228 419
587 540
2937 715
2762 3820
2938 3820
2938 2762
2939 124
925 775
2939 588
2391 2175
2175 19
2391 19
23 1949
127 270
747 2282
747 132
80 17
2931 132
378 925
786 628
11 925
747 325
1823 415
244 94
2939 126
2939 150
2939 720
1697 325
217 439
325 17
2939 243
2939 119
2939 492
1012 2940
2941 1355
2941 2936
230 974
314 1514
135 1514
1942 864
219 132
219 1559
2290 989
1942 1559
132 1559
1942 132
1685 96
1630 2942
1811 1939
1685 177
1811 1946
1939 1946
1942 219
2645 317
112 6800
3 1559
1559 493
1559 864
1025 10
32 864
32 1559
989 1283
959 70
314 9
1085 864
1283 2290
7 338
7 209
7 139
32 815
510 502
32 139
32 7
1685 531
75 543
1685 178
1887 2939
1887 1942
1887 1559
599 1559
599 1942
2022 856
864 276
864 1215
75 388
1041 415
700 415
2942 1657
1657 1630
1685 1595
2939 864
1942 2939
2939 3
252 486
596 126
2939 219
2939 132
2939 1559
2939 493
512 388
599 2939
75 2408
318 640
318 280
1870 815
10 220
805 1633
149 481
318 2740
2740 640
815 840
1041 198
32 1942
471 1877
951 2397
2397 199
32 2939
1009 399
17 399
17 87
115 2914
11 2397
209 840
2810 280
280 640
140 2408
959 133
840 338
215 2408
700 1041
70 133
70 209
2943 489
388 2408
1085 1887
1246 135
543 2408
230 314
198 700
840 139
840 7
805 2914
100 150
198 415
22 133
974 133
133 209
133 132
2810 640
1215 1942
2944 82
1215 219
1215 1559
1215 493
205 904
999 2945
39 904
999 166
1396 2945
1396 166
2945 166
826 904
96 38
334 96
209 9
209 96
334 38
8 904
642 904
999 1396
1614 2706
1431 904
548 10
961 894
19 1942
989 1509
1106 79
19 2939
989 1514
1514 9
1514 362
1215 276
1215 599
1202 827
989 314
827 8
2814 904
1215 1887
1215 2939
1514 979
715 260
1000 13
19 1559
2187 5250
276 1559
1184 2914
276 493
2946 5250
1184 1633
2947 989
989 9
230 979
2946 2187
1283 2947
885 1178
600 1874
989 979
230 362
989 362
983 153
115 1633
318 153
230 135
805 1614
1509 362
1509 979
1509 135
2948 1314
1862 942
1134 56
58 102
1510 260
2486 2659
209 334
276 1942
600 153
989 230
301 951
8 209
276 2939
1559 338
7 909
1361 60
199 585
4 272
2949 182
388 1173
1823 840
979 135
85 1361
7 805
60 272
1633 2914
32 23
232 3
291 2950
232 161
314 1163
1626 1625
161 3
1246 23
979 314
415 6801
1823 588
909 805
314 135
85 272
314 362
170 84
7 585
338 1215
2951 439
2248 430
2951 217
7 2397
427 659
210 481
7 1504
2952 3
515 661
2688 1931
199 909
9 979
246 1614
399 87
951 2140
2397 909
840 853
751 87
173 1362
201 150
362 135
38 276
22 489
2953 108
805 1504
308 270
348 73
338 2939
2140 3
940 1002
1633 840
1633 348
2954 2784
628 456
338 1942
2688 67
2688 155
2955 67
2955 1336
38 1198
2955 155
2688 1336
217 630
138 362
1815 313
2003 2292
1148 217
155 77
1148 292
1699 1644
1148 442
1336 155
122 1267
630 1148
716 230
1337 2003
38 864
2956 1385
1803 2510
445 663
32 833
4 486
3 663
122 2292
628 2154
1337 2292
1337 381
67 155
67 1336
138 909
2620 1862
26 650
1803 1408
4 1507
630 442
447 217
628 1225
1225 1507
1337 1267
32 1507
1699 849
989 1887
147 255
2088 1564
2732 255
1847 1564
1847 2088
2732 147
155 396
200 77
200 155
765 1148
765 1214
200 79
765 442
1267 11
445 1122
1198 909
505 588
567 102
492 505
124 505
1820 588
1820 505
1820 492
1820 124
292 1214
1214 630
1214 442
1214 1148
499 2781
570 2781
75 362
2264 2340
1699 833
147 318
101 318
6 1198
75 1198
330 505
217 423
505 430
567 77
6 362
423 1214
1644 833
944 190
1198 159
944 85
2957 452
313 209
423 630
330 1820
217 442
423 1148
1002 1456
292 442
215 238
363 481
73 2955
1198 362
8 2100
548 904
548 364
1331 10
548 419
1331 74
372 419
904 419
548 372
73 1336
941 2960
1157 1504
448 1504
285 587
2958 1463
2959 140
1925 2959
839 1463
839 957
2030 170
278 1574
278 2688
839 2958
2958 957
73 155
362 145
2100 102
2960 278
362 909
2961 1892
362 159
552 2307
73 1574
1030 2962
285 2962
1000 19
1225 1568
80 1809
2962 587
1157 74
1504 74
2620 2967
909 2436
388 6098
2306 388
639 515
73 2688
520 332
73 102
1157 448
153 292
520 2840
332 2840
1331 552
1331 2307
266 617
933 395
933 938
442 74
909 159
395 938
2340 398
2264 398
4 938
442 10
606 174
631 281
2307 10
631 1942
150 78
2963 570
6 174
436 62
2307 74
631 301
301 1942
301 1887
301 1126
1126 281
301 281
1942 1126
2140 1058
281 1942
631 1887
145 159
222 1891
8 640
631 1126
145 909
1925 140
150 205
145 1486
552 442
2964 3260
471 161
155 1574
278 155
19 2965
2965 325
292 1226
278 2955
559 74
278 67
278 1336
292 1568
102 2688
2307 442
909 1486
552 74
1336 1574
102 1336
102 1574
102 2955
567 200
1486 362
102 67
559 1504
552 10
559 1157
238 2206
238 455
215 2206
1184 498
937 215
937 238
215 455
284 2966
1817 1163
455 2206
7 2966
2408 1218
864 56
493 56
1817 2697
1817 2011
1002 2011
833 849
1887 56
1163 6547
937 2206
937 455
2966 288
338 56
371 1218
371 2408
70 445
1191 53
2688 2955
436 126
833 1206
895 325
486 716
2011 2697
2003 140
2003 1267
1101 173
1574 67
1574 2688
669 75
1574 2955
1002 1817
720 177
150 177
2567 222
482 1081
1361 937
1361 869
215 869
577 80
222 1684
2567 1684
833 1643
221 796
448 74
1198 1486
395 2968
205 4835
19 1009
296 4014
32 2197
1595 2562
2150 11
1626 29
869 2206
381 1267
869 455
186 59
2704 2815
11 2521
26 1115
289 716
2292 1267
869 238
289 230
289 486
1361 455
243 513
513 258
160 239
2150 2562
1361 1267
1361 2206
869 937
1361 238
981 19
562 2978
2969 648
2969 2504
2970 1595
304 1983
1052 1983
1052 304
2971 406
2971 1002
519 2111
22 2403
252 527
252 8
2111 2663
519 2663
2972 862
249 527
249 8
249 252
173 222
350 22
292 71
292 904
292 338
292 2975
292 350
292 2675
292 1942
22 904
22 2975
22 2675
22 1942
292 219
224 758
904 758
761 166
219 34
22 80
22 281
224 17
338 562
818 53
1935 1931
319 1742
1519 2699
9 147
9 188
84 631
1030 79
492 631
170 58
1076 2066
32 80
2403 80
178 631
1328 1225
2403 32
1647 147
51 631
147 188
1499 2045
217 2045
59 2045
59 1499
59 217
1519 2700
2403 281
79 631
7 75
510 75
592 75
1832 527
479 1832
281 80
1326 784
71 904
260 77
260 102
260 38
452 1309
452 40
260 155
260 79
224 1971
1971 758
1971 904
1971 506
585 452
260 3
260 567
2973 1508
2671 1508
486 396
486 79
486 260
486 3
486 567
486 77
1014 833
758 506
904 506
67 2974
350 71
338 350
338 2675
2675 2975
2675 350
219 2975
338 2975
219 350
2975 73
2975 3
2975 1942
2975 56
2975 1887
2975 350
1887 350
904 1887
904 56
71 2975
71 2675
71 1942
71 56
71 219
71 1887
904 219
350 904
904 2975
904 2675
904 1942
1887 2675
1942 56
224 904
506 224
1971 17
350 73
350 3
350 1942
350 56
903 3853
219 2675
56 2675
678 1448
56 73
2675 73
2675 3
2675 1942
73 1942
713 2979
374 1822
11 1053
278 125
2411 188
1053 188
2976 2735
1504 150
278 35
556 577
1053 2411
1714 381
381 34
371 2500
1424 3109
577 2310
29 1070
11 1070
2310 397
77 835
1683 215
1683 718
255 617
217 1126
96 1694
101 182
166 182
1328 2620
1943 155
831 155
297 1173
84 716
84 641
716 1657
716 641
1943 831
555 381
2019 2977
2019 904
2019 1104
2019 648
2019 2978
2019 10
2019 555
2019 1714
2019 381
2019 34
279 2977
2019 279
279 648
508 35
279 2978
279 10
279 555
279 1714
148 732
279 1104
279 381
112 34
112 381
631 2019
631 279
631 2977
631 904
631 1104
631 648
631 2978
631 10
631 555
631 1714
891 246
433 131
631 381
112 2019
112 279
112 2977
112 904
112 1104
112 648
112 2978
112 10
112 555
112 1714
631 34
555 1714
279 34
2977 904
1504 100
555 648
555 2978
555 10
648 2978
648 10
648 1714
648 381
648 34
1104 34
2978 10
2978 1714
2978 381
2978 34
10 1714
729 1430
1104 381
1104 555
2977 1104
2977 648
2977 2978
2977 10
2977 555
2977 1714
2977 381
2977 34
904 1104
904 648
904 2978
1104 1714
904 10
904 1714
904 381
1104 648
148 265
148 84
148 11
148 1504
148 951
1104 2978
1104 10
617 205
19 2403
831 1446
3 2403
831 1431
1491 73
1491 625
831 157
831 150
396 355
2819 136
2819 355
427 150
157 150
1431 150
1431 427
1446 150
1446 427
1446 157
2819 396
127 631
1002 378
2979 2980
2980 713
2057 631
3 631
2981 73
39 1255
2982 815
2982 395
2982 11
2982 3
815 395
149 78
294 78
881 73
75 415
974 1157
388 1031
73 1031
182 170
355 136
2725 929
3 837
75 837
502 718
1014 135
665 22
665 422
199 1101
199 205
665 281
2652 170
646 648
131 648
69 179
179 97
155 199
665 32
567 199
665 80
937 1657
937 1369
1657 1369
77 199
161 1574
2166 1225
1033 1113
1815 2015
665 630
665 1887
1340 630
1340 1887
1340 665
665 661
984 388
984 1030
220 4511
364 1423
2984 3936
1931 635
2925 2434
1371 7
1371 1361
1371 1337
2710 1950
635 1950
2041 3223
102 2562
2403 1887
690 1744
1065 1279
1887 630
635 1786
2260 189
1274 1066
1931 1786
669 2562
690 207
133 2767
133 729
2767 729
2356 1950
133 149
1065 543
77 6
2985 388
149 2985
665 2403
2986 2356
665 132
671 1887
268 1450
207 1744
567 135
19 1340
19 630
671 661
671 1340
2394 1734
671 630
155 2403
155 132
3 669
3 363
243 665
2349 29
25 73
243 155
281 1340
1148 1085
951 1176
951 363
281 155
281 243
294 1148
294 217
989 222
1514 814
294 442
1085 765
1085 423
1085 1214
1085 630
406 1163
2403 243
533 335
1734 127
294 630
294 423
2032 388
2032 29
2032 1657
294 1214
29 1657
281 630
294 1085
294 765
388 1657
39 1176
1379 2492
468 335
243 3
243 80
711 9
2987 9
155 80
1499 224
155 671
1887 155
155 661
155 1340
155 630
155 665
2987 3
2987 711
854 1176
854 11
854 669
854 19
854 363
854 951
114 445
243 422
243 671
243 661
243 1340
243 630
951 114
114 854
114 132
114 1176
114 363
1340 3
1340 80
1340 32
1340 22
1989 2568
1206 246
2988 177
1340 422
1989 2150
2403 661
132 671
422 671
2989 29
2989 11
422 661
292 209
278 2990
206 292
281 422
281 671
281 661
1340 2403
1340 132
2990 1002
206 209
843 243
630 2403
862 843
471 896
630 80
2991 19
1416 207
459 2720
459 673
459 348
2720 673
2720 348
673 348
974 3272
721 1660
1340 661
145 499
885 6802
671 80
2992 577
2992 199
2992 10
1179 894
671 22
2993 239
62 446
62 2
577 446
2994 2349
577 2
2995 925
2992 2
2992 62
2992 446
2992 11
1179 937
46 2100
1437 1435
661 80
661 32
92 4014
1407 493
446 2
2587 894
2587 937
2587 1179
446 199
446 10
577 199
199 10
805 1384
2 199
2929 219
2929 1942
2929 3
73 2929
732 660
281 219
2391 1514
281 73
281 2929
350 2929
2996 209
2057 126
177 126
648 126
648 177
2057 177
725 210
725 2260
725 189
210 2260
2975 281
2975 2929
350 281
199 79
2675 2929
2675 281
71 281
17 725
17 210
17 2260
71 2929
19 173
929 2451
929 173
2966 2451
2966 19
2966 173
2966 929
1336 1460
1887 80
48 981
48 1030
173 2451
2131 216
630 422
630 661
1101 145
1101 1841
145 1841
137 1252
1887 661
4 383
2282 1614
1887 422
279 553
222 2635
364 2635
543 222
543 364
2259 451
2997 651
2287 587
981 79
981 1277
297 2907
969 730
1030 84
2998 1172
1030 1277
84 48
48 79
48 1277
1277 84
1277 79
963 687
34 203
135 661
1477 659
278 312
510 312
510 278
1361 312
1887 1477
1361 278
1361 510
67 16
430 1477
292 659
292 1477
21 468
445 395
1215 395
1925 862
1336 1430
113 452
452 125
553 1145
200 1477
1073 486
2562 49
786 49
786 2562
690 945
690 452
100 659
2742 3009
100 1477
200 659
200 292
1608 1145
1207 16
79 32
905 2999
2349 2538
553 1608
451 1608
22 266
62 1979
1216 5075
1229 587
660 1229
3000 399
3000 1391
929 3000
399 1391
67 3001
3001 2974
1361 723
451 1145
577 6
28 6
36 380
6 1369
1009 100
1009 3
2263 278
945 22
77 577
217 645
2112 3
11 2112
145 686
145 844
28 77
2263 635
217 191
278 3009
637 384
384 2291
637 2291
753 1274
753 1265
1274 1265
690 11
813 19
813 228
1227 32
811 892
1227 1215
406 3002
103 3002
103 406
417 3002
417 406
599 6
417 103
462 42
3003 1657
931 243
931 2675
585 2675
585 402
2675 402
1860 3004
266 19
1227 3
1227 395
2703 453
1584 1943
859 1657
422 1215
308 984
374 72
482 318
482 72
951 3417
121 2067
422 1227
371 1595
46 1744
35 1744
1536 0
1227 35
1227 266
859 3003
27 251
1502 659
661 396
2723 10
1502 116
266 1215
415 669
334 2031
374 482
113 2403
2150 2187
79 1215
661 506
266 32
512 243
145 173
512 2675
402 2635
402 243
278 3005
945 3005
402 512
2046 859
931 2635
3003 2046
1657 2046
512 2635
2675 243
150 2591
2500 381
8 985
985 1326
20 969
2110 239
892 239
892 2110
3006 239
3006 2110
3006 892
243 2635
2675 2635
585 2635
9 1666
2837 1944
1944 362
567 132
39 297
1355 3007
1300 157
359 1657
39 13
291 126
122 56
502 56
502 122
3008 13
1931 6803
3009 1626
454 1544
2768 929
101 570
101 105
101 818
24 105
570 105
137 297
162 1694
270 2521
241 270
162 764
1514 2147
388 2998
2998 743
16 1610
3010 1706
1122 2521
241 2521
75 729
1348 297
38 729
62 1556
3008 297
7 572
3008 931
297 570
297 38
729 284
297 931
1163 414
13 931
782 67
29 1556
969 1108
969 1308
1108 338
1108 1308
1556 951
1122 241
782 11
782 199
782 3
782 951
67 951
669 29
13 6
13 570
570 818
105 818
399 406
1391 101
1391 929
761 1893
399 34
399 929
406 34
161 209
492 10
99 100
153 10
161 1979
278 1365
406 101
406 929
399 101
761 210
3011 2190
1391 34
1391 406
3000 101
3000 34
3000 406
1309 96
761 1309
1309 8
761 96
174 1779
174 3012
3012 1132
3012 1779
1132 1779
1132 174
1132 1352
1132 1263
1779 1352
1779 1263
3012 1352
3012 1263
174 1352
174 1263
191 80
24 818
1383 703
3013 703
3013 1383
716 703
716 1383
716 3013
2916 3510
1625 969
2585 2591
1625 2965
2965 969
325 969
335 645
335 1610
335 191
3014 215
75 482
102 482
1979 102
1979 11
75 1979
230 99
209 482
209 75
209 102
2700 312
1979 482
1317 1595
2970 1317
862 577
1267 485
363 38
363 577
38 861
38 578
2745 215
325 3015
862 861
133 72
1983 3199
72 572
567 445
22 232
567 1215
567 32
948 3955
77 422
77 266
77 1215
77 395
445 861
861 577
406 1474
861 578
1890 1660
1890 19
38 1227
38 1215
1877 640
578 577
578 397
77 861
567 1227
155 578
1430 2157
2157 729
567 861
35 161
1122 784
96 77
1122 308
16 641
1420 206
1644 278
101 255
77 101
35 232
3016 178
3016 1392
3017 1361
3017 1192
442 1887
442 1942
86 308
69 1887
179 157
3018 422
909 115
909 974
567 276
1392 178
984 784
253 6804
86 984
567 578
567 363
567 862
1233 1076
561 255
1826 3019
1227 1890
578 395
155 276
803 585
803 824
155 1227
925 1229
155 1215
578 32
578 1215
86 784
578 276
578 19
79 276
891 2603
246 1644
388 1713
75 133
2603 1970
1970 891
56 120
2259 75
150 182
1889 135
2118 1685
3020 6720
352 145
352 1446
2456 1342
1391 145
1391 1446
1391 352
765 1514
2264 635
397 1215
861 32
861 395
3021 1699
905 1108
577 276
577 1227
2502 21
861 1215
2275 155
3022 729
861 276
861 1227
1148 1890
761 1660
761 1148
787 442
787 1644
2123 1338
3023 1450
206 648
648 419
561 77
86 1122
397 1227
757 585
757 803
674 370
577 1215
577 32
2 1127
2 200
1786 1048
2279 915
2279 2008
984 39
984 2639
39 2639
2279 1200
258 276
258 1227
11 1576
1426 297
1426 67
108 252
67 108
276 266
297 984
975 1965
258 1215
258 32
258 395
155 1984
1776 2066
415 363
53 1880
3024 1161
3024 974
276 395
258 1984
2041 541
69 86
2041 136
415 445
1910 2784
258 578
415 1176
1212 2078
729 155
258 38
334 951
6 1169
508 2859
2859 207
1105 2163
1105 2562
1105 445
96 561
155 687
2507 395
2507 284
2507 38
2507 92
161 155
232 116
232 687
3025 189
3025 177
92 395
1984 3
22 116
22 687
32 363
1535 1212
155 116
1984 395
1689 22
87 513
1689 284
1689 11
232 155
6 92
6 2507
278 16
784 308
149 1689
1984 1215
2621 502
363 395
363 1215
246 1744
862 266
276 422
224 3436
266 1984
1595 586
2897 2201
861 1984
1984 567
1984 38
1984 577
1984 397
1984 422
1773 1728
1984 35
209 1744
974 1744
665 1744
436 1910
574 126
107 700
79 635
284 395
3008 38
650 601
601 26
5 147
1178 242
86 3026
3026 729
239 422
5 18
276 180
276 1255
239 1253
2730 1847
239 862
455 270
5 1766
1815 627
102 242
603 2991
239 462
455 687
455 1154
5 2404
46 135
46 113
1684 22
22 92
340 1684
1684 92
340 92
159 427
276 242
276 102
929 388
276 62
239 266
276 110
276 639
276 228
276 1178
18 147
239 199
38 462
2404 18
2404 1766
18 1766
639 242
255 3028
937 135
937 73
3027 1776
617 1154
398 419
419 1733
2991 325
398 1733
255 230
3028 230
1809 1942
1191 2265
278 443
242 180
113 937
441 2568
3029 454
617 270
242 1255
242 35
242 110
2999 338
242 228
242 974
177 1021
3029 243
140 260
1072 1908
1196 284
115 242
115 276
577 1253
338 1778
1819 1390
276 1390
276 1778
1778 1390
539 696
1043 2035
577 462
577 1178
79 1253
155 1253
69 641
2389 2708
108 645
3030 765
1002 2118
3031 588
219 645
462 1178
2296 116
2296 2010
2296 4
1929 683
297 1734
80 75
80 1979
297 441
3032 273
1371 319
115 62
0 36
1786 99
203 242
203 276
388 399
1578 2147
687 270
1154 270
338 1255
115 35
1255 1390
1255 1819
1255 1778
687 1154
422 1178
3033 3870
313 4
659 3034
1105 177
1105 67
2035 177
1910 586
747 74
3035 145
3035 1841
177 67
747 108
686 747
406 477
406 839
79 173
112 100
1271 656
862 462
1009 16
62 1009
73 2456
585 577
585 155
585 567
862 1178
260 381
928 6538
661 68
2150 6
214 2035
304 619
1549 1908
974 1908
161 2014
1947 651
639 38
2573 348
74 2573
989 348
989 74
2982 6
2356 945
1021 436
32 2154
214 2540
116 2709
1043 410
73 552
2065 831
71 2065
73 3036
1336 3036
2540 2035
639 200
929 2154
161 784
177 436
3037 278
1061 644
1534 452
59 552
1421 505
824 474
149 3038
963 270
617 455
2934 430
1703 230
468 586
308 38
1302 230
1115 601
963 455
963 1154
108 230
108 1302
3039 2569
2043 3040
1049 3040
1049 2043
243 3040
243 2043
243 1049
687 1902
75 1902
159 46
108 1703
570 1130
3041 230
3041 1703
371 1608
215 1608
2741 42
2741 74
2741 38
3041 1302
3041 108
320 40
585 1178
40 1371
40 38
585 1253
3042 1460
3042 1336
1009 22
797 751
567 462
567 1178
567 1253
228 62
239 38
312 1534
153 1246
772 1534
793 6786
2471 1338
961 1534
462 1253
272 670
155 606
155 1614
79 606
79 1614
3 1614
3043 136
3044 1019
3044 2506
1657 555
1614 606
557 453
513 59
606 3
606 395
1614 395
189 1052
46 395
132 71
3045 427
22 3045
46 606
46 1614
46 79
567 606
2022 87
567 1614
567 46
278 951
1829 6
2769 677
978 34
22 84
825 85
131 533
6 2436
1227 904
2057 292
766 783
248 69
766 1043
6 1985
2436 1985
278 3046
1678 2737
951 170
1227 217
2739 215
266 2163
2562 2163
19 513
3008 39
138 687
3008 6
7 86
3008 570
7 8
3047 661
39 570
29 424
642 11
642 189
937 219
69 669
2264 1456
11 683
116 3407
67 35
3008 11
729 2035
2 42
1582 299
959 6
959 39
959 13
2 224
1385 1626
1385 1002
931 6
2035 228
510 1529
1529 2735
1529 2611
1529 451
1529 72
72 2735
72 2611
72 451
510 2735
2735 2611
2735 451
510 2611
2611 451
222 258
445 2163
445 2562
439 153
222 513
222 243
222 19
3048 90
2 669
2 69
69 1556
2 1556
1130 2531
489 3393
3049 10
1609 1381
1823 1309
1823 399
149 114
628 1381
824 766
873 4574
1758 242
52 1750
862 199
266 199
1758 276
26 340
201 340
201 26
36 56
1408 4368
974 72
974 910
1253 266
73 1086
1758 35
1758 62
1253 199
392 1408
392 4368
29 1456
1608 278
275 157
275 150
275 720
713 1081
720 157
974 392
480 122
1133 1002
498 679
498 587
252 1086
462 199
1178 1253
396 242
4 2010
1178 266
1361 2204
474 384
384 594
637 1644
207 189
474 594
497 5011
1178 199
2011 2264
132 242
1697 1456
1644 1456
1644 1697
3050 1456
553 19
3050 1697
252 499
3050 1644
499 1086
1253 862
2609 416
2609 412
159 1368
945 3051
422 199
77 150
332 945
3028 157
332 284
332 452
1534 1456
1534 29
1534 945
1534 284
1326 7
1502 278
1502 157
278 157
832 1811
3052 639
1421 1971
764 338
1669 1822
961 2825
1668 2825
2825 108
356 275
356 146
275 146
1502 3028
278 3028
332 1456
904 11
1403 585
468 2769
1274 38
1274 2769
1274 468
11 601
498 601
19 601
2356 2349
2135 3079
941 2042
2769 38
3053 1834
639 17
3052 1178
904 628
541 110
631 4
984 4
984 631
487 2059
3011 399
541 228
541 1178
2035 2148
541 242
240 150
541 102
84 1551
279 126
541 203
279 1012
126 1012
541 62
1943 1815
77 275
499 150
499 720
499 275
499 77
221 157
221 150
221 720
221 275
221 77
221 499
240 157
541 180
541 1255
541 35
29 84
29 1551
452 1456
1012 903
240 720
541 115
1309 1758
1309 541
110 1309
639 1309
240 499
240 221
69 2297
180 1309
1309 396
240 77
240 275
541 1758
1309 1255
1309 35
1309 62
1744 277
1744 3287
1309 1178
1309 242
1309 102
1309 276
1309 203
1309 115
277 3287
631 112
1338 2009
1338 40
1338 132
1338 3054
1338 1420
1338 80
1338 1258
1338 1568
1338 1161
1338 3057
1338 1887
80 72
1338 72
3054 1420
3054 32
3054 80
3054 1258
3 447
3055 2819
959 69
959 984
80 3057
870 2412
2916 1331
1178 433
40 3057
40 72
1258 3057
1258 1887
2400 3056
2400 7
3056 7
1178 1227
493 1309
362 1161
1258 72
370 595
1178 32
1226 1161
1226 3057
1226 1887
1226 72
1226 1338
32 1258
32 1161
32 3057
32 3238
1014 69
1014 278
1226 1258
1338 984
3054 1568
102 433
3054 1161
3054 3057
3054 1887
3054 72
3057 1887
3057 72
1226 2009
1226 40
1226 3054
1226 1420
1742 516
3058 1817
79 433
637 3081
1595 3059
1595 1009
2394 3059
1887 1161
3059 1009
1887 1568
3057 132
3057 1420
3057 1568
3057 1161
1887 2009
1887 1420
951 1000
2394 1009
132 1258
132 1568
132 72
864 2303
1161 72
155 442
40 1568
40 1161
132 1420
72 1887
984 22
455 305
455 2896
155 433
72 2009
72 1420
132 3054
1568 1161
221 29
11 1647
29 249
221 766
1420 1568
1420 1161
67 250
221 249
221 8
221 839
221 452
221 1647
221 161
29 839
839 452
839 1647
135 849
839 766
839 296
839 9
1420 2748
452 766
161 1647
3054 2748
1226 2748
3060 210
29 766
249 839
249 452
249 1647
249 766
249 296
249 9
8 1647
8 766
8 296
210 486
486 3060
1420 1258
1420 80
102 1227
2009 1161
2009 3057
2748 2009
862 220
2009 1258
220 648
422 648
422 220
862 648
2009 32
1041 38
2009 80
2009 1568
2748 40
592 1204
132 2748
1338 2748
32 2748
1915 390
284 221
284 249
1568 2748
80 2748
284 1647
455 974
455 1742
284 766
1258 2748
3057 2748
1420 32
1161 2748
34 1076
2748 1887
2748 72
80 1161
80 1568
1178 1206
1178 1699
1178 278
290 87
3061 85
1880 533
452 533
1699 278
452 1880
132 1880
132 452
2702 3410
2702 201
516 243
516 305
3062 338
516 2896
463 374
463 285
1822 758
1822 243
1822 305
1072 1172
108 2098
516 758
201 3410
974 2436
1081 1172
2217 284
570 223
570 219
570 1534
1002 1884
335 2131
80 338
928 926
32 4400
1456 53
80 3062
73 2745
11 223
102 1534
102 223
567 498
567 433
67 296
567 442
68 640
25 548
1000 640
2833 2580
219 223
1534 223
102 219
676 39
2035 363
2035 102
2035 35
2035 22
2035 32
2259 1129
539 1601
391 572
1786 572
2035 79
1786 391
1822 6805
2035 442
2035 862
1993 1057
80 374
80 285
32 433
305 758
305 243
2896 805
2896 2436
2896 1184
2896 758
2896 243
2896 305
463 79
3 433
80 676
80 1916
3063 1538
305 805
305 2436
217 359
667 359
305 1184
11 96
3043 455
3043 1087
1087 455
205 1799
802 1799
802 205
577 102
577 22
498 578
1742 1184
1742 758
577 442
148 278
338 2929
232 2538
1971 191
1481 3115
19 1334
577 498
577 433
1742 2436
40 1258
2784 2445
2784 1644
2445 1644
1685 687
1568 1258
1161 1258
80 1258
40 1420
19 2445
1742 2896
1742 1822
578 1178
578 433
40 3054
19 2784
74 1115
1424 70
862 498
1052 2976
133 826
133 3065
189 10
826 3065
805 243
2745 786
3 1252
974 758
96 100
402 100
96 989
974 243
463 1916
285 374
630 1644
630 667
3064 3578
974 2896
974 1822
974 516
805 758
40 2009
132 2009
3054 2009
1420 2009
797 1983
116 588
1742 805
161 910
1908 453
1072 453
46 1421
1647 766
610 1314
1609 687
1400 2001
728 11
1609 38
637 2403
79 3066
637 630
1527 3027
637 132
79 2583
3066 2583
32 594
1707 594
3066 331
2583 331
79 331
292 110
661 292
79 1916
3067 6806
1610 765
168 311
3068 725
2912 3
3069 284
2912 3070
637 73
637 667
3070 3
637 676
637 243
637 22
1009 3071
9 784
222 646
758 38
2436 38
3072 1246
1590 48
1685 48
1184 222
252 16
510 1929
38 2896
38 1822
38 516
80 667
147 252
3073 667
3073 80
433 1227
2540 562
70 864
498 2348
862 433
22 223
22 1981
3074 3155
243 1644
243 73
3075 278
6 2219
243 667
42 1103
1474 3074
1474 3155
687 1013
687 30
903 455
40 969
3076 19
145 2966
145 62
152 886
1644 3077
3077 1697
3077 637
285 1916
1407 32
38 482
1371 2966
1081 1492
472 573
813 515
32 813
75 1424
2349 1424
516 757
71 445
3078 474
38 2966
145 482
1407 132
1407 17
1887 17
1887 1407
152 227
433 363
433 22
547 38
547 452
519 547
166 820
625 820
1379 849
1660 669
1660 951
1660 11
39 75
585 1660
433 442
363 102
676 374
374 1916
676 285
102 442
1013 1824
30 1824
30 1013
687 1824
1079 2456
1246 2456
1295 2688
1456 2688
1735 2098
80 1890
929 2688
929 1295
1295 325
2688 325
477 747
311 1338
132 3083
311 1226
1559 107
1520 1735
311 2748
115 1514
115 2471
12 2396
12 1070
2396 1070
2396 6
1887 3083
3046 1076
1070 6
398 199
2254 792
673 854
1456 34
34 325
34 2688
34 1295
80 311
132 311
32 311
406 325
311 1568
2983 2573
155 3889
894 1544
75 84
894 557
2003 433
2003 7
1544 557
311 1420
311 3054
161 766
161 296
766 296
311 2009
2219 205
766 9
19 3083
527 4782
1710 2721
311 1161
311 3057
311 1887
984 6013
498 433
56 2606
311 72
1421 430
784 85
784 62
284 2400
3069 2400
2436 758
3080 2006
2436 243
676 2403
196 854
482 499
1408 17
79 676
985 1786
676 630
96 454
96 246
96 2046
454 2046
454 178
82 62
178 246
243 96
2966 499
305 96
2966 600
1456 442
112 442
112 1456
359 442
498 1227
359 1456
359 112
62 2966
2066 278
2127 2049
178 2046
482 600
482 2966
338 3082
38 1184
2517 3233
198 2739
1480 2739
355 520
1456 588
1198 338
246 2046
1198 3082
38 805
19 305
189 175
981 418
320 418
22 418
1887 854
1887 673
1887 196
266 398
2786 278
232 533
32 418
2562 686
2562 355
3083 1408
3083 17
1436 1859
2492 406
99 625
150 625
145 2750
355 686
418 1371
3083 292
110 395
2052 1819
3084 982
3084 73
2692 982
2035 1227
2035 909
2692 73
2692 3084
1819 506
3085 2675
2342 619
1002 2730
1002 1935
2730 1935
909 102
39 3091
124 785
124 102
785 102
909 276
785 100
108 1817
38 1453
73 982
29 1002
861 2607
2984 1163
6 1984
3086 270
587 3086
69 3086
3087 270
3087 3086
3087 587
3087 69
70 3086
70 3087
117 1984
2251 74
909 155
1819 9
2052 506
2052 9
2251 395
2251 1246
74 1246
3088 3089
3088 1436
3089 1436
909 1227
637 3092
1595 6807
578 2035
100 687
2225 1746
3090 2732
2297 1557
145 1000
1000 839
1434 894
1424 894
1424 1434
1246 255
284 641
559 601
161 99
2982 29
433 110
433 395
1295 39
213 136
3 1295
1176 1638
1025 1638
1025 1176
3091 1295
3091 3
2539 140
1048 1817
16 2184
377 75
646 527
9 377
255 75
255 377
2184 501
909 433
542 397
3 2184
11 2184
16 501
984 641
11 3093
292 2748
292 227
1461 2748
1461 32
1461 227
1461 292
32 227
1115 16
219 16
1115 219
3093 951
227 2748
3094 3095
606 468
606 71
590 1390
590 468
590 71
590 606
3095 1176
3095 1707
1176 1707
1176 3094
1707 3094
802 674
3 1246
1361 729
77 110
984 16
984 72
1778 284
729 802
600 39
3021 1697
339 96
765 1241
339 19
1221 1299
2607 374
1221 3837
729 674
729 59
482 1258
729 96
1299 3837
729 2500
1644 2403
468 71
1390 71
1390 468
2328 166
861 676
861 1916
1484 641
1484 284
1484 984
1425 641
1425 284
1425 984
1425 1484
201 646
59 674
3096 1657
861 80
1338 69
3097 2291
637 3097
48 2291
48 3097
48 637
861 463
278 1338
861 374
96 674
1252 430
1252 276
3098 137
2607 80
2607 463
1361 674
2282 2078
445 430
32 4597
8 3099
2500 674
52 3447
2035 395
2739 140
1033 2923
239 648
239 1371
239 2504
276 430
499 227
149 859
278 227
5 1811
124 2571
499 278
1140 2571
1140 124
635 227
635 499
102 445
3100 2329
180 200
79 110
2634 1333
1333 1811
376 1192
1212 279
1212 222
1595 1491
279 222
155 2035
2007 3173
439 824
11 1013
1342 1013
1342 59
1342 11
6 41
1247 79
1247 1000
1247 793
1000 793
11 41
77 441
2982 22
59 1013
4 258
1176 603
3101 603
941 2118
3102 831
3100 1328
1608 948
3102 1431
276 2035
941 1002
3101 132
3101 1176
273 189
276 433
433 266
276 442
2135 84
86 1744
1246 2095
812 415
3051 1076
1371 506
418 2394
238 3103
1361 2394
2394 132
175 1574
2394 124
2394 396
2394 215
2394 506
175 86
145 1574
232 100
114 73
3104 2035
3104 7
3104 1325
7 114
1371 2394
1371 132
2609 945
1371 215
2035 1325
57 161
100 57
3105 73
527 3105
301 3105
3106 3107
867 533
161 7
1778 929
69 170
170 479
578 110
170 189
929 288
127 1297
1786 3051
426 209
1729 1535
646 2138
201 2138
3108 35
8 114
1300 315
34 315
34 1300
96 114
1477 62
786 1430
786 2157
2546 1685
2546 661
1685 661
1862 1626
3109 2971
951 1178
222 1070
557 1070
557 222
3110 1070
3110 222
3110 557
11 2583
22 2583
325 2946
951 639
646 1178
646 639
2607 1916
1255 2035
155 1255
153 614
207 2583
862 1255
2069 419
1227 1255
1002 1368
1255 567
864 330
1887 205
346 311
1255 577
1255 578
1887 330
205 330
1085 205
1002 1866
198 183
2035 62
1085 330
34 2100
124 570
124 205
3112 32
284 2226
22 1744
452 1744
646 465
1925 317
270 1340
205 570
198 1858
177 1858
177 198
17 1389
278 1176
29 614
1697 1178
2035 567
2035 77
1514 2226
1514 637
1514 284
71 3113
270 52
270 2658
2658 1340
2658 52
1340 52
2118 3114
635 132
7 635
7 94
1143 1192
2675 1728
1362 1481
442 110
442 395
1143 1361
266 442
758 1184
690 29
217 2038
2038 1456
1728 3085
7 24
3115 1362
662 1456
1255 363
1255 32
447 677
2035 3
2035 577
2035 1178
662 5878
189 1684
1456 5878
0 94
363 110
80 463
1255 422
1255 433
3116 725
1255 79
1255 442
3117 135
864 96
1215 1614
1215 305
1085 96
1085 22
1085 1021
132 96
205 96
1227 110
891 901
330 96
96 1021
1058 305
909 110
305 1614
909 395
1058 1614
909 442
69 2038
62 2038
62 80
2038 80
69 80
1614 7
1887 1021
19 839
19 898
288 398
288 246
200 235
288 506
288 1309
1371 135
9 294
9 1000
481 726
288 19
898 22
898 40
398 506
398 1309
398 40
898 398
898 11
898 506
898 1309
288 40
2607 676
617 1902
3118 182
3118 29
751 665
350 20
217 1644
161 1000
288 839
66 515
66 1678
2673 2173
2673 3046
2173 3046
1737 628
288 898
294 161
294 1000
452 1000
1361 22
2607 285
159 1421
12 2846
159 278
12 100
100 2846
77 433
1338 19
22 2500
3119 839
22 802
617 1421
617 278
506 19
40 11
839 506
961 1048
86 6808
1309 11
1610 1534
2033 311
2033 864
492 135
188 93
1383 1742
102 646
3120 2061
2069 206
1697 6
452 687
567 110
1002 3121
890 38
278 4521
364 961
406 654
661 1308
2562 485
2562 1113
11 1113
485 1113
951 646
212 336
275 641
567 909
278 492
189 1456
570 1456
217 1371
278 1847
1847 548
3122 2190
73 2403
3123 6
3123 424
278 135
278 396
278 1371
278 124
2190 217
3122 217
1092 381
856 2365
150 1165
84 319
84 59
1946 572
2568 406
667 2403
1679 39
1679 252
2568 1295
217 492
941 2967
637 32
22 283
3124 2035
246 3708
346 40
3124 1496
3124 1279
890 7
53 1909
9 1390
1435 730
3125 1435
239 32
3125 730
11 1909
669 173
669 502
541 173
541 502
3126 7
145 191
3126 890
502 75
125 1563
729 1563
729 125
983 11
983 132
3124 2540
3127 219
3128 3129
974 442
974 1984
552 325
552 539
7 219
3129 10
3128 10
442 668
442 983
246 1742
1799 2769
951 53
951 1909
605 36
132 668
1671 3118
217 755
3130 2391
2653 6809
1859 567
1595 284
1595 2750
284 2750
228 552
502 102
209 422
67 39
2825 2391
1742 422
817 2248
79 2248
22 2248
22 331
182 127
2248 331
901 264
639 2140
1120 22
817 79
182 641
182 659
817 22
182 143
92 127
92 641
92 659
468 674
1120 79
92 143
143 659
1279 2540
430 26
380 222
441 2150
380 1677
222 1677
2150 1468
33 93
33 213
2729 1212
135 2729
62 166
2248 62
143 641
143 127
1468 1595
3131 515
659 127
659 641
2585 2677
2169 683
228 539
292 687
443 533
443 687
443 292
40 533
40 687
40 443
19 687
19 443
336 533
336 687
336 292
336 443
687 533
453 983
519 149
185 59
453 668
70 963
300 235
336 40
336 19
2982 255
443 1120
2982 38
933 431
443 834
903 533
903 687
903 292
903 443
903 40
903 336
903 1120
903 834
19 834
834 1120
834 336
1120 533
1120 687
1120 292
1120 40
1120 336
19 1120
834 533
834 687
834 292
834 40
1890 1058
639 3132
6 2451
6 288
6 2966
11 2451
249 1180
11 2966
668 396
3132 1178
132 1416
2033 905
2033 346
2007 502
319 432
411 370
112 533
1440 200
942 4226
102 1180
284 570
1130 4
2531 4
396 983
432 527
617 2
983 668
1734 2568
1989 1734
4 668
112 687
112 292
112 443
46 871
386 871
386 70
786 871
786 70
185 149
1478 637
70 871
3133 2492
468 1435
1742 442
3134 667
1828 136
1314 2169
1742 498
325 228
605 75
185 519
786 46
786 386
35 871
482 250
1910 250
35 786
284 10
58 252
266 542
289 58
289 252
1644 3021
1644 539
3021 539
486 58
74 235
112 40
112 19
112 336
112 1120
112 834
448 115
112 903
3135 3137
3136 278
185 319
1180 10
716 58
1304 1557
185 974
519 319
1002 6
1002 217
1002 1744
1002 3153
1002 457
1002 70
1002 232
39 345
1106 345
346 1982
487 1925
457 232
232 70
520 72
232 29
39 1106
232 6
232 217
232 1744
232 3153
2990 526
457 70
1982 311
639 9
639 8
1361 718
1828 1729
73 639
812 1694
336 1786
994 295
1778 39
433 1337
3138 2156
278 1105
70 217
2010 374
145 270
2010 119
85 3139
85 3140
3139 3140
21 345
190 3140
190 3139
21 39
2730 375
85 113
70 3153
52 1515
2452 397
582 586
137 1669
115 137
1184 137
325 422
1332 2855
100 2009
206 1669
155 222
2610 34
1406 2009
296 388
1406 100
96 885
885 48
885 101
885 38
116 85
951 16
85 161
85 461
3142 1228
487 1856
637 3143
1000 265
2982 445
683 122
1435 4733
1133 3144
3145 489
1856 1228
1856 3142
46 1811
1244 639
979 5113
415 903
1819 40
661 1184
661 115
661 348
661 137
661 1669
661 1614
1282 278
3146 388
3147 278
140 3147
541 281
2248 2229
3148 4390
686 4
41 222
3149 670
108 1644
2229 1360
294 1520
1246 2
430 331
430 79
190 230
87 41
430 817
430 1120
87 2
87 189
87 1246
34 1360
1246 189
220 1805
510 670
510 3149
1815 871
2 871
2 1815
1360 2248
1360 331
1360 79
1360 22
2620 3100
6 669
815 929
2737 1578
1360 62
1299 1420
290 124
1360 817
56 3150
22 2846
1360 166
430 1360
1360 1120
3151 3133
1614 406
2229 62
2072 270
2229 79
2229 22
1614 1514
261 122
92 182
3152 108
35 147
967 2995
107 1212
107 135
430 2229
3153 217
3153 1744
3154 29
1793 71
119 839
1793 34
1793 35
961 278
3153 6
3153 29
4 729
1212 29
1212 540
2271 67
646 540
29 540
2271 135
1744 29
545 901
11 3154
1212 646
70 1793
1225 2123
585 1984
198 2833
198 2433
1070 135
457 29
457 6
457 217
457 1744
457 3153
67 135
641 2
119 374
19 5061
116 436
2463 896
288 119
2839 3010
502 451
1408 2297
541 483
498 901
398 1742
77 1819
1765 115
2540 1496
1046 92
1279 1496
2035 1496
3017 592
3017 11
292 360
102 221
117 588
3156 198
117 155
1043 2098
2098 2666
540 1392
182 1169
3017 2035
1915 285
1834 2251
127 293
127 1163
293 1163
138 284
36 461
836 474
278 3204
2487 541
606 541
1183 367
2487 1514
240 102
3157 359
1984 588
3114 2558
246 155
246 588
1423 631
617 430
617 239
430 239
70 6774
2201 1519
2078 1519
929 1191
1423 562
1423 177
1423 812
1423 1713
1423 2028
1423 278
75 398
1368 641
1423 112
1423 2019
34 278
1423 381
1423 1714
1423 555
1423 10
1423 2978
1423 648
1423 1104
1423 904
1423 2977
1423 279
592 2035
377 1500
126 238
126 70
200 720
1125 585
1002 1500
2140 1178
80 904
2078 2201
198 541
1484 69
1425 69
41 729
452 6774
650 126
34 2028
395 309
2943 228
149 178
451 184
23 7
29 984
1031 184
1031 451
7 184
77 228
77 2943
284 3158
23 278
725 0
639 2943
725 132
149 59
377 395
377 67
377 309
1699 335
984 38
984 725
3 725
132 1699
2282 1699
3159 2925
7 1031
1699 415
170 240
1380 388
388 371
483 1379
1178 454
266 285
1871 815
815 319
101 423
1361 423
23 29
360 32
72 815
1945 2925
725 22
725 39
441 1510
266 1915
34 1713
2078 3078
1678 586
714 145
562 1714
562 555
562 10
462 3161
147 50
59 974
714 38
562 648
562 1104
562 904
1019 660
562 34
246 177
562 381
246 519
3160 1336
396 39
1244 1819
837 1019
837 660
119 1258
562 279
177 381
177 1714
177 555
177 2978
85 2316
551 2316
1331 643
562 2977
562 2019
10 186
1805 2270
10 974
951 732
562 112
562 631
17 1610
3 1258
388 3645
483 1714
483 1021
1714 1021
1371 145
2841 974
2846 283
3161 757
3161 516
1371 482
462 757
462 516
1922 200
3162 200
3162 1922
463 200
463 1922
463 3162
39 119
974 186
39 1258
3 119
714 499
714 2966
714 62
519 177
3163 1706
644 129
34 812
11 732
84 732
2028 1713
278 381
278 1714
278 555
278 10
278 246
278 2978
278 648
3164 1507
146 2658
385 1751
3165 1751
3165 385
3166 557
2028 812
392 1751
2028 2978
2028 648
2028 1104
2028 904
2028 2977
2028 279
2028 2019
1246 146
1246 2658
319 178
319 186
2028 112
2028 631
2028 562
2028 177
392 385
67 1764
278 279
278 2019
278 112
278 631
278 562
278 812
278 1713
278 2028
1002 377
278 2977
278 904
3165 392
1272 600
1764 34
3167 1133
1345 232
1125 258
1125 397
278 1104
70 716
2028 555
811 502
812 381
812 1714
812 555
812 2978
812 648
812 1104
812 904
812 2977
812 279
812 2019
177 631
265 732
3168 3169
3168 3260
982 673
3169 3260
177 1104
982 1887
982 40
177 904
177 2977
177 279
177 112
177 562
2028 10
812 112
1169 2562
199 1169
182 2562
1713 631
3170 3171
385 3171
385 3170
1713 562
1713 177
1713 812
2028 381
2028 1714
1713 112
812 631
1713 2019
812 562
812 177
1713 381
1713 1714
1713 555
1713 10
1713 2978
1713 648
1713 1104
1713 904
1713 2977
905 982
1718 70
1713 279
22 1764
585 1310
1310 2178
1823 1699
1127 931
1554 339
16 891
585 80
92 375
2178 80
974 1811
252 189
252 10
325 586
1438 1295
1823 660
1823 116
1823 80
1823 1310
278 1043
24 2190
24 1499
424 1714
10 463
415 660
415 116
1465 1310
1465 80
19 1465
19 660
19 116
19 853
19 1310
1465 116
335 1310
2178 1699
2178 19
2178 660
2178 116
415 80
415 1310
588 1310
335 660
335 116
1360 2409
1215 2562
1685 73
368 1685
1865 73
288 2451
2184 22
396 1979
1910 325
1002 1365
1360 133
73 315
1931 1365
3172 545
6 545
6 3172
266 385
903 2758
2562 648
7 2451
3173 945
648 1215
527 104
3174 588
1792 3174
93 170
1225 2914
585 903
2190 1499
2682 233
1644 903
519 186
2586 24
945 219
570 252
2546 24
1002 967
1931 967
1931 2349
318 1116
2546 2586
545 24
519 974
545 2546
545 2586
1823 19
200 711
442 453
585 660
1434 1534
116 1699
1434 818
1227 557
2863 2905
533 168
406 945
116 660
833 2758
2100 711
1465 1699
277 168
1786 2072
853 1699
278 2412
1626 50
853 116
853 660
585 116
660 132
1534 818
588 1699
101 1361
660 1699
132 116
200 2100
3175 945
956 561
116 2282
890 558
10 209
80 853
325 116
1310 80
1310 853
1310 116
1310 325
1310 132
1310 2282
1310 1699
1310 660
80 116
3176 4993
80 2282
80 660
673 959
1361 959
80 1699
1361 673
588 660
3177 571
3159 1945
