7172 322
0 4
0 3
1 6
2 35
3 6
4 3
5 1854
7 132
8 9
9 3
3 1
3 25
1 25
10 11
6 11
6 10
6 34
6 22
12 6
12 39
12 34
12 22
12 3
13 818
14 214
15 249
16 9
3 23
17 818
18 186
9 818
19 8
20 24
8 22
8 10
11 22
19 21
19 657
21 657
10 22
11 33
20 11
8 11
20 430
11 24
23 11
24 4
24 430
11 4
11 430
9 39
4 430
10 39
10 9
16 39
20 4
6 430
6 4
9 13
9 17
3 20
3 24
6 25
3 11
26 318
20 498
27 28
3 430
27 68
28 68
6 23
23 20
23 24
11 29
9 22
23 4
23 430
6 20
6 24
30 3
30 10
3 10
17 13
31 6
3 22
3 34
3 39
3 36
3 35
22 34
22 39
22 36
32 124
22 35
11 482
34 39
34 36
35 6
36 6
37 189
38 102
35 36
39 6
39 35
39 36
34 35
40 6695
41 107
41 56
42 107
42 56
42 41
43 1854
43 5
6 59
31 44
4 45
46 35
47 50
2 6
47 11
48 10
49 3
50 11
12 35
12 36
51 11
52 11
53 65
54 6
31 3
31 1
55 145
55 11
16 10
56 107
36 57
58 35
31 25
11 145
8 16
8 39
54 536
6 536
49 10
59 25
60 10
61 246
3 101
62 52
3 144
3 96
59 1
59 3
59 31
63 64
66 96
49 60
9 6
49 67
68 168
3 66
69 11
29 49
6 102
29 60
29 10
70 112
0 59
71 11
71 33
72 8
73 10
74 34
74 35
75 200
74 22
74 6
76 82
3 77
78 72
11 0
79 80
81 4
3 74
82 3
76 3
73 48
22 16
29 35
30 60
22 189
83 85
83 11
11 85
84 160
86 222
87 258
50 88
88 168
89 3
90 87
90 258
91 11
92 35
93 617
94 319
75 11
95 22
73 150
97 6696
98 22
11 232
99 232
69 3
100 34
101 575
65 104
65 102
102 104
11 274
103 52
105 94
106 410
107 108
109 249
3 8
24 274
11 505
110 447
33 128
111 11
112 113
114 11
59 52
115 117
116 127
69 127
69 116
118 35
119 129
73 19
120 963
6 108
11 127
36 121
36 249
121 249
11 81
122 123
124 2279
125 71
69 29
38 6
6 75
75 108
99 11
126 113
33 6
33 8
33 127
33 26
26 71
11 128
11 26
71 128
71 8
8 6
127 6
127 8
128 6
128 8
128 127
26 6
26 8
26 127
26 128
71 6
71 127
130 11
131 148
132 153
132 139
38 3
3 102
52 2
133 34
134 69
88 173
135 137
135 136
136 137
138 149
65 75
139 153
65 6
131 119
11 332
52 101
3 541
11 100
140 215
141 56
11 9
73 108
142 6697
143 11
144 2
145 146
146 9
145 9
59 11
44 68
147 36
149 11
11 73
22 149
150 620
119 148
151 73
68 587
6 553
