7172 433
232 20
31 9
31 20
237 73
313 1
394 202
38 309
199 22
309 149
309 127
31 232
8 60
348 228
264 587
502 123
503 504
505 999
506 432
9 20
23 74
23 127
23 149
507 7
508 519
127 74
74 149
127 149
92 309
509 3
510 371
36 68
161 8
215 502
215 123
3 1021
502 382
511 84
205 508
205 513
69 430
88 498
158 29
279 418
512 1043
514 114
515 19
9 517
108 3
108 10
100 519
233 145
422 516
509 11
509 10
509 108
38 92
309 74
518 613
88 69
88 10
69 10
205 519
338 228
19 498
100 508
382 123
520 537
3 17
521 168
73 297
168 73
230 10
522 258
297 285
17 396
313 68
11 676
523 363
267 71
338 199
165 34
165 209
34 209
11 17
112 524
525 11
525 676
526 610
397 285
263 485
522 285
168 237
258 237
527 531
528 985
529 38
297 237
258 73
527 88
530 639
531 88
532 168
34 17
219 149
533 462
48 270
534 233
535 341
80 284
536 198
170 11
29 102
521 532
48 535
537 11
9 4
520 11
33 396
11 287
213 85
213 287
213 11
57 548
325 187
183 160
538 305
75 226
48 341
539 442
517 865
9 865
22 1677
215 69
258 540
329 21
65 21
65 329
515 26
140 381
22 661
6 555
6 552
6 19
68 542
274 323
19 555
543 433
19 552
180 363
543 553
544 1038
514 243
200 76
6 363
545 19
546 215
547 558
134 189
492 17
222 22
443 179
548 22
548 11
515 7
549 133
22 26
6 180
545 1031
124 459
180 555
35 363
550 363
85 519
550 35
136 904
332 35
514 1212
551 85
476 292
476 32
32 292
85 508
477 75
433 553
161 747
219 107
4 162
233 1424
180 552
180 19
0 42
446 11
363 555
554 113
391 451
363 552
555 552
8 747
149 1424
0 297
149 233
19 1031
68 556
11 205
28 577
493 566
190 519
162 86
557 246
559 560
559 11
560 11
42 297
11 508
546 123
546 502
281 332
34 19
9 364
100 68
561 11
561 68
561 100
243 224
562 506
396 555
396 552
230 50
530 563
390 246
564 669
6 284
546 382
132 154
38 362
565 8
190 508
132 270
300 8
255 72
456 228
22 255
20 1085
3 570
3 567
255 78
567 570
72 22
40 590
73 456
108 452
568 42
108 63
292 73
78 8
63 452
78 22
28 530
8 570
296 284
19 10
569 740
7 1069
436 200
436 446
200 446
571 371
51 4651
572 133
573 650
38 69
572 598
222 820
574 50
575 35
70 203
73 199
502 930
576 7
576 1069
8 70
296 579
577 530
189 85
68 3
578 108
579 284
341 69
580 228
551 6
581 133
572 371
73 175
24 1208
583 11
584 3636
159 617
323 6
62 1916
585 297
205 297
11 262
586 336
205 585
587 313
22 291
37 3
588 22
41 10
175 145
502 802
589 255
589 153
86 284
336 0
255 8
591 452
153 255
85 218
515 493
591 12
93 288
588 291
424 729
502 592
210 284
592 802
132 606
593 90
593 820
415 1053
594 1053
594 415
90 820
595 607
67 146
202 149
595 601
336 608
555 442
555 203
246 62
84 602
596 602
596 84
274 200
11 288
597 1166
598 371
94 127
35 396
599 6702
8 537
8 199
600 29
601 427
52 616
84 499
358 1332
31 73
6 727
252 35
3 315
144 52
603 72
24 132
604 73
54 420
605 588
606 24
79 208
198 654
603 387
607 601
387 72
12 278
609 753
595 427
281 124
203 442
38 353
85 729
190 729
610 86
156 10
121 140
17 203
570 199
78 11
472 764
11 215
301 11
611 358
11 555
100 52
376 7
7 6703
11 203
505 617
133 598
612 258
215 17
166 12
472 279
555 132
370 9
555 215
555 17
124 126
132 215
132 17
132 442
614 1963
132 203
474 10
11 442
615 1389
3 1389
3 615
70 537
199 537
68 2286
25 67
199 70
442 17
570 537
570 70
213 205
133 371
235 341
215 442
607 427
215 203
