7172 479
225 385
225 384
384 385
168 297
297 258
323 332
168 397
297 397
386 6
114 436
338 387
67 24
120 220
101 39
39 29
167 388
167 499
388 499
101 29
6 84
389 3054
390 68
391 7
11 102
38 35
382 215
392 399
393 599
394 397
11 242
395 159
395 85
396 224
19 35
19 118
52 386
60 62
52 6
397 258
398 49
6 85
10 409
35 199
35 182
35 404
400 198
26 501
401 258
125 29
400 407
127 501
205 132
402 132
6 501
402 205
403 687
34 402
108 1861
108 120
34 205
34 132
120 1861
69 9
404 182
404 102
230 405
140 219
406 11
232 73
232 8
407 198
408 11
145 230
73 33
66 4
182 199
182 102
199 102
404 199
33 70
73 70
102 85
72 9
157 9
315 11
63 12
286 11
198 899
59 212
16 254
16 103
254 103
59 429
38 11
409 3
212 429
410 11
4 34
411 270
6 182
69 70
222 2791
134 30
72 69
224 415
157 69
157 72
286 248
412 4010
61 413
209 952
132 11
16 100
35 70
193 70
332 113
414 286
16 3
124 39
284 416
100 3
10 334
416 73
36 193
263 272
36 70
11 101
417 100
7 69
35 101
210 159
11 113
110 281
110 35
285 258
329 60
330 60
11 281
110 113
281 35
396 418
419 258
281 113
162 258
162 419
29 258
29 419
29 162
5 258
5 419
5 162
11 519
11 421
6 281
113 104
70 281
159 11
281 101
281 104
70 113
420 198
421 230
11 230
6 113
6 104
6 101
415 16
5 29
422 204
11 422
15 740
140 494
70 335
35 113
414 685
6 16
11 16
423 102
423 385
423 203
203 102
203 385
132 22
424 70
230 499
68 10
22 60
385 60
385 22
398 389
398 3054
102 385
284 175
124 428
425 685
425 414
426 685
426 414
426 425
4 685
427 287
4 414
4 425
4 426
10 34
132 150
428 320
124 320
274 38
429 102
144 39
70 110
104 35
84 2286
104 11
431 3
60 301
107 5276
73 301
115 216
162 59
3 116
432 498
433 510
403 70
104 101
434 2286
403 11
403 110
403 113
403 35
19 102
403 281
84 434
113 101
435 132
70 11
436 11
159 465
124 6
124 11
124 65
437 13
438 13
439 339
440 281
441 11
31 189
31 11
31 26
4 209
4 309
73 113
442 35
8 113
443 42
444 1
4 31
102 57
445 132
323 3
39 70
446 6
68 1
447 2131
6 422
108 327
108 136
86 102
135 77
135 327
23 31
84 505
77 327
327 136
108 77
12 11
11 452
448 6
7 1314
23 59
9 255
12 452
222 102
108 135
69 71
189 265
68 444
11 115
4 10
217 662
449 115
450 258
451 133
60 4
452 149
453 131
262 140
3 149
3 452
385 139
3 442
132 60
454 462
454 450
454 258
396 462
233 6
396 450
73 2005
101 60
455 235
255 38
315 411
396 258
101 132
456 230
396 454
111 367
320 457
40 277
71 286
458 39
459 77
149 39
149 458
222 84
84 134
456 71
208 12
460 335
91 614
338 469
210 11
19 228
456 146
461 6700
456 286
52 75
111 286
450 462
230 71
200 102
230 286
258 462
367 286
19 20
336 35
220 4
274 116
463 70
69 22
318 22
238 270
318 69
464 826
132 4
132 209
11 307
438 437
69 144
465 307
465 11
159 307
220 11
466 1355
338 468
3 228
467 11
23 467
228 20
58 8
6 2077
228 8
468 6
20 8
470 200
338 6
75 1588
371 1588
7 2292
471 2784
472 132
473 469
3 384
296 145
3 474
210 475
210 249
475 249
11 320
397 559
102 75
476 67
323 495
6 411
73 863
284 99
22 77
34 77
163 6
190 100
332 85
332 100
477 35
85 100
440 322
451 7
7 480
451 480
451 2292
100 985
35 1255
478 3
35 73
479 159
30 6
30 11
3 145
163 20
480 2292
31 0
440 481
440 22
481 22
0 162
7 371
482 34
284 71
483 751
0 430
484 22
284 150
371 485
486 29
408 29
135 372
445 220
270 88
487 488
489 590
6 49
29 541
490 164
491 187
492 835
34 398
493 19
71 150
138 155
190 332
3 6701
496 68
11 499
3 204
100 222
228 500
497 228
3 107
10 107
266 79
204 10
100 86
6 153
384 11
175 230
205 100
107 11
205 85
11 175
498 34
20 73
20 145
246 550
204 107
205 190
384 145
499 175
501 11
