7172 2209
1088 1215
1431 170
687 686
1088 364
364 1215
283 1380
283 110
190 687
1380 110
1019 427
826 857
1380 11
108 628
572 1433
1308 829
116 499
1113 1288
381 282
1232 640
1432 1376
11 667
16 686
1115 73
1433 1577
572 1577
502 1325
1385 31
371 110
371 283
69 1209
1434 1369
1149 1709
1149 1435
93 817
1435 1709
1436 1423
262 324
159 355
263 324
11 355
101 203
411 295
824 1343
371 1380
190 277
840 974
415 1088
415 1215
415 364
737 166
917 1448
820 132
963 75
161 610
1107 468
1249 210
397 585
1437 1443
8 1452
6 617
207 10
1438 133
1215 3
1438 2409
1043 824
687 617
625 928
69 56
827 738
133 2409
200 617
68 1085
1439 177
131 1110
207 8
628 153
1440 11
1223 894
1441 1043
1442 70
149 203
1443 5639
1437 5639
1444 3260
588 594
551 519
38 519
1445 650
419 1184
1446 1431
1447 1157
198 2059
642 1452
207 159
282 1325
263 510
200 479
278 102
479 6
19 1085
479 617
1279 122
479 687
867 347
185 132
16 687
74 857
185 931
967 399
185 820
61 1744
355 617
775 1451
10 70
390 84
347 453
1449 1450
288 146
1451 11
453 867
1453 159
672 11
1431 103
355 687
207 628
510 1467
452 600
1454 497
1455 1369
1207 963
1456 73
1457 617
279 1792
90 1223
1344 678
617 92
1457 92
1087 92
510 811
592 282
323 52
479 73
1087 1457
323 190
1456 145
516 279
1158 2012
170 70
1382 1470
729 2156
233 2156
233 729
600 270
11 977
140 948
388 1223
4 977
614 186
8 355
3 1456
153 75
116 70
116 747
116 170
406 1635
1328 1635
475 81
205 44
17 1295
392 1295
615 81
615 475
9 502
775 71
7 6724
207 355
866 10
818 961
406 1328
258 79
6 1440
149 199
570 116
1087 617
570 170
414 53
570 747
287 52
377 1246
641 1458
1440 149
1440 75
1459 392
323 287
1440 199
1460 729
395 101
1451 71
61 335
217 335
166 1101
11 1101
540 84
1461 84
994 462
1462 2677
1463 243
22 1101
1464 253
796 249
1465 3
639 74
1466 34
747 6
100 1468
57 52
166 398
1468 132
288 74
70 161
175 116
175 161
220 2819
551 1144
436 700
254 377
436 140
700 140
772 1134
279 644
588 562
170 6
70 747
650 1471
207 775
900 165
540 1461
0 220
116 2492
979 56
1207 199
199 153
170 747
827 22
650 1874
1471 1874
279 1473
1472 506
1270 506
603 775
603 11
644 1473
145 72
603 207
764 574
6 866
1472 1270
174 397
102 1474
70 175
9 52
574 1198
764 1198
217 117
6 1246
1456 855
430 1456
474 80
1475 757
351 135
172 103
1476 1164
11 155
60 11
11 1371
1477 135
430 855
711 73
711 8
711 116
503 2698
1130 22
1478 742
855 11
855 145
1456 11
545 22
1477 396
132 974
455 763
1477 21
135 21
11 545
1479 741
1480 536
92 1481
84 6725
974 0
11 485
146 34
7 1360
222 866
1246 222
11 866
11 1246
207 866
207 222
35 136
313 19
24 577
1098 6190
41 85
826 272
177 827
1481 352
330 136
52 153
574 665
253 1482
253 241
1482 241
857 153
486 951
627 1043
541 833
541 1483
541 243
833 1483
833 243
1483 243
2 189
246 455
2 246
136 38
1360 1573
2 85
2 86
7 1573
136 200
330 200
828 1755
102 189
665 102
1484 85
1484 427
6 48
2 355
145 631
1485 3
102 48
1486 11
1486 161
116 1486
355 75
48 75
48 355
2 11
207 101
279 665
34 355
34 48
182 75
182 355
182 48
182 34
102 355
397 140
1487 497
117 904
1342 73
190 113
275 116
275 3
974 445
275 1130
886 2526
406 665
397 215
1485 210
69 210
69 1485
262 592
1488 497
22 209
1000 22
1489 910
2 159
956 862
70 207
335 11
335 372
1490 38
222 74
1490 330
1490 35
1490 329
80 862
335 867
956 585
956 928
1491 70
868 0
868 974
868 3
868 9
868 73
868 132
868 210
541 325
585 928
862 928
862 585
11 867
763 132
406 1456
903 77
763 1493
19 189
19 826
93 207
1232 270
270 720
380 452
1492 1910
132 1493
826 189
665 1456
867 372
338 171
313 11
6 79
355 79
1295 665
599 489
1295 1456
355 38
173 210
11 946
1494 620
31 1123
1440 52
252 161
1173 1957
1495 1957
1495 1173
1225 11
496 198
338 1819
1496 586
336 4
132 1497
29 213
1486 252
168 861
100 867
41 867
145 1910
138 406
214 382
1063 712
1063 381
1063 382
959 3
1063 214
22 125
1498 139
555 454
974 959
550 1697
220 1215
74 653
382 712
214 712
210 959
555 445
73 125
961 11
1499 220
125 472
687 610
687 472
687 125
610 125
784 687
784 610
784 472
784 125
827 246
827 432
931 1253
1253 519
931 519
149 19
1009 1225
1393 19
1393 149
1368 71
508 847
222 165
246 432
857 67
829 1020
1226 1308
200 13
1500 94
1474 1430
155 148
1474 731
1501 661
961 1423
1423 11
513 833
341 2819
124 550
486 886
46 86
75 483
989 483
989 75
555 904
555 724
738 1502
9 1502
1502 73
1502 3
96 1502
217 338
904 1176
19 724
1176 724
724 17
733 3
1223 224
1295 117
207 4
628 592
314 2621
10 1123
1130 1150
1503 1150
1503 1130
1246 465
1246 950
465 950
1504 68
359 1483
1246 157
359 243
478 2573
1242 224
290 396
290 1098
290 567
0 177
1505 2774
904 724
284 16
904 445
1176 454
33 210
19 454
445 454
17 454
17 445
1219 133
284 207
555 1176
28 366
637 408
1122 210
1122 73
637 1697
408 1697
724 454
145 207
663 101
628 101
628 663
207 663
1506 1144
724 445
445 1176
784 1009
784 11
1009 11
132 33
132 1122
255 207
110 200
1507 1149
228 1508
133 74
592 74
592 133
1509 9
1510 930
1511 1512
70 486
10 486
7 74
311 1258
1513 284
1513 71
1514 117
1509 73
122 1947
69 837
1515 11
3 886
886 114
1246 341
857 29
427 1567
806 674
898 959
837 32
69 32
1512 11
498 863
24 26
116 374
1462 1523
669 585
886 171
669 11
1274 311
422 32
413 19
11 585
335 103
1516 497
640 853
1516 726
228 726
843 132
228 1516
497 726
441 71
116 212
1512 86
175 252
75 252
75 175
170 252
170 175
413 415
1239 196
572 1517
1511 11
19 415
1511 86
406 1311
35 1339
1518 1519
271 4
159 411
271 341
271 235
271 101
1008 483
132 224
136 212
411 383
411 1453
159 383
136 374
1149 116
182 1431
0 271
0 341
0 235
1149 24
4 235
7 802
1043 1520
1521 1077
7 123
10 62
10 422
36 207
10 32
136 26
1434 284
341 101
235 101
1149 26
123 802
278 570
16 147
136 124
136 24
6 1453
73 189
1149 374
1149 108
3 1274
45 10
228 974
4 792
263 381
628 1339
628 371
189 38
4 436
135 38
11 405
1522 117
792 436
246 824
187 489
19 741
19 805
1453 383
136 1149
479 75
136 116
318 1943
1149 212
161 687
35 228
212 374
22 1202
73 230
38 1502
38 1202
149 101
16 199
38 210
34 659
506 9
459 359
1440 1223
661 1524
115 371
661 1265
587 79
587 397
640 473
587 77
212 108
587 157
9 105
9 659
105 659
79 397
79 77
79 157
207 35
9 207
1524 1265
410 155
157 77
374 108
1122 59
73 59
1326 711
1525 6
1526 157
1526 572
33 59
1527 1588
572 157
423 20
396 550
1528 1258
263 11
258 77
258 157
258 587
206 1714
325 468
228 411
29 646
157 397
29 207
1529 140
1530 140
1530 1529
77 224
282 140
71 0
282 1529
282 1530
26 108
26 374
207 646
9 646
4 499
24 212
1531 70
388 279
39 499
24 374
26 212
452 284
284 0
11 639
371 639
1202 1502
1246 499
397 639
1246 39
210 1202
77 397
397 371
410 881
101 499
101 786
1209 846
378 2408
1192 378
1246 209
11 463
786 499
217 1246
62 463
207 2408
11 378
339 462
1246 6214
207 378
595 484
1532 1114
101 102
238 100
207 660
11 660
7 115
137 1384
207 104
462 483
68 6
330 0
397 846
784 73
784 2379
73 2379
11 2379
1533 530
339 483
1209 312
85 6726
108 1209
33 6726
108 397
22 846
312 846
108 587
1215 294
519 222
519 4
108 1534
10 96
397 312
587 1534
682 1390
463 3
786 102
463 22
786 974
499 974
33 85
190 6726
108 846
190 33
682 2289
1535 262
22 1209
1536 1537
1209 397
974 102
499 102
1192 207
588 981
1234 40
588 957
588 1538
588 40
588 1234
1538 40
1538 1234
124 1234
32 1234
415 32
415 124
415 981
415 588
446 193
415 1538
415 40
415 1234
415 132
1234 957
1234 981
981 40
999 11
124 1538
124 40
1539 1480
32 588
32 957
32 1538
1540 1837
1234 132
146 193
492 124
463 1542
463 207
1016 829
347 981
347 588
347 957
11 1542
1541 297
347 1538
347 40
1542 207
627 824
1542 73
347 1234
347 415
1542 62
62 207
492 32
263 1042
492 132
492 981
492 588
492 957
133 263
492 1538
492 40
492 1234
1042 133
492 415
347 32
347 124
8 462
3 2
818 600
127 2
8 34
132 2
1538 132
2 34
2 462
1538 981
132 341
1538 957
8 341
588 132
1343 1463
957 124
132 981
124 981
957 132
957 981
127 462
3 207
3 462
127 34
722 86
452 951
8 951
40 132
127 341
341 462
132 462
40 957
1543 2840
137 3
137 1545
453 77
137 1547
243 77
415 1547
415 1545
415 137
1544 77
1544 453
137 347
19 202
1545 347
1545 1547
1545 3
132 1545
818 453
32 1547
137 492
32 3
137 32
137 124
137 132
137 588
137 957
137 1538
137 40
61 498
137 1234
32 1545
1546 599
292 1594
492 3
492 1545
492 498
198 1532
492 1547
433 263
124 1547
124 1545
492 347
1547 1549
1547 1215
19 1548
1548 1602
19 1602
498 981
498 957
1549 1215
498 1538
498 1234
498 415
1544 243
498 347
498 1547
498 3
498 1545
498 137
1545 40
139 396
1547 588
1547 957
1547 1538
1547 40
1547 347
1115 10
1477 139
1547 1234
11 1551
833 317
1547 981
207 687
641 687
641 207
1547 132
3 347
3 1547
395 1515
133 38
1545 588
1545 957
1545 1538
1545 981
1550 4
11 1567
319 1551
3 981
1551 1567
747 199
4 586
3 957
3 1538
3 40
3 1234
1550 586
1545 1234
137 981
1141 278
17 829
238 829
238 17
700 829
700 238
1552 7
92 3
571 119
840 17
840 238
840 700
13 829
13 238
13 700
840 829
13 840
700 0
700 67
217 665
676 700
676 288
85 152
11 152
700 288
700 292
700 319
700 11
189 152
22 551
700 34
700 255
700 48
700 22
288 292
700 252
288 319
288 67
288 0
288 69
288 252
288 34
288 255
288 48
32 468
1019 1058
411 19
196 362
149 263
1553 7
969 22
969 205
338 205
318 74
77 1098
700 73
700 69
132 362
396 1478
585 1744
665 974
961 1554
963 1554
963 961
155 812
6 733
1555 1325
398 292
840 50
80 50
80 840
904 1434
1489 1085
974 294
128 338
165 1215
286 1750
1215 1408
951 418
418 989
951 989
207 826
48 676
34 1556
1333 1556
1333 34
362 1023
1000 263
868 3054
974 3054
1000 7
270 339
48 11
463 676
463 48
22 48
297 3
297 422
297 308
3 422
422 308
590 1106
319 676
200 299
628 6727
319 22
590 905
255 67
1557 228
913 1021
1041 1558
1558 918
833 101
833 284
108 101
108 284
101 284
471 1559
670 1325
73 670
368 670
255 69
255 252
75 364
1231 3003
1231 1561
24 3003
24 1561
24 1231
1088 75
67 5869
933 10
1560 1552
1560 7
1560 451
1560 215
1561 3003
676 67
676 69
676 252
676 34
67 0
67 73
22 308
67 69
67 252
48 292
1246 213
1093 6728
1562 2451
840 559
292 22
292 676
1074 249
48 319
48 67
48 252
1563 6
319 67
48 69
292 255
292 34
292 252
292 319
292 67
292 0
16 85
16 189
11 184
16 184
292 69
833 108
207 68
1144 70
309 1144
319 69
22 833
319 255
22 452
319 252
62 16
319 0
996 448
52 448
11 258
207 258
136 34
136 341
136 11
628 136
1564 233
147 1570
147 74
1144 628
174 11
174 1144
536 215
1144 35
34 1144
34 174
29 215
1565 398
312 3351
397 560
2 21
263 101
38 9
536 29
1566 215
445 669
149 1567
445 243
483 17
669 1176
700 29
155 540
700 536
700 1566
1468 1057
564 215
856 392
564 29
1176 243
149 1568
892 272
8 1144
8 174
19 62
1567 1568
585 243
1566 29
1566 536
700 215
430 1918
72 1568
108 3351
1261 388
479 87
786 74
786 147
786 827
74 38
74 1570
147 827
560 207
1569 1141
1569 278
1401 215
564 536
147 73
827 38
862 32
69 73
817 73
667 57
1184 585
1184 1176
1184 669
1184 243
388 346
388 817
346 817
585 445
585 1176
1184 445
827 1570
786 1570
38 1570
1570 73
1004 275
11 1004
564 1566
564 700
862 396
77 862
140 541
454 541
454 140
508 207
190 38
19 862
1571 90
419 90
419 1571
1572 6725
676 190
436 454
436 541
24 34
1339 502
499 3
1405 52
38 411
38 295
411 102
102 295
830 93
325 278
325 452
323 1405
747 19
433 140
433 1573
140 1573
198 735
284 561
452 19
669 132
430 729
430 278
430 1575
430 166
430 255
73 729
73 278
73 1575
73 166
255 278
729 278
729 1575
729 166
729 255
278 1575
278 166
255 1575
441 255
9 1574
1574 1115
9 1115
1456 637
441 430
441 73
441 729
441 278
441 1575
441 166
255 166
1575 166
1465 207
1465 11
1576 886
6 886
6 1576
1578 139
886 1461
207 146
11 146
1579 454
243 669
396 1382
384 766
35 766
24 1115
278 721
282 133
282 1580
1580 133
1053 994
1191 928
35 384
135 667
135 125
125 667
215 485
33 456
456 1122
1581 33
1581 456
1581 1122
1582 33
1582 1122
1582 1581
1583 494
153 856
1582 456
1576 1514
131 209
1584 967
343 764
404 157
945 68
1520 68
1520 945
217 667
71 1281
266 161
200 1130
308 60
669 765
207 857
29 320
325 252
325 320
252 320
161 207
147 205
266 207
485 451
135 1585
207 747
224 135
1585 311
207 252
149 207
1586 215
133 1279
38 284
436 3
3 284
133 1590
1308 1983
52 527
2 527
1587 391
1588 3966
11 825
11 765
170 38
170 436
170 3
170 284
73 1567
73 436
1567 38
1567 436
1567 284
1061 1160
1279 1590
170 1567
961 1589
818 1589
371 543
297 646
22 1246
22 733
196 228
35 20
452 5
73 363
1551 207
519 19
519 363
319 207
1567 207
243 121
396 121
170 73
1207 3
1591 741
1479 1591
1214 34
22 1214
119 108
246 34
610 1246
790 857
62 369
7 1586
1592 414
140 451
0 378
0 281
281 378
933 8
894 6470
215 451
1207 284
86 931
740 894
479 101
1207 170
1207 73
1207 1567
1207 38
1207 436
200 19
482 6729
1322 359
1593 11
1593 592
1593 1595
1593 510
11 1595
67 10
11 510
592 1595
592 510
132 1594
132 292
1595 510
445 588
29 325
0 318
9 228
479 22
527 22
1068 277
1596 270
19 1597
1244 73
252 22
1290 539
73 498
1244 3
1244 177
1244 8
1244 210
1244 498
1244 9
502 433
1598 1597
1598 19
196 599
904 966
161 249
1599 1427
2 212
1599 19
26 2
1212 1223
1600 223
177 52
278 406
278 665
230 4515
9 498
4 16
276 330
87 330
4 784
87 276
733 19
815 741
1502 1933
29 1933
3 1601
627 1603
1552 451
1552 215
0 252
1602 39
784 378
1603 1043
1603 824
29 1502
498 8
252 34
498 210
284 278
9 19
284 985
278 985
1246 185
1246 210
29 977
570 222
62 243
951 199
951 75
720 1604
656 2774
224 24
224 10
243 60
270 200
1246 1123
1246 221
1123 221
483 36
210 200
862 625
862 857
131 1778
210 270
1176 124
758 124
628 614
270 1246
564 624
564 188
1246 200
624 188
1604 3078
341 212
588 84
11 84
11 588
84 284
8 212
8 115
3 212
293 243
147 75
786 1105
263 641
553 6730
1605 338
11 168
182 1451
2 177
720 3078
2 115
588 284
768 292
29 131
115 34
115 3
29 224
131 224
574 108
20 1350
1434 1295
177 115
433 368
212 177
212 115
341 177
341 115
101 974
1554 102
58 73
1606 170
1607 132
661 102
661 1554
1608 272
775 35
1609 11
80 559
232 677
630 132
465 81
159 29
1610 108
1553 1555
815 338
815 276
341 166
341 6
166 2
166 34
166 462
276 19
188 2252
1611 284
9 732
9 235
979 1771
1612 614
508 614
508 1612
260 614
260 1612
260 508
1613 614
1613 1612
1613 508
1613 260
661 2360
1614 86
1614 398
86 398
1308 40
1308 80
40 80
1615 28
993 1246
379 235
233 308
152 1616
132 80
232 1186
732 235
388 567
567 543
567 39
152 100
1616 100
464 1037
645 39
246 1230
132 1230
677 1186
1617 87
39 388
543 39
1246 628
313 6
969 1106
84 207
455 2573
455 989
455 132
7 1519
29 985
73 985
626 198
447 981
614 102
614 6
19 974
314 974
314 19
0 847
33 847
38 847
283 6034
122 22
1618 896
185 270
368 122
7 122
122 1325
1615 577
989 2573
450 1456
388 1456
388 450
1155 513
11 462
132 2573
110 38
110 29
110 108
110 452
1619 311
126 207
928 2331
100 284
126 11
67 441
1076 635
423 292
1022 359
359 1221
359 2050
1022 2050
1221 2050
1541 1408
1620 1408
1620 1541
43 1621
772 134
1622 1130
424 1625
19 768
1623 1336
1405 1223
698 667
1517 655
1624 225
276 1209
48 873
1625 6
68 70
1626 406
127 2330
40 34
1457 153
499 2903
433 445
433 133
263 445
1627 7
282 1627
77 585
40 585
40 77
3 585
34 585
445 133
553 10
1628 553
1030 38
1030 199
311 590
445 196
406 215
215 553
215 10
263 553
284 1629
445 215
263 723
246 611
207 184
263 10
1423 312
1630 1638
19 669
19 665
334 827
585 516
1631 331
1058 433
974 433
974 1058
669 396
669 136
669 541
52 1632
1632 190
1633 433
665 136
665 541
396 665
56 60
1633 1058
207 1018
1018 11
669 1634
619 775
574 6731
1163 1728
131 894
1635 200
17 909
17 903
909 903
1633 974
149 1556
56 1415
452 1637
210 642
243 19
243 543
19 543
19 502
243 502
1636 1314
261 1314
261 1636
945 1637
113 325
835 50
1639 3875
717 1314
101 270
101 210
717 1636
1637 135
243 904
904 87
243 87
77 763
455 77
1415 69
60 1415
945 135
717 261
833 1637
833 945
1030 847
136 1640
136 75
136 1595
136 70
34 951
34 1640
34 1595
34 70
228 2486
136 166
75 1640
1595 951
1595 166
1595 6
1595 1640
1595 75
6 1640
70 1640
70 1595
136 951
29 1640
29 1595
29 136
606 951
606 166
606 6
606 1640
606 75
606 1595
606 70
85 136
951 166
951 1640
85 951
85 166
85 1640
85 1595
75 166
506 243
135 506
135 1214
132 506
506 1214
243 1214
442 297
69 519
297 519
302 132
302 61
1214 302
935 1651
1640 166
302 135
108 669
302 243
132 135
61 506
833 903
61 1214
61 243
61 132
302 506
61 135
606 34
606 85
606 29
562 1641
562 677
1641 677
1642 2023
1643 476
834 536
1644 442
1643 605
1643 918
605 918
974 311
1172 574
451 592
19 1648
1328 1514
190 1645
1646 67
113 1648
113 246
246 279
11 614
1317 287
1647 208
1648 246
263 712
1649 3221
4 41
29 1650
1650 9
1651 17
41 453
4 453
935 17
903 1651
712 1652
147 687
147 411
1161 16
1653 665
262 1099
40 6
1066 338
61 423
266 766
1158 19
1158 279
442 519
260 297
260 69
69 117
1126 981
1126 1309
1126 982
503 200
46 102
69 982
69 1309
69 981
292 117
1355 273
1309 981
982 1309
117 1309
292 981
292 1309
292 982
217 1308
1355 975
761 292
275 558
32 630
1309 630
1246 761
1654 452
1655 78
1126 117
1126 292
1126 69
630 981
630 982
630 292
630 69
630 1126
630 117
273 975
847 69
847 11
1030 69
1030 11
981 847
981 0
981 33
981 38
981 1030
1030 0
1030 33
69 33
981 11
59 847
1158 1496
551 113
551 70
892 3
210 892
213 200
1158 32
1496 32
59 38
59 1030
59 981
52 102
951 682
378 951
15 1782
249 1782
6 207
556 340
590 1717
473 1717
1649 1656
178 38
766 207
1460 336
473 590
553 582
184 1293
766 36
1657 19
210 430
86 93
881 132
289 200
34 289
260 442
260 519
1658 1057
31 221
11 766
981 956
1309 956
292 956
35 505
46 505
46 182
46 617
46 355
630 956
956 32
956 982
956 117
1223 628
201 29
505 182
201 207
956 69
956 1126
201 11
617 35
75 4
1416 145
978 145
978 1416
508 146
75 101
617 182
35 355
505 355
69 427
1648 1660
1659 1339
1367 1659
1661 1519
1069 422
1662 748
22 422
1662 422
210 102
1209 285
1662 285
1662 1069
1209 422
308 1069
308 285
748 308
748 1209
1305 1069
1305 22
297 1305
1662 22
748 297
1662 793
748 793
1662 1209
1305 793
102 213
297 1069
297 22
297 793
422 1305
1209 1305
1069 285
22 1069
1069 748
285 22
285 793
1209 793
22 748
308 1662
285 1305
1209 1069
308 1305
1662 297
989 294
748 422
308 793
22 793
1069 793
1662 1305
1209 297
422 285
748 285
29 199
422 793
