7172 598
35 85
618 10
88 338
618 107
88 228
222 11
618 11
618 3
587 127
618 308
125 113
587 11
72 38
182 52
587 101
125 11
84 202
84 38
169 473
169 469
107 308
619 8
69 149
202 38
304 626
3 135
22 246
620 621
394 81
270 526
622 19
170 526
73 332
170 270
136 6
297 8
199 38
105 427
79 155
8 52
539 119
241 246
145 1212
3 85
72 623
499 996
149 38
624 73
625 26
265 68
226 9
140 132
6 230
536 6704
627 1435
190 189
628 11
628 145
541 418
29 145
29 628
69 1176
286 885
127 3
127 101
274 126
587 3
110 634
140 472
427 323
629 198
630 765
541 131
461 631
201 631
201 461
632 11
633 53
110 989
634 989
6 663
635 215
132 437
636 215
252 69
479 149
479 69
479 252
252 149
271 475
12 475
12 271
157 159
137 19
182 10
255 6
637 638
217 463
635 636
371 35
363 423
639 423
639 363
125 159
372 555
288 985
588 392
218 618
540 265
313 567
246 1634
640 69
628 100
9 73
74 116
255 436
9 153
628 31
481 3
641 190
116 11
116 34
8 649
642 69
643 439
8 173
75 649
114 831
32 62
32 648
75 173
75 8
641 551
163 661
499 332
644 645
646 22
646 286
646 177
177 286
22 286
22 177
377 13
647 1925
648 62
649 173
650 35
6 289
651 272
651 263
38 80
548 1150
7 6705
551 190
490 157
490 159
297 44
652 262
653 3
140 222
222 6
140 6
0 116
332 175
430 8
65 85
588 483
397 313
210 4014
157 6
11 144
157 146
6 146
272 655
573 134
656 498
442 22
657 157
99 6
3 632
132 144
48 131
8 131
4 29
8 48
293 573
658 479
293 134
659 205
138 659
138 205
149 485
542 265
592 485
592 149
11 551
19 656
68 861
3 661
325 660
3 325
661 325
662 730
216 246
663 52
664 559
230 284
75 284
26 328
585 673
246 585
132 86
328 671
4 127
328 669
26 669
168 69
0 676
665 671
168 84
26 671
168 667
666 487
667 84
668 228
175 119
146 446
669 671
16 101
200 6
189 122
670 592
34 200
9 284
201 427
671 246
71 145
672 667
672 69
672 84
672 168
146 36
175 146
159 249
69 34
674 3
341 34
639 118
22 334
69 675
385 334
423 22
332 69
423 334
332 675
639 203
49 69
436 70
60 69
23 118
23 35
674 38
543 140
228 279
301 124
543 123
543 510
36 102
677 279
69 84
665 26
585 339
665 328
678 313
146 680
665 669
132 210
679 313
86 210
679 678
6 396
639 35
36 871
69 667
80 199
15 430
681 152
396 11
154 140
123 510
135 22
682 11
102 8
32 379
368 683
684 11
348 339
203 60
442 60
475 73
372 732
587 266
562 131
682 6
200 687
8 687
8 200
685 1149
686 85
207 1208
489 11
489 6
489 682
371 233
673 205
196 205
196 673
688 388
513 673
513 196
687 11
170 499
397 570
198 689
491 15
6 690
71 86
166 692
166 10
691 120
692 10
693 3875
90 132
242 100
498 694
423 442
423 19
10 26
3 26
189 479
695 1697
696 1697
696 695
628 174
697 189
502 371
430 286
474 348
451 371
698 1497
85 479
325 8
138 175
385 442
19 60
68 266
210 90
699 826
19 385
49 26
19 442
510 641
111 2454
413 2454
413 111
423 60
700 17
6 687
72 34
301 430
11 486
701 31
233 136
26 701
582 665
301 69
224 124
582 123
104 70
702 406
703 406
270 70
703 702
124 454
124 243
396 243
396 124
224 454
243 454
286 1297
44 900
132 706
246 706
498 1562
24 461
3 112
3 341
704 796
24 201
705 6706
341 112
228 178
707 708
561 187
709 187
233 635
709 561
187 19
561 19
709 19
71 486
710 4289
284 68
26 149
68 73
711 72
215 712
712 715
288 52
22 276
120 1048
70 687
132 62
35 687
228 937
22 1274
276 1274
713 665
714 753
715 215
102 352
62 479
56 119
716 456
92 175
717 719
718 719
718 717
23 340
102 34
436 230
22 477
34 352
716 73
352 6
720 279
108 764
6 721
721 19
116 58
722 11
6 570
590 135
7 502
723 502
723 7
543 502
70 262
543 7
6 238
6 472
6 258
721 258
48 493
721 472
721 238
721 570
721 182
19 140
19 258
19 472
19 238
19 570
19 182
724 73
724 863
543 723
68 540
205 22
205 39
86 190
216 60
232 132
725 220
3 216
329 203
184 659
721 140
184 177
34 1407
258 68
477 11
661 929
477 102
190 75
726 10
11 726
625 31
659 177
329 216
238 182
472 182
727 138
727 29
727 173
727 436
727 11
138 29
728 741
138 173
138 11
11 173
29 173
29 436
173 436
138 436
70 52
7 215
7 718
7 140
140 718
718 215
718 723
718 543
215 723
215 543
140 723
168 285
168 132
285 132
238 140
730 40
238 258
238 472
258 472
570 140
570 258
570 472
570 238
182 140
182 258
182 570
715 1476
731 729
288 73
201 92
427 22
17 79
732 479
246 15
258 140
329 3
590 22
108 591
625 3
625 219
65 70
68 31
188 12
423 216
423 3
423 329
625 100
625 149
102 216
31 149
102 329
100 149
219 31
219 100
219 3
75 189
75 625
75 219
75 3
75 100
75 31
75 149
68 189
68 625
68 219
189 219
189 625
75 68
189 100
341 551
443 928
733 204
189 149
199 424
102 60
188 452
68 149
177 734
10 315
734 22
131 238
22 641
