7172 1118
222 3
19 245
127 859
347 132
848 850
347 768
92 851
849 2001
852 249
600 116
3 67
222 600
853 119
170 648
410 144
127 874
11 53
452 410
445 854
24 220
855 175
61 682
284 245
73 245
856 626
857 288
858 371
747 29
654 75
402 75
402 654
2 154
263 376
19 286
132 872
72 625
72 865
859 22
19 284
639 552
502 133
62 4
52 158
62 374
335 483
2 789
41 789
452 213
452 4
41 2
77 363
860 241
10 410
570 410
4 874
674 157
71 1431
862 102
862 305
102 305
863 21
276 224
152 878
396 276
591 278
864 969
863 1258
794 119
222 859
222 71
865 31
3 874
506 1461
388 1974
866 410
867 462
243 882
865 625
222 639
396 882
222 874
297 542
138 855
617 11
617 116
617 284
606 440
661 440
661 606
868 426
869 900
210 1132
11 582
870 1862
402 301
4 301
4 402
410 112
67 1150
871 1150
871 67
133 543
768 872
72 31
359 11
873 144
873 410
273 0
256 628
3 639
3 859
639 874
874 859
874 71
639 859
639 71
859 71
3 71
875 3507
410 332
189 876
189 632
189 844
61 19
397 61
273 93
632 876
876 844
659 625
632 844
77 62
786 674
162 866
338 22
382 553
485 553
485 382
6 309
406 4039
331 12
166 145
877 487
487 1988
877 1988
4 38
101 69
879 880
789 258
147 101
332 83
177 83
780 485
200 38
881 187
227 886
139 882
108 882
108 153
882 153
217 10
69 570
883 570
883 69
139 108
884 198
122 651
885 217
112 614
85 575
885 10
510 598
228 6712
396 263
270 100
6 73
325 119
887 406
768 217
150 3
133 121
162 341
472 100
472 270
7 1001
108 1048
733 11
73 62
11 472
11 270
402 519
7 11
888 86
889 11
286 889
410 73
41 74
570 10
161 71
4 184
0 101
0 184
101 184
11 279
205 279
108 396
217 6
424 217
4 101
213 199
124 330
462 209
210 209
890 2840
39 222
127 222
7 3636
891 11
891 4
892 185
459 1041
213 6
483 533
26 116
86 52
108 2978
146 443
210 462
893 24
893 6
4 659
445 62
445 60
797 19
797 325
894 325
666 1661
325 540
145 895
67 34
34 38
477 332
477 38
477 4
477 34
894 119
67 332
67 38
67 477
895 517
161 250
896 940
255 315
52 897
11 2286
775 68
775 2286
217 550
895 284
895 73
73 517
145 517
52 355
517 284
21 1258
332 199
83 62
898 322
713 1171
19 22
38 22
83 4
4 201
38 19
158 230
77 8
86 905
213 62
68 900
11 914
32 348
397 556
28 11
900 28
381 6713
52 22
217 22
901 991
900 11
92 336
68 914
230 751
551 104
900 914
77 19
465 4
77 38
204 4
232 753
72 1567
72 319
539 11
732 902
440 898
34 1567
34 319
157 4
205 1461
903 1461
11 1615
68 887
753 517
85 104
237 84
904 3
487 884
100 905
148 258
62 906
587 6
319 1567
102 587
336 436
92 436
263 282
3 506
904 17
907 820
908 32
318 83
85 4
73 217
73 61
217 61
13 71
36 69
909 6
78 36
1 84
571 928
220 1021
216 446
119 137
442 69
241 61
241 73
910 57
155 917
318 62
318 4
857 6
17 4
70 628
338 911
241 217
486 722
912 9
913 241
318 213
913 73
402 11
402 0
913 217
913 61
592 7
83 213
201 495
860 217
0 132
0 548
553 916
517 232
199 75
502 140
577 4
427 85
132 548
914 28
826 254
149 639
908 348
332 19
332 297
332 823
19 297
397 823
915 205
297 823
85 318
402 548
587 639
903 205
918 3555
342 100
321 386
264 2147
187 22
132 931
472 122
215 122
215 472
919 921
920 676
321 216
386 216
919 1092
71 175
740 759
479 606
871 570
479 771
132 570
68 1615
921 1092
922 215
201 208
243 2825
201 595
201 265
265 208
72 380
265 595
15 1634
923 196
208 595
309 0
77 606
74 10
923 153
196 153
924 72
196 15
802 122
802 472
802 215
924 34
499 86
499 300
300 86
196 246
411 482
771 606
159 606
19 901
254 29
924 319
381 802
553 802
553 381
924 1567
325 901
670 7
239 11
239 410
239 4
854 132
338 590
325 1591
391 670
4 410
730 1819
871 410
73 153
925 637
465 230
465 698
871 10
396 32
886 220
886 882
228 385
452 17
3 1130
132 585
3 1106
189 158
60 177
189 182
886 132
70 230
53 17
70 38
17 69
38 722
221 746
926 721
70 71
53 69
882 220
155 34
168 931
789 418
927 173
452 479
928 7
20 22
158 182
632 177
3 182
171 6
929 284
124 19
930 368
722 6
60 632
32 1568
161 570
161 11
274 213
498 124
168 585
346 6714
931 585
168 1106
132 1176
720 224
6 456
155 38
388 325
168 3
928 11
22 456
102 177
932 116
933 4
125 19
19 541
11 570
19 17
462 1058
934 133
59 132
10 52
38 131
7 347
903 935
59 347
17 1176
541 1176
674 199
17 541
6 131
131 11
85 230
85 38
10 213
85 131
38 230
935 224
936 100
903 224
157 746
38 104
61 768
149 614
246 768
937 587
891 225
104 131
783 1125
48 177
6 53
3 158
230 104
230 131
157 463
8 182
312 963
7 59
264 159
102 149
515 11
263 215
427 4
861 297
479 102
29 430
136 1058
486 6
136 462
515 709
19 1176
71 104
132 131
71 131
31 213
52 213
175 938
70 131
938 146
452 102
38 132
882 132
939 510
11 347
71 85
616 857
77 396
940 8
940 325
940 119
941 278
452 68
216 52
90 398
452 73
398 210
410 610
942 482
38 452
38 60
452 60
73 330
419 165
943 419
661 20
410 944
230 35
610 944
314 574
946 4
73 149
22 4
73 29
73 135
101 153
947 6
246 171
149 135
73 747
468 171
408 2008
408 722
452 135
452 747
772 1610
371 948
68 29
68 135
68 747
722 2008
11 1924
198 949
575 3
722 3
950 12
545 3
430 545
410 41
951 30
217 35
485 233
8 149
854 1036
952 485
953 954
73 38
220 38
220 73
955 903
8 29
8 135
25 4
952 233
9 452
9 149
9 177
951 4
486 38
8 315
161 10
161 452
956 68
207 160
29 116
175 957
650 235
19 926
102 338
650 446
235 446
958 1616
452 10
149 747
644 1328
9 29
30 4
86 35
75 104
9 135
9 747
338 104
338 75
77 32
455 34
823 217
722 35
722 174
722 168
35 168
19 209
209 217
304 964
410 100
410 189
281 347
687 85
254 41
242 464
34 817
960 228
817 100
281 132
368 598
368 510
100 69
168 174
254 789
823 209
312 239
312 472
132 19
132 541
961 2737
472 239
207 4285
132 962
77 437
963 472
437 396
437 32
216 284
237 126
628 32
903 588
93 6
116 1
959 7
22 110
959 59
959 132
959 347
886 228
112 7
112 928
35 32
19 217
599 217
67 518
8 68
59 188
965 967
190 966
8 452
527 479
29 59
802 140
789 86
968 34
968 455
29 570
28 34
969 61
28 455
28 968
969 246
969 768
970 332
11 135
11 747
969 823
969 209
969 19
149 34
969 217
6 149
281 959
952 22
281 7
599 823
599 209
722 436
952 34
952 149
952 6
599 19
281 59
969 599
29 135
775 145
3 641
410 31
971 564
775 166
102 32
246 913
913 768
22 200
95 200
52 93
339 497
972 26
973 721
973 19
974 3
974 210
974 178
854 477
974 9
974 255
974 738
974 73
974 96
263 371
48 210
48 178
48 9
48 255
48 738
48 96
48 974
652 371
101 222
0 452
0 931
0 222
4 931
213 931
213 222
213 189
213 101
213 184
205 452
205 931
205 4
205 184
205 0
452 931
452 222
101 931
455 3
101 452
789 10
652 263
33 975
33 74
975 74
976 1267
137 392
8 288
228 977
213 410
978 29
978 570
10 497
166 87
3 87
789 497
100 70
979 246
445 246
445 979
73 445
73 246
73 979
959 445
3 70
959 246
959 979
228 891
959 73
980 289
157 35
452 659
70 0
70 107
135 396
0 933
100 676
100 255
100 107
100 933
709 586
676 255
676 107
980 11
676 933
70 676
70 255
70 933
452 189
11 252
981 32
32 117
32 982
981 117
981 982
117 982
775 3
343 10
343 152
973 926
983 4
85 338
498 11
807 368
452 184
200 93
513 327
200 101
200 135
327 17
17 513
68 611
984 339
215 381
116 832
985 165
986 157
984 132
786 430
909 173
722 173
722 909
11 909
913 988
645 982
38 147
987 73
987 716
135 93
135 101
11 93
659 149
988 246
61 988
408 149
246 984
989 854
230 6715
42 984
11 1166
33 38
990 35
436 3044
38 83
19 136
22 66
485 123
991 515
22 374
732 992
66 34
66 341
66 374
34 374
219 1453
341 374
993 3
857 35
210 6716
301 157
994 422
590 599
741 137
0 153
561 10
0 213
189 0
556 25
189 101
931 222
931 189
931 184
4 222
4 189
222 189
222 184
189 184
556 6
149 117
436 995
386 104
873 944
996 10
2 10
931 512
132 512
0 256
157 256
201 22
157 0
301 256
301 0
997 436
159 999
998 559
567 108
567 6
19 904
567 35
790 628
108 35
85 386
856 884
997 995
996 2
9 713
1000 297
8 623
777 623
38 551
456 9
145 16
22 1001
8 1001
1002 1005
1003 999
325 1406
22 29
29 284
102 687
206 999
34 79
819 628
1004 4
206 1003
1006 131
35 200
1007 69
475 3
200 430
69 1359
1008 335
132 926
324 592
132 973
135 322
132 258
132 398
19 931
19 398
309 721
309 926
309 19
309 973
1009 605
309 931
132 721
398 931
931 721
931 926
931 973
258 926
388 62
398 258
388 445
73 1010
258 973
258 931
398 721
398 926
398 973
1011 2098
61 6717
309 258
213 41
70 32
10 378
628 378
210 39
235 86
628 10
22 102
7 22
309 398
309 132
228 570
645 514
135 747
1012 514
1012 645
1013 73
730 637
166 637
166 730
145 637
145 730
1004 38
52 341
541 77
144 177
857 410
115 962
114 62
7 177
933 3
38 0
107 255
498 570
0 255
1014 793
611 793
1015 385
775 4
611 1014
0 107
190 52
1016 588
3 676
1017 781
933 107
933 255
70 548
70 332
23 28
1018 116
397 116
1018 397
