7172 5407
442 241
442 929
175 620
1403 1924
442 886
951 190
1914 1406
831 427
11 1983
108 291
442 724
1752 6
100 138
207 486
1915 155
79 1915
486 213
215 1279
39 147
951 2
79 1303
100 2137
1303 1915
6 119
6 325
1303 155
930 1361
415 62
135 886
1225 1419
1225 396
1225 279
1225 415
455 1916
455 101
455 1419
455 396
455 279
455 415
396 1916
396 101
1916 101
1916 246
246 929
246 1226
350 67
32 135
16 1515
933 9
933 71
364 90
1917 1295
511 483
511 989
32 1226
341 1963
32 1331
32 442
831 284
246 886
498 1178
1916 1419
1419 279
241 886
1226 886
1226 241
1419 415
396 279
396 415
279 415
1226 929
68 206
132 1507
1226 724
1226 135
665 430
1916 279
1916 415
765 1383
101 246
101 1419
101 279
101 415
777 11
246 1331
246 442
246 415
124 4
1918 94
502 94
502 1918
901 496
415 1920
201 296
201 73
886 1331
278 94
278 1918
70 157
124 385
4 1134
4 191
1425 70
1495 297
9 206
124 1369
4 120
516 989
278 5066
436 199
747 451
465 3350
278 502
334 185
210 334
124 541
941 1919
60 185
60 334
941 215
1919 215
60 210
21 730
168 730
124 20
124 73
243 890
1226 740
36 73
1331 241
917 62
1515 103
1331 929
135 241
135 929
9 541
639 180
388 1910
688 1910
639 396
62 180
119 284
1921 1424
941 69
180 153
180 1178
180 102
7 1361
180 396
62 396
592 1361
379 842
9 124
397 62
1916 8
1049 8
1049 1916
9 1369
9 385
9 77
1134 191
190 2
68 489
886 929
886 724
120 191
892 292
892 132
138 2137
1225 246
3 483
1334 886
297 862
119 87
1910 189
135 536
135 1225
1334 241
135 455
135 1916
1910 398
606 885
570 398
68 541
1910 161
398 482
396 206
68 385
126 463
135 330
398 161
135 931
1910 482
68 1369
465 482
135 415
11 931
11 536
8 398
11 1916
8 1910
8 465
570 465
1334 929
1334 724
19 1981
645 19
11 455
4 2
465 161
465 189
1081 688
1081 1910
465 398
465 1910
135 1419
8 482
1244 5
1334 32
483 210
567 184
184 279
184 645
567 904
567 279
904 279
904 645
246 536
184 904
1922 831
138 620
1424 1765
1834 831
246 224
563 1923
1925 465
1403 11
1649 2909
1902 48
415 11
13 102
189 482
189 570
189 161
415 330
415 931
17 463
1334 246
482 570
482 161
415 536
101 330
101 536
931 1225
931 455
931 1916
931 1419
931 279
536 132
536 1225
536 455
931 536
314 311
1497 224
1734 11
330 279
536 1916
724 929
1225 455
1926 1678
1926 661
1225 1916
168 166
32 886
32 241
270 2916
32 929
132 423
536 1419
536 396
536 279
1916 132
724 241
132 1225
153 674
665 219
728 951
330 455
388 482
907 533
388 570
101 288
388 161
388 398
388 465
931 224
388 8
159 483
1334 135
1334 1226
931 330
388 189
288 113
11 1419
159 3
59 36
222 36
57 59
548 1009
330 1916
224 330
432 59
1927 482
1927 570
1334 1331
1334 442
1927 161
1927 189
1927 398
1927 1910
1927 465
1927 8
1927 388
330 536
330 1225
548 967
432 36
224 536
224 1225
224 455
224 1916
224 1419
1928 245
1920 11
265 793
103 2729
265 587
587 793
7 1246
34 235
1821 2729
628 686
216 25
25 617
371 1246
1615 4
1615 74
103 1943
286 465
1929 1312
94 1930
73 206
1931 870
243 1212
909 1634
1289 419
570 946
6 946
207 570
20 677
1463 1212
1931 36
617 309
309 411
628 411
20 206
1325 34
149 4
284 182
182 29
161 38
161 75
161 52
161 22
184 73
245 885
1661 378
1578 4087
207 1615
207 74
219 700
1615 149
100 700
1932 82
588 1942
1504 963
1208 1933
263 100
263 219
263 700
1916 140
1916 215
4 1933
9 305
255 1865
255 305
278 1935
217 1934
1934 1085
885 2611
1288 1204
1288 1973
1233 1341
190 212
9 1865
60 519
692 73
692 499
692 847
499 73
73 847
499 847
215 145
1126 929
483 22
1936 198
1232 1937
3 1405
637 284
637 775
637 11
483 1865
483 315
483 305
817 847
13 4966
482 238
465 1938
1785 1938
1785 465
1215 215
1939 635
635 659
989 70
290 741
294 110
909 669
1664 1215
896 453
1288 1956
102 243
217 263
1940 805
19 205
817 692
817 499
742 11
742 951
110 1941
917 19
1942 9
1942 284
1943 2729
1915 74
88 356
161 6
22 75
1369 206
385 77
1331 724
1331 135
724 135
184 1246
1369 73
318 1246
318 184
1920 73
974 189
471 571
338 497
1339 1002
22 2468
747 1326
931 1352
1607 292
1607 892
220 22
225 425
6 50
145 378
132 315
22 415
132 1865
146 775
385 4
378 775
385 541
385 20
385 73
385 206
487 1096
628 50
1920 452
415 452
442 135
1819 276
599 276
599 1819
635 445
85 50
69 177
62 1178
178 84
1043 1698
1043 19
131 929
415 933
1944 539
178 168
168 39
1945 698
241 929
224 1126
166 84
32 497
1369 20
719 7
719 2604
1133 3781
1043 861
364 483
7 2604
1043 22
962 1744
1369 541
1369 4
11 1687
1687 419
1687 165
58 278
1946 1947
301 84
301 168
385 6744
124 206
1369 385
1369 77
146 378
1043 6
1043 1225
6 1225
302 1328
1226 1331
38 1225
424 687
605 1651
71 687
1948 1421
77 206
1328 506
1328 77
1328 135
1043 385
243 1328
38 1043
302 77
73 4
325 1657
4 206
541 20
541 206
52 38
1383 817
456 1891
297 1371
62 639
1949 8
1950 945
1226 442
217 1703
1331 442
1949 1326
506 77
10 101
86 62
9 101
1951 71
34 985
77 20
1929 503
77 4
733 50
733 85
228 294
733 628
1288 1955
1952 1918
276 32
1952 147
839 3
35 77
35 276
147 1918
276 862
614 210
276 77
1478 562
614 315
252 3
72 296
561 861
19 861
35 178
22 561
35 255
765 1607
765 892
765 1438
765 132
630 1607
378 255
116 62
747 62
70 62
1312 1973
397 422
22 512
313 75
1504 75
338 2377
599 2377
378 178
630 892
861 1309
1067 625
892 1438
861 422
74 625
512 19
512 1309
512 297
60 6745
512 422
233 6745
233 60
177 6745
74 1067
1607 1438
1953 184
396 1369
1666 73
687 1272
515 552
338 1274
396 385
974 1760
1000 148
679 148
371 503
861 512
161 62
1954 639
432 96
258 422
79 422
498 79
503 1962
1204 1955
1204 1962
498 258
145 3056
941 286
648 379
278 286
7 38
1070 497
270 133
279 294
1910 56
1204 503
1204 1312
1955 1962
396 68
396 9
625 1246
22 1698
1955 503
1341 1556
1956 1973
1955 1312
146 827
26 628
1303 422
222 1303
19 422
1463 439
1957 388
1958 93
239 93
239 1958
13 93
1463 452
13 1958
297 93
297 1958
1959 640
840 665
1960 72
189 3039
378 75
166 284
13 239
1714 698
1519 670
1000 6
1504 6
1504 1000
198 1961
198 971
1961 564
1961 279
564 279
198 279
198 564
592 26
1456 582
1456 149
503 1312
582 149
582 278
149 278
26 263
297 239
378 161
600 280
1204 11
35 378
207 72
280 619
280 1965
280 145
600 619
1312 1962
1309 297
177 233
1309 422
630 1438
721 1953
1963 0
132 1438
1964 2070
455 38
1965 145
1965 600
145 600
1048 107
38 378
945 499
1288 503
619 1965
9 1147
1204 485
619 145
168 902
861 1698
99 2334
1884 1738
785 1246
1950 1002
61 325
61 452
599 32
645 1242
498 422
498 397
599 462
132 277
498 1303
269 312
498 110
246 347
929 898
929 415
929 1967
929 969
599 929
617 199
599 246
599 62
150 210
1966 32
150 25
1966 379
210 25
269 1209
132 969
599 898
132 1967
132 898
415 1967
415 969
415 277
22 1865
1967 969
1967 277
1967 347
1966 648
157 6746
969 347
1967 599
277 347
969 277
857 11
1405 11
1405 857
132 929
929 277
929 347
1967 898
1678 1350
898 415
898 969
898 277
898 347
246 277
347 462
347 62
1967 246
898 462
898 32
898 62
898 246
246 462
730 675
1967 62
1967 32
1967 462
277 462
277 32
277 62
969 462
969 32
415 462
1966 1338
62 929
599 347
199 411
462 32
462 62
639 498
599 277
599 415
462 929
661 1350
1968 805
1968 741
1968 137
132 1968
7 1972
1966 842
68 1969
292 294
108 2549
124 533
1970 1971
515 1671
515 9
1671 9
222 270
885 639
1360 1972
376 272
376 1685
594 747
292 308
1085 278
19 79
279 833
380 5397
1929 1204
833 294
220 155
388 92
272 1685
974 833
1929 1973
282 19
1956 1955
974 279
1956 1204
1974 92
452 1326
32 335
1975 628
22 861
17 4971
465 4971
270 448
108 269
17 465
335 20
1976 7
100 78
1977 1025
258 585
238 70
1956 503
75 587
1290 135
396 388
1956 1312
135 388
1978 246
1973 1204
1973 1955
1973 1962
155 445
1973 503
1929 1956
84 239
585 79
22 305
38 700
1884 989
1956 1962
585 1303
585 422
582 1299
1929 1288
640 1243
1255 102
974 32
396 974
77 974
471 665
276 974
1979 2163
1255 761
1255 359
1255 639
1255 153
1255 1178
1255 3
1270 396
7 1946
168 1152
1000 1456
228 312
3 1249
1255 118
761 359
396 153
396 1178
1504 732
541 903
69 388
516 445
967 577
867 516
1014 445
1249 71
396 102
1249 763
867 445
131 903
1980 2163
761 639
761 1178
7 228
761 3
761 102
396 1255
396 761
396 359
1255 203
1981 552
363 1981
1982 397
9 763
1672 862
9 1249
118 359
34 483
1983 217
470 174
118 153
75 570
118 1178
433 592
118 102
639 102
720 77
17 77
498 277
203 1178
3 378
498 648
19 277
62 118
277 648
1249 483
17 720
230 687
147 230
1404 441
203 359
1979 1980
1279 485
1984 21
46 32
200 356
32 126
32 463
1244 11
1244 255
396 20
1244 378
1244 35
1043 561
561 422
1246 32
1246 46
1244 38
620 201
1244 178
396 4
1390 199
1288 1312
1390 784
686 113
356 73
686 331
686 62
113 331
3 5
113 62
331 62
620 1299
201 1299
201 138
379 1338
1043 1985
84 39
648 842
1299 138
648 1338
35 1246
396 73
817 492
585 1985
180 1255
126 135
586 314
586 414
180 359
314 414
516 1014
1014 867
396 118
396 203
168 1984
35 359
35 1178
210 71
71 763
71 483
385 153
385 1989
941 1986
763 483
763 210
784 199
135 463
1380 26
427 138
1987 1988
761 3076
69 686
69 113
1989 139
1989 153
34 763
1990 110
1990 11
246 541
1844 1980
11 1742
246 206
107 1994
1288 1962
422 1698
1991 1993
1991 441
1991 100
246 468
1992 1641
1993 441
1993 100
441 100
1994 108
674 116
100 2456
35 2456
62 1255
1769 278
761 62
909 385
578 385
32 842
359 62
429 127
1338 842
406 69
578 909
1995 223
429 223
429 1995
127 223
674 26
19 1698
561 512
415 1463
492 279
1376 1385
70 1168
279 971
492 1961
564 492
661 552
998 69
688 38
688 319
1685 1996
1996 1314
1685 1314
617 8
470 1915
1961 971
492 971
1043 929
541 468
69 945
541 929
541 1043
1844 1979
1811 641
325 1043
929 468
136 639
136 498
283 639
263 1519
283 498
283 136
445 1252
1043 468
561 1698
1520 415
1178 359
127 643
1874 4
1178 153
3 359
498 585
1072 1887
1997 232
19 2573
19 989
765 217
643 19
1092 376
201 1768
9 1768
149 570
149 161
75 36
945 36
945 75
78 5928
1178 102
34 1249
34 71
222 9
724 3
385 454
102 359
628 159
1844 2163
548 67
1998 2909
1999 775
8 378
639 359
1698 512
203 363
928 1536
572 1685
75 145
75 230
150 222
5 35
70 2000
5 8
1929 1955
1929 1962
9 150
5 378
5 255
5 11
648 132
153 359
648 73
153 639
5 178
22 70
140 1975
265 222
265 1371
222 1371
2000 1975
2000 140
70 1975
70 140
253 21
679 1000
839 190
75 239
75 523
239 523
315 96
315 402
3 402
80 96
80 402
80 315
96 402
96 301
75 19
523 19
93 80
301 308
2001 974
96 101
93 96
93 315
2002 1382
93 301
69 829
93 3
239 19
35 149
93 402
577 19
577 239
1226 896
644 514
69 199
135 903
135 644
57 149
1246 1515
1515 4
1515 101
577 523
896 379
577 75
3 239
3 523
379 1226
3 577
1595 215
116 452
2003 101
2003 122
101 122
505 166
249 69
10 122
539 468
539 325
403 127
29 161
539 246
1504 79
2004 84
9 1558
9 371
21 506
2005 1933
644 903
178 308
84 308
645 2019
645 2013
617 3
177 278
2006 1657
1687 395
222 395
166 308
1463 783
840 1106
32 1106
32 840
381 854
315 39
80 301
80 3
213 59
2007 1002
217 669
275 951
423 885
847 610
102 523
594 487
1021 1176
904 239
904 86
86 239
129 833
315 1279
222 235
222 75
73 2265
3 1279
2008 232
101 1279
80 1279
80 39
674 545
93 1279
93 39
1279 39
301 16
16 483
1887 346
20 674
301 101
301 1279
189 2009
505 6
505 34
520 29
285 1246
1456 2010
1456 2011
1456 1931
2010 2011
2010 1931
551 19
2011 1931
1246 126
1246 479
479 126
132 551
217 136
2012 292
1461 278
126 892
126 6747
892 124
892 6747
126 301
124 6747
1002 1328
96 1279
96 39
476 224
1643 224
278 1328
285 479
285 301
551 217
453 19
453 11
453 551
453 217
402 1279
1779 1978
402 39
315 301
315 101
1862 278
448 145
479 301
313 951
1456 1647
402 101
728 6748
2013 1942
1504 512
1859 135
1176 1504
332 403
2014 284
105 34
2015 21
228 4
470 442
4 442
455 585
585 805
1504 258
52 777
1334 22
1334 132
2013 9
585 439
17 1848
2016 627
1176 258
1176 79
541 758
1176 512
1589 108
145 570
1504 19
1504 62
1504 422
1504 462
1504 445
145 108
243 758
2017 284
12 6749
2013 1558
2013 371
330 301
330 599
330 1089
395 52
52 671
330 186
22 492
284 1933
22 2024
720 1360
1211 614
168 614
168 1211
1504 614
1504 1211
903 264
917 264
11 2014
720 7
903 917
73 506
219 479
127 818
127 577
127 1942
127 1558
258 445
79 62
79 462
79 445
1392 388
258 62
445 1303
445 462
445 397
456 284
215 2918
132 1007
1360 1007
1360 177
1360 132
228 470
639 694
2018 694
2018 639
2019 1942
2019 1558
2002 219
2019 371
1176 422
1176 462
1176 1303
2019 177
71 73
2019 127
2013 818
2013 641
2013 577
22 599
149 1389
512 62
512 397
127 371
512 462
512 1303
512 445
512 258
512 79
72 1389
127 177
974 110
2019 818
2019 641
2019 577
2019 9
979 11
639 1225
22 1089
200 9
628 659
297 840
4 395
1246 395
70 411
6 650
1733 678
70 1295
2020 188
480 247
1361 247
1361 480
541 279
951 909
1783 6
742 6725
75 1950
75 985
1950 985
4 159
374 1007
1978 292
52 775
100 1198
645 127
308 39
166 355
10 2003
100 1584
639 679
1198 1584
122 301
2003 301
2021 67
301 10
492 186
189 2024
2022 764
189 301
189 599
189 79
189 338
577 9
577 1942
577 1558
577 371
189 186
577 177
338 2024
338 301
338 1089
149 2024
149 301
2013 2019
2013 127
22 186
492 189
86 1246
1123 857
492 149
1414 1644
108 1134
246 1066
149 599
605 392
1066 217
492 2024
492 301
492 599
492 1089
492 79
492 338
2013 177
149 1089
79 186
645 1942
1458 4
338 186
919 645
645 1558
217 297
136 909
645 371
645 177
1374 2023
1089 186
645 9
149 186
2024 301
2024 599
2024 1089
2024 79
2024 186
301 599
301 1089
301 79
301 186
599 1089
599 79
599 186
645 818
645 641
645 577
1089 79
639 246
4 289
1446 284
660 766
446 375
786 411
628 375
628 446
146 375
146 628
79 766
1504 84
627 206
627 974
29 1520
660 79
4 2025
48 4
1247 587
945 284
54 6750
660 168
22 1007
551 359
551 224
551 761
551 561
92 284
166 92
168 766
6 370
617 784
370 617
284 288
1544 418
453 418
135 418
9 288
2026 996
232 665
232 1295
232 406
1143 1929
1916 69
1916 676
2026 52
72 70
4 663
166 127
186 16
186 70
186 127
186 166
72 492
72 16
2027 315
2027 8
190 263
403 213
69 315
132 1036
443 1036
443 132
403 570
1801 680
2028 2032
2028 1285
72 127
10 951
72 166
72 186
168 29
802 1360
610 359
610 224
2004 772
312 2004
219 101
227 724
26 510
26 133
485 510
2029 2034
834 2034
414 35
610 761
610 132
1492 2034
1492 2029
729 2031
729 8
2030 168
1975 92
729 479
441 51
441 2031
441 69
441 8
441 479
1975 201
730 2033
51 8
51 479
51 729
132 561
132 1126
551 1126
485 133
485 26
224 561
224 761
39 854
219 527
610 1126
132 359
1374 2298
561 359
359 224
359 1126
2030 79
2008 665
127 75
498 453
1339 1204
1492 388
2029 834
2029 388
442 1483
396 2307
834 388
132 2307
834 1492
100 363
100 815
363 815
217 489
489 730
263 3388
617 1390
1270 498
773 4611
1380 6
1390 411
2032 1285
2033 338
69 2031
51 2031
784 411
8 2031
479 2031
2008 359
479 8
1200 359
1200 2008
665 359
665 1200
182 1101
29 378
2034 388
527 101
2035 279
1910 2037
11 483
519 342
11 72
59 342
483 72
483 301
651 976
483 70
72 301
70 301
617 132
617 101
132 93
159 565
16 70
132 70
519 213
74 588
505 101
505 132
505 70
505 8
1674 6
4 411
371 6751
502 6751
1594 2417
2036 2417
2036 1594
8 411
93 687
1339 485
138 86
138 101
687 101
342 424
256 108
1744 1085
1070 87
1381 84
52 84
52 1381
32 639
1815 730
1225 32
290 1984
19 1225
386 159
1246 386
1859 894
411 132
219 961
342 213
2037 2040
19 2
132 687
2038 302
70 101
550 1890
1456 206
263 6
6 592
272 1360
2039 628
7 107
2040 1910
2041 1918
815 1657
617 951
1273 541
1859 541
99 150
1859 1273
617 222
541 639
951 222
1405 1000
117 419
127 492
468 1999
468 2042
2042 1999
166 492
166 16
38 784
2043 541
2044 541
2044 2043
1668 961
11 492
228 483
13 2564
541 496
185 200
124 951
124 606
1744 951
1744 70
1744 136
1744 124
1758 951
1758 70
1758 606
1758 136
1758 124
4 617
1758 1744
145 606
263 1811
270 541
200 1127
185 1127
19 70
32 230
230 2045
32 2045
2045 38
650 336
650 138
336 138
19 4897
16 492
70 492
75 617
135 894
662 19
1815 492
277 492
19 1744
277 1815
2046 641
19 1758
502 1811
1105 75
2047 2305
137 1729
662 279
1303 62
294 2050
294 21
424 4
294 497
4 278
278 641
2048 213
903 2078
26 606
2049 132
903 453
951 145
2048 1246
436 78
502 69
1614 974
452 206
1336 502
116 104
861 415
861 258
929 928
479 1007
508 50
508 6735
38 2523
69 2523
56 3
56 62
56 292
761 974
56 10
56 100
2050 21
1504 617
1504 1453
315 2710
1504 249
2051 1456
62 840
3 840
1391 3315
1504 159
974 35
50 6735
1786 1862
136 243
2052 453
136 224
2052 955
1348 177
1348 641
748 2299
861 462
1942 641
661 147
56 11
1942 818
453 2078
9 378
686 150
2053 1519
453 126
20 462
59 86
498 2063
140 1204
32 1877
386 1788
263 1608
2054 866
498 861
4 86
964 6752
17 2062
1176 2062
637 442
71 29
136 1176
136 422
136 2062
585 861
844 127
238 374
863 502
32 374
292 62
238 32
1558 818
340 20
340 545
930 620
205 152
867 519
815 3
7 620
585 2063
585 20
20 512
336 519
974 203
974 118
867 336
1420 1707
422 2062
246 625
273 588
222 687
160 1101
562 273
2055 1048
207 210
2052 903
955 453
205 246
246 152
2055 1134
101 985
148 1303
1382 2206
148 793
1637 1514
827 479
2055 135
297 415
793 1303
512 415
198 606
985 479
2055 1610
2056 617
278 669
1308 1346
985 219
809 292
422 415
2057 16
422 462
3 65
2058 1950
1134 1048
2058 75
903 1392
135 1048
135 1134
313 761
1134 1610
891 10
891 152
724 1507
585 462
585 512
1048 1610
258 415
617 249
502 2292
126 77
585 1504
198 26
1246 342
617 1453
285 77
100 10
9 479
452 315
452 2710
100 292
985 527
2060 1647
10 292
2061 52
1382 219
219 2206
641 818
577 818
577 641
246 6753
325 6753
1967 335
2050 497
1295 2051
52 0
379 127
1390 541
77 698
930 1467
52 1609
133 11
498 928
946 39
1204 133
946 446
21 497
1609 73
9 641
136 17
392 1875
392 2064
1198 52
1595 1466
1198 219
1198 1875
1198 2064
1198 392
2063 462
392 219
548 641
548 177
2064 52
678 1000
496 1113
2064 219
2064 1875
392 52
19 308
953 1875
2035 7
2035 1361
953 2064
953 392
953 52
953 219
1095 419
951 839
614 270
52 219
39 565
133 6207
396 2065
29 1000
483 1967
2008 11
1253 100
1246 1440
170 319
2065 1478
2066 412
52 1875
120 526
282 485
282 2067
282 368
282 433
1685 592
2063 415
2024 330
35 839
1875 219
433 2067
2067 368
127 839
127 190
2067 485
903 279
368 485
433 485
953 1198
371 1558
177 818
177 1942
2068 1608
2068 712
712 1608
371 1942
640 206
367 1274
32 1887
1289 2069
371 818
403 230
1123 22
2070 2755
1504 155
455 87
72 206
62 1176
222 67
1303 19
177 1558
177 371
6 839
303 510
2035 303
124 1242
19 1990
38 10
294 1396
1242 4448
124 4448
2035 510
628 951
19 2054
217 637
904 903
11 839
330 492
730 209
2071 2076
1768 73
1768 296
388 853
2063 20
11 929
498 512
1225 1755
498 462
20 297
772 11
772 36
2071 1288
929 2008
334 2072
1224 210
132 2008
2063 861
2063 422
221 296
228 750
221 22
2073 729
763 292
150 336
614 22
67 614
86 38
445 515
221 73
221 9
2074 3715
296 22
498 297
3 374
1389 2061
11 250
483 2077
127 35
2063 258
2075 741
2063 297
2075 805
1504 2079
2061 150
1024 660
1024 397
1389 52
388 6712
1389 150
250 0
1000 79
498 62
274 336
20 415
86 519
835 1925
2076 1288
132 2075
11 625
867 3
1558 1942
527 374
222 38
1058 1504
2078 126
2079 136
20 258
152 625
430 96
116 1504
125 443
648 1058
1886 1053
2063 512
205 625
2002 2206
1504 606
20 422
765 817
2079 606
9 411
210 411
1058 116
20 861
2079 19
648 1504
648 116
1202 71
1202 73
0 826
270 1714
614 73
62 2084
0 221
200 100
270 301
1058 639
1338 452
2033 2080
374 318
1809 1426
270 166
11 1202
614 1202
255 1202
614 255
200 1714
614 71
1972 288
34 1972
270 331
200 301
200 1120
0 502
200 1087
200 331
1887 338
200 1963
38 209
200 51
200 65
270 0
0 173
270 274
76 676
0 803
418 803
418 270
418 502
418 221
418 1159
418 101
418 173
418 200
418 1972
418 288
418 300
0 418
418 4
1120 803
288 221
166 418
166 803
288 274
288 132
288 803
288 270
288 502
288 51
288 1963
288 65
288 826
1120 418
301 826
418 215
418 588
288 588
418 301
803 270
803 502
803 826
803 221
803 1159
803 101
803 173
803 200
803 1972
418 67
418 331
418 319
418 7
418 1709
418 65
418 1963
418 51
288 1709
418 73
418 274
418 100
418 34
418 1714
288 7
418 1087
288 100
51 1972
188 22
108 62
108 909
108 445
108 692
1900 771
1841 188
108 771
51 101
51 803
51 270
51 502
75 445
75 24
75 692
51 221
51 1159
51 173
1900 62
1900 3
51 300
2081 3302
301 803
1900 692
1900 75
1900 108
2082 3302
806 1246
288 331
288 1714
301 502
2081 2082
1900 24
40 311
51 1963
51 4
51 215
51 67
51 588
51 319
1900 11
803 300
1900 69
1900 909
51 7
51 1709
1900 445
51 65
26 0
270 215
270 67
270 588
270 319
1972 100
270 7
270 1709
270 65
270 1963
1972 274
1972 1714
136 290
1972 331
335 347
1698 42
1698 5
270 173
1698 38
1698 335
1698 347
270 1972
427 2083
1972 0
270 300
1972 1087
1972 65
1972 1709
1972 319
1972 588
1972 67
224 862
1972 215
902 2291
1972 4
224 1661
270 73
1972 1963
137 3649
1972 132
38 290
1972 73
36 205
686 205
42 347
741 3649
805 3649
1972 300
5 42
803 132
803 274
803 100
38 42
335 5
1507 325
1225 314
335 38
288 4
803 34
803 1714
803 73
803 331
803 65
288 215
803 4
803 215
803 67
803 588
803 319
803 7
803 1709
803 1963
803 1087
288 300
1120 826
1972 301
1972 1120
270 502
270 826
338 345
347 38
1972 166
270 221
270 1159
1120 502
0 300
347 5
0 588
0 215
7 1526
7 2280
418 826
1599 1058
69 463
508 189
7 6
101 1159
166 221
166 1159
101 331
325 1644
166 173
146 1644
146 325
166 101
101 1714
461 520
174 4014
174 146
9 4014
642 22
9 174
1120 1159
1120 101
1120 173
1120 288
642 463
101 221
166 288
166 300
221 65
221 1963
2084 397
221 1709
19 7
221 132
221 274
221 100
221 34
1897 520
77 520
323 614
221 7
221 319
101 274
221 1159
221 173
221 200
221 1972
221 300
221 4
19 419
221 215
221 588
461 570
951 1184
461 161
520 570
2085 2813
2086 1104
232 2088
724 2022
1910 2022
7 1159
7 101
1910 724
7 173
7 200
2087 2022
2087 724
2087 1910
610 1437
1000 313
73 1709
73 65
371 113
35 0
6 419
2084 19
73 1963
2089 161
2089 70
301 288
459 2091
301 300
2090 1431
7 1184
1120 221
7 419
1334 345
1043 1388
520 161
7 113
6 371
2089 116
301 1159
301 173
951 419
951 371
1159 288
1159 1972
1159 200
1159 173
145 138
570 227
1159 300
11 227
340 29
2092 140
127 153
1159 4
1159 67
274 1963
1159 100
1424 278
1159 274
1797 1351
1159 132
1159 73
1159 215
1159 65
1159 1709
2093 465
1334 1887
485 1361
1159 319
1159 588
1159 1963
1859 898
356 6
274 73
13 2096
2094 13
2094 2096
274 51
2095 1328
24 826
288 173
793 258
793 62
363 2098
729 228
101 65
274 215
422 2084
101 1709
101 1963
1554 405
945 405
945 1554
274 588
274 319
101 67
274 67
2097 2587
221 1714
221 331
221 1087
951 7
274 173
274 300
665 2097
665 2587
101 215
73 588
274 7
1159 1087
1159 331
1159 1714
101 173
188 35
188 11
1159 34
1061 1449
284 352
772 153
101 300
101 1972
772 3
793 445
274 65
648 39
648 687
274 1709
73 215
23 617
23 124
617 124
132 300
132 67
132 319
132 173
2035 1685
331 4
331 215
331 67
331 588
331 319
331 7
331 1709
331 65
331 1963
166 502
166 826
132 502
132 826
313 265
2013 265
826 502
132 1709
132 65
2099 132
132 1462
2099 1462
119 1559
406 132
1343 643
502 73
502 1963
502 221
502 1159
502 101
502 173
502 200
502 1972
502 300
502 67
502 588
502 319
502 1709
502 65
331 300
46 11
1809 3
1626 1426
1626 1809
200 67
1626 3
200 215
665 338
1328 1341
34 502
200 300
200 288
46 62
1076 278
1599 413
200 1709
255 71
200 319
200 588
1058 413
7 826
502 274
2025 586
331 502
331 826
2100 124
2100 550
2100 35
34 173
617 1199
331 173
313 2013
2100 628
1257 1309
2101 157
34 826
200 1972
1338 119
1338 1559
502 100
589 1246
826 588
826 319
101 1087
826 1709
826 65
1801 499
826 73
826 274
826 100
189 499
826 1963
826 67
1221 140
826 101
1768 2219
826 173
826 200
826 1972
826 300
189 84
1184 11
74 348
826 215
826 4
826 1714
189 1801
73 173
1361 62
1164 62
371 1184
371 419
73 300
1164 1361
149 687
826 1087
113 1184
113 419
1019 108
826 1159
463 60
173 1963
173 65
686 36
173 1087
502 1714
173 1714
173 100
502 1087
173 300
173 1972
284 661
258 1000
605 243
1076 1811
25 831
173 200
173 215
173 67
173 588
628 403
403 9
826 221
173 1709
173 319
1963 34
497 1215
252 600
252 985
252 222
600 9
600 1567
207 5
2102 2057
9 1567
62 1249
22 1249
451 4890
9 985
1660 22
2001 19
1557 1697
853 2103
35 1326
1326 146
1326 145
35 146
35 145
1697 881
246 646
224 119
1106 427
1234 338
485 1287
278 870
1557 881
1567 452
1942 279
35 59
59 102
1942 1615
1942 493
279 1615
279 493
341 1101
69 1368
185 38
1971 616
765 1456
1567 985
1567 222
2104 533
971 297
1642 297
1642 971
1030 2105
2105 1000
2106 201
729 1246
445 206
25 7
102 132
102 113
25 38
102 69
22 989
951 132
941 951
951 69
951 355
989 330
989 73
330 498
102 617
182 9
182 1567
182 600
182 985
989 3
989 498
989 210
989 113
989 519
989 1202
1202 330
182 222
525 153
101 784
215 278
69 600
283 313
283 68
716 613
1002 297
2107 206
398 4697
252 1567
1502 161
1502 100
252 9
92 613
92 716
1310 1034
974 8
8 1614
989 8
989 1614
933 113
207 933
1079 1246
933 2108
2108 207
2108 113
2108 22
2109 6754
182 252
1990 35
617 184
167 10
294 132
2110 541
68 793
79 793
126 1360
126 7
126 215
126 132
126 260
126 2113
126 1337
260 1337
346 730
1161 132
479 72
72 73
62 189
72 62
1360 1337
1361 381
1542 6
2111 381
2111 1361
363 217
1577 1113
957 108
1343 108
572 1113
1915 1504
620 240
1887 1106
1433 1113
11 853
930 1033
125 967
1337 2113
398 669
1246 857
853 166
4 857
10 2271
1687 364
165 364
207 48
219 720
398 606
1615 493
258 2084
772 951
147 190
854 2112
2112 190
854 190
452 985
2035 485
1887 345
29 336
77 219
260 1360
260 7
260 132
2113 1360
2113 7
2113 215
2113 132
2113 260
1450 2114
1337 132
985 222
1161 294
159 1397
600 985
2115 115
12 853
1360 215
178 132
6 46
215 388
2116 388
2116 215
2117 2046
541 720
136 720
1202 498
3 519
720 455
1202 113
1202 519
917 126
219 278
278 2118
199 7
35 610
2119 2120
2119 1859
2120 1859
48 92
48 35
498 113
498 519
480 215
210 113
113 519
1384 87
423 974
1567 951
2 38
2 59
252 2121
786 1685
1105 1685
2 102
452 548
548 29
22 498
275 35
2121 35
2121 275
252 275
108 46
2122 985
905 40
146 216
440 959
1859 440
69 784
590 10
1310 2123
1310 974
1920 161
2123 974
1920 116
430 1161
837 177
508 430
1920 5564
161 5564
1859 129
1859 224
974 385
974 139
278 152
278 3114
945 3114
1328 2066
48 5
1784 20
2124 590
2124 22
2124 10
139 627
168 10
116 5564
0 527
557 4318
11 527
1859 959
300 177
2125 766
2125 155
155 766
505 945
270 945
270 505
836 165
836 999
75 505
677 974
677 661
677 881
677 165
974 661
2126 1103
2127 1103
2127 2126
974 165
974 999
661 881
661 165
661 999
881 165
881 999
165 999
22 5
677 999
1504 766
1504 2125
228 112
228 1234
677 836
246 974
246 989
270 75
836 881
836 661
1234 6755
112 6755
112 1234
228 6755
92 610
836 974
2022 1554
1687 62
145 861
68 145
68 166
153 2128
149 1504
149 861
145 1504
145 747
166 747
166 1504
113 34
69 617
11 861
861 166
861 1504
861 747
861 10
69 35
406 286
3 630
406 941
355 3
355 132
355 113
355 69
330 519
330 113
75 132
22 630
951 985
424 411
447 283
283 19
210 630
630 463
951 600
463 210
312 764
1361 140
424 104
388 72
145 10
270 72
617 104
951 9
2129 278
308 4
312 4
312 308
153 2130
79 35
132 1085
62 165
430 388
1130 867
430 72
951 252
1085 1795
1085 872
132 1795
217 1795
1795 872
771 79
1226 19
1484 258
3 1504
113 132
113 617
747 1504
2130 1181
2130 2131
153 1181
1181 2131
153 2131
811 133
747 10
1504 10
603 887
371 2148
67 1963
67 65
67 1709
67 7
817 101
985 817
67 588
1120 588
1120 67
34 65
817 479
67 100
67 1714
588 1963
588 65
1620 2132
11 896
588 1709
588 7
588 319
67 166
406 2391
11 714
67 1087
129 862
4 1120
378 70
378 1144
4 1087
198 1096
536 1096
2050 220
215 67
1341 1847
17 1009
17 243
4 1714
215 588
215 319
34 588
215 301
215 1120
215 166
215 1087
215 1714
215 34
215 100
215 1709
215 65
215 1963
387 1274
34 1709
1144 75
588 100
397 951
1295 1290
1709 1963
1709 65
925 1176
1567 397
1567 22
1709 100
1567 79
104 896
104 1371
7 1120
7 0
7 1087
7 1714
104 520
7 301
1709 1714
132 1963
166 1963
301 1963
65 301
65 1120
65 166
65 0
65 1087
65 1714
65 100
1709 1087
1709 0
1709 166
1709 1120
1709 301
68 714
68 1567
65 1963
951 520
951 747
2133 278
951 714
319 1963
319 65
319 1709
319 7
951 79
951 104
1120 319
588 301
588 166
588 1087
588 1714
397 104
951 1371
7 1963
7 65
7 1709
1120 1963
319 301
319 166
104 68
104 747
104 1567
104 714
22 1887
114 669
319 1714
951 896
319 1087
951 284
104 79
104 22
17 793
471 2142
7 4
7 300
213 275
34 300
2134 3087
288 1087
392 919
62 771
11 771
69 771
406 206
2004 818
937 818
937 2004
355 219
217 1519
32 640
32 72
1457 640
1457 72
555 909
2135 502
62 1887
1457 32
161 138
24 69
22 1666
270 840
24 909
2136 1853
24 445
692 62
692 3
692 11
692 69
692 909
692 445
692 24
75 771
75 62
692 771
989 396
396 70
909 69
445 771
445 11
445 69
24 62
24 771
2137 161
1120 300
4 319
1889 290
2138 6
4 215
4 1709
427 1300
140 2139
1514 406
1514 974
974 406
17 148
793 1009
793 243
793 506
148 1009
148 243
506 1009
4 1963
1009 243
4 65
283 26
283 2140
2140 26
506 148
824 1463
2123 471
300 1963
300 65
2142 2123
300 4
300 215
300 67
300 588
300 319
300 1709
219 2
8 219
36 1484
300 100
300 1714
513 217
300 1087
833 217
75 909
2143 17
2144 2147
132 1809
2145 149
2145 38
2145 73
896 284
1371 284
2045 246
397 115
1890 4
1426 80
397 669
93 1645
93 190
101 1645
230 1317
11 80
83 1426
550 313
115 669
83 80
177 1426
177 80
1371 896
1120 331
1714 301
1714 1120
1714 166
1714 0
1714 1087
1714 331
0 331
1110 230
1120 0
34 1120
34 1087
34 331
34 1714
301 331
68 520
747 284
1120 166
331 1087
1204 802
25 270
617 363
1120 301
0 166
520 896
1087 301
520 1371
63 4406
520 284
0 1087
68 896
1087 166
122 381
381 2149
40 506
145 100
40 1908
585 506
381 2150
217 115
2149 2150
29 849
905 1309
506 1309
113 891
381 1192
1568 1457
2150 1192
2149 1192
857 891
506 905
506 1908
1908 1309
132 1465
857 113
676 132
125 3
1163 1527
70 455
284 455
207 519
427 613
397 132
1274 751
1468 441
1809 676
452 57
2003 381
2003 263
1574 284
86 1574
38 184
325 669
325 115
1991 1468
2151 725
617 71
325 132
2070 243
325 397
1066 392
588 1066
1954 2152
747 896
747 1371
843 1383
1120 51
301 100
301 274
301 132
2003 1361
397 1371
119 219
578 102
1120 73
578 35
397 520
0 274
0 51
34 274
430 1368
1120 132
555 35
51 1087
51 331
51 1714
397 896
203 578
166 274
166 132
331 73
331 132
433 1325
331 274
331 100
555 102
1685 1325
628 501
501 74
501 355
501 951
501 29
74 355
628 355
74 951
1963 100
1963 1714
397 714
22 896
22 1371
22 520
22 747
22 714
79 896
79 1371
79 520
1963 1087
79 714
397 747
1595 35
1120 274
1567 896
132 1087
1567 1371
1567 520
1567 747
714 284
1372 6487
436 2153
714 896
714 1371
714 520
714 747
1101 86
2148 1361
274 100
274 1714
471 640
1246 2525
2154 6597
747 520
100 166
100 1714
274 1087
122 1361
110 2155
7 503
6 1132
7 1456
294 19
555 578
73 1714
73 1087
1990 2155
2155 11
2156 2157
397 284
132 1714
983 2
209 1916
639 217
506 1916
506 209
1331 35
1331 1614
639 929
639 16
217 929
585 4
585 1614
585 35
1331 1504
1331 2163
1331 867
1331 1184
1331 962
1331 4
1331 11
929 16
217 16
959 209
527 519
1504 867
3 276
587 1101
205 587
1504 1184
959 506
73 1916
1331 585
32 16
962 1979
1504 2163
479 519
959 1916
945 2104
502 1361
945 371
339 415
403 1744
753 1910
2158 2316
962 1504
2159 951
729 951
159 34
659 515
962 1184
2131 232
338 1309
1542 29
93 85
585 2163
585 867
585 962
2160 455
786 4
33 786
1930 1176
1504 4
519 39
222 2161
258 2162
313 2162
313 258
11 1614
35 1614
1563 1115
332 424
1951 2161
1951 222
325 239
1184 364
452 785
1184 165
1888 1648
74 189
678 1226
527 69
2163 1184
2163 962
527 39
2163 4
2163 11
585 550
585 1215
962 669
479 39
1504 1614
1504 35
2163 867
962 1634
962 22
1184 1614
962 4
962 1614
962 35
1184 4
4 1614
2163 1614
2163 35
867 1184
867 962
867 4
867 1614
867 35
962 550
962 1215
22 347
551 39
347 73
347 667
347 1334
22 667
1940 640
292 929
292 864
199 641
132 667
102 388
805 640
347 1644
347 676
11 1334
17 395
22 1644
22 462
1361 215
6 1134
292 1982
667 462
667 676
73 667
73 1334
669 388
73 32
73 1644
73 462
667 1334
667 32
667 1644
765 325
1982 864
1982 1887
1129 1361
371 1361
1520 833
280 200
22 499
62 499
2164 258
2164 397
929 1982
1252 32
929 1887
864 1887
1390 1979
1390 1634
864 929
2165 388
199 1134
1390 1184
641 1134
403 1134
135 1520
224 2939
403 641
678 32
961 543
1390 22
1669 6756
709 223
1535 28
1535 1434
28 1434
1390 19
588 512
588 422
371 533
38 1431
1390 669
2163 136
136 1614
136 585
2159 729
278 1434
136 962
207 1431
136 1331
371 2104
945 533
136 867
136 1184
136 4
292 126
241 864
241 292
648 75
648 203
228 1169
648 974
277 1982
648 199
648 38
669 102
228 38
241 1887
1334 1644
1334 676
29 640
1334 462
1416 4
32 1644
32 676
1644 676
1644 462
241 1982
648 35
648 102
278 28
277 292
277 241
1887 277
278 1535
277 864
199 974
75 203
75 974
203 38
974 38
2166 1864
243 22
243 8
11 211
243 642
506 642
58 806
2167 806
2167 58
1915 6757
2168 1662
32 160
153 86
190 153
642 77
642 585
22 506
10 318
2169 359
1650 359
1650 2169
983 38
38 318
285 160
285 32
2170 19
2170 7
983 10
983 318
1887 96
1887 210
378 6
1887 498
284 1122
1887 8
86 108
1887 177
157 2171
1887 1893
22 1893
1893 96
1893 210
1893 498
1893 8
1893 177
1133 4684
73 1893
506 8
42 2172
131 454
73 1887
1244 22
669 22
1634 19
1244 96
1244 1893
1244 1887
867 483
86 325
86 19
86 498
80 19
334 160
334 32
334 285
872 479
872 4
983 479
479 4
232 570
2173 278
73 325
73 86
4 243
243 872
243 983
243 479
872 983
452 80
7 284
2174 284
288 2174
19 730
32 1450
32 1449
96 498
523 974
523 86
445 523
974 86
258 974
258 523
258 86
445 86
1008 3062
1644 3062
1542 2138
217 1361
1361 32
1542 213
2138 213
585 1634
2138 2181
861 560
861 793
1215 550
1215 1331
1215 1504
1215 1184
1215 1979
1215 1634
213 2185
793 306
1008 1644
306 560
2138 2185
213 2181
306 397
306 861
764 160
160 2737
338 1184
338 371
2175 11
785 239
338 2
2175 960
2175 1184
2175 371
2175 22
10 239
2175 2
338 960
10 395
452 239
2175 6
2175 338
6 960
1811 7
42 378
757 378
757 42
206 217
585 1979
122 494
1184 22
2 371
11 960
2176 5317
22 960
22 2
960 2
960 1184
960 371
2 1184
1542 2181
279 468
19 196
154 86
398 284
146 399
2177 977
1793 291
1793 588
3 160
2178 198
2178 2179
198 2179
67 249
1814 2282
1421 1625
48 166
152 646
1502 2117
2180 1836
1331 1979
1331 1634
1331 19
382 1590
550 22
550 19
550 1634
1215 669
550 1331
550 1504
550 1184
550 1979
1184 1634
1979 1634
559 1915
1979 22
1979 669
1915 660
559 660
1542 2185
258 766
1184 1979
1504 22
1331 22
1331 669
2181 2185
1504 1979
19 281
1504 1634
1504 669
1504 587
84 492
1504 13
1215 543
462 1215
133 1215
133 462
462 543
178 492
79 178
75 2182
284 2182
2182 173
2183 7
587 13
127 84
84 51
51 79
388 2590
2184 2590
2184 388
2076 581
2057 32
51 492
0 88
1742 314
127 51
1995 6
387 661
387 19
157 1431
387 270
1184 2189
862 669
867 22
867 669
862 2189
862 1390
862 1215
862 550
862 1331
862 1504
862 1184
862 1979
862 1634
862 22
140 1105
108 1544
2185 150
615 2185
20 447
173 985
136 492
406 2133
2186 19
79 127
127 178
88 13
301 239
70 827
664 2360
2187 2188
2187 930
2188 930
70 239
827 239
913 6
2189 585
2189 1215
2189 550
913 1815
2 50
2190 20
2189 1331
1352 1866
977 1866
1866 1263
977 1352
913 862
26 222
59 50
35 50
102 50
1815 6
243 276
498 1984
498 243
498 77
498 276
2189 962
153 826
2189 1390
1984 276
0 13
108 1199
1199 818
243 1984
77 1984
8 50
24 126
1815 862
10 319
595 1822
515 1822
205 52
515 595
77 1822
77 595
867 19
867 1634
270 78
1737 1915
1737 4
1915 4
1474 1462
1269 150
217 1979
2191 963
2191 635
217 1634
963 635
228 22
217 1184
974 725
872 4118
4 859
2 430
217 1390
217 962
217 1215
217 1331
217 1504
1331 1390
16 550
1634 2189
16 1215
16 585
16 962
19 661
16 1634
16 1979
16 1184
16 1504
16 1331
1331 909
661 338
761 348
168 276
150 2193
2192 1642
387 3105
217 2189
2194 217
2194 1361
2195 2213
983 430
217 862
217 867
217 909
485 1946
292 969
969 1887
16 669
19 2189
34 53
1887 19
1352 1263
16 1390
909 585
909 1215
909 550
909 1504
909 962
669 80
2057 127
909 1979
909 1390
909 2189
452 224
224 820
1742 669
1742 80
1176 80
22 1634
909 867
909 22
2057 178
1714 1497
909 16
867 1979
100 82
19 82
867 550
951 1101
2057 79
2057 492
2057 51
2057 84
867 862
867 2189
867 1390
867 1215
3 84
661 270
19 270
1465 415
270 338
16 2189
16 862
16 867
3 2057
22 2189
2057 19
452 820
2196 588
482 1567
482 714
977 1263
11 645
461 1115
2197 72
149 461
1105 718
149 1115
764 239
764 217
239 217
133 222
543 1614
1614 2635
543 2635
1887 905
1207 127
628 1207
1950 11
1207 74
433 11
433 951
433 628
6 1207
403 74
403 1207
300 96
71 39
300 222
132 829
1163 1113
149 1368
329 1368
1199 219
502 1149
29 147
378 147
149 329
492 829
1825 862
1361 11
1554 1207
1105 1207
1105 1554
1339 1361
1361 1105
1105 963
108 1207
108 1554
228 220
628 902
1825 17
862 17
472 543
764 543
2031 62
308 2031
1765 278
292 533
1542 35
96 2198
396 34
570 62
1663 96
2198 1663
2198 825
210 499
1129 592
1129 371
772 34
2199 188
969 590
1390 1504
145 1207
1207 4
145 4
12 135
96 825
12 1520
12 945
945 582
582 217
582 12
582 833
582 1520
582 135
945 217
217 12
217 1520
12 833
825 1663
1982 338
1982 345
2197 640
1982 1334
276 445
1984 19
1984 445
336 220
100 220
100 336
2200 6758
2201 1283
20 445
1977 4890
506 1859
20 276
20 1984
2197 471
72 471
1615 1030
610 338
1594 533
904 338
904 489
2202 929
3 489
904 73
62 285
9 338
892 1295
338 73
489 189
489 73
489 338
904 189
419 1295
182 711
9 489
9 904
1669 1043
783 1043
783 1669
196 139
682 139
824 1669
682 196
419 892
861 285
994 824
994 783
994 1043
994 1669
1963 448
687 116
388 393
2189 1504
687 62
687 38
393 210
210 388
10 264
124 1336
1859 291
1390 1215
69 1195
69 1057
1195 1057
1390 550
1608 1279
1390 585
1390 962
2189 1979
16 132
119 278
1619 338
2189 669
1677 375
448 71
448 284
448 2203
1940 137
2203 284
112 2204
698 2204
698 112
502 2204
502 112
502 698
338 634
56 148
2205 52
2206 52
2206 2205
594 52
594 2205
594 2206
1149 2204
1149 112
1963 22
1963 35
1149 698
686 73
686 338
686 489
686 904
686 9
969 189
686 189
149 398
113 338
113 489
113 904
113 9
969 489
969 904
510 546
188 1647
2199 1647
697 546
697 510
697 133
2071 546
2071 510
2071 133
2071 697
969 9
969 113
969 686
140 510
498 80
1406 80
362 1911
362 829
132 1911
829 1911
453 1911
2024 2229
482 16
827 0
827 315
276 545
1206 442
101 676
101 2229
676 2024
288 2024
288 2229
4 2207
2024 38
101 2024
1468 1317
492 1911
492 362
492 453
829 453
362 453
0 178
315 178
2024 2224
2024 817
2024 418
2024 803
1101 802
1709 817
1437 1392
1709 2224
1709 2024
1709 676
1709 2229
1709 38
315 38
2208 1105
135 110
827 178
48 519
48 38
940 29
811 963
375 338
940 69
2024 331
2024 1087
2024 0
1595 132
2024 166
785 465
2024 1120
301 676
896 2169
132 2229
2024 1714
2024 34
2024 100
2209 6
2209 1942
2209 155
177 155
6 1942
6 155
1942 155
2024 1963
2024 51
2024 73
2024 132
2024 274
132 2224
278 2538
2210 1310
497 85
2045 223
246 223
1859 290
427 132
427 1595
676 803
2209 177
676 418
451 206
300 676
300 2229
676 2229
676 2224
2211 2126
1361 206
451 1361
486 155
2212 132
2212 453
2212 492
1979 209
829 2212
2212 362
1911 2212
202 154
2024 502
2024 826
2024 221
2024 1159
2024 270
210 202
2024 173
2024 200
2024 1972
2024 588
2024 319
2024 7
2024 65
1348 486
1348 2209
1348 6
1348 1942
1348 155
486 2209
486 177
486 1942
2214 200
2024 67
2024 300
2024 4
2215 1030
2024 215
73 2224
1326 2216
1326 619
1949 2216
8 2216
1949 619
2216 619
676 217
665 474
3 493
639 445
132 1614
22 1176
1003 209
1003 80
209 80
22 639
217 0
67 71
527 984
217 527
278 2387
729 1887
729 761
729 87
2004 764
2004 601
11 278
2217 278
2217 11
2218 1244
1514 1295
217 445
1406 19
729 339
729 2033
729 40
62 74
101 2174
217 725
35 1567
258 145
258 57
145 57
1542 642
207 551
839 57
839 258
270 1456
587 9
989 217
729 1225
430 2808
901 1910
2040 901
149 1785
145 36
989 1811
482 918
240 985
56 17
56 308
100 308
1460 11
29 104
447 108
166 676
166 2229
166 38
34 2229
0 2229
0 2224
73 2229
56 423
1246 2219
2219 101
445 38
243 977
101 866
2219 866
300 9
29 2221
308 17
650 112
125 430
2220 1392
113 430
11 2221
1556 870
550 1744
243 149
1328 149
1337 140
17 292
100 423
22 17
423 17
308 423
447 639
112 1191
497 137
2222 3880
628 1824
38 1972
38 288
38 215
784 29
784 506
784 260
2223 1310
38 1159
38 2224
10 102
9 2138
817 1202
38 817
38 418
38 803
38 502
38 826
38 221
11 260
29 506
38 1963
38 51
1202 69
38 1714
38 331
38 1087
38 65
29 260
260 506
69 506
38 588
1380 155
69 1978
102 26
715 278
155 110
177 32
1438 1426
32 1426
155 19
75 424
219 502
1361 219
1380 19
1438 83
1438 32
1438 177
761 817
761 1202
761 69
761 73
190 200
301 1426
301 83
301 32
301 177
301 1438
619 148
38 301
274 817
1120 817
166 817
11 251
0 817
817 418
817 803
817 270
817 502
2224 166
2224 1120
2224 301
288 817
300 817
235 102
817 826
817 221
817 1159
817 1714
817 331
817 1087
817 301
817 65
817 173
817 200
817 1972
817 4
817 215
817 67
817 588
817 319
817 7
817 1963
38 1120
2224 1087
2224 1714
258 243
59 243
2224 826
59 258
228 399
2224 221
2224 1159
59 396
2224 502
2224 270
2224 803
119 2225
300 2224
2224 817
2224 418
2224 101
2224 173
87 396
87 59
2224 67
2224 588
2224 319
2224 7
2224 65
2224 1963
2224 51
2224 274
2224 100
2224 34
2224 215
2224 331
2224 4
2224 200
2224 1972
2224 288
1562 885
676 7
676 65
676 1963
497 1595
497 427
1244 34
2226 637
199 252
11 565
676 1120
676 588
676 274
676 1714
676 331
2227 1493
676 1087
676 4
1824 9
11 13
11 206
1824 1376
11 1376
206 38
13 38
1376 38
676 502
676 270
1824 206
1824 13
628 13
628 206
146 839
839 505
146 505
628 1376
1824 11
1824 38
1376 206
849 139
676 200
676 1972
497 132
2228 335
1376 9
676 215
676 826
676 221
676 1159
676 173
206 13
5 0
2229 301
2229 1120
2229 331
48 1321
48 506
1321 506
2229 1087
2230 993
2230 6
993 6
5 519
2229 1714
430 659
985 659
985 430
2231 278
2230 102
1334 338
102 993
2229 803
2229 270
2229 502
2229 826
2229 1159
2229 173
2229 200
2229 1972
2229 221
2229 38
2229 2224
2229 817
2229 418
62 674
2232 674
2232 62
6 2232
2229 274
2229 100
270 1786
2229 4
2229 215
2229 67
2229 588
2229 319
2229 7
2229 65
2229 1963
2229 51
974 1295
1227 227
246 227
931 363
1227 73
931 73
363 227
73 227
348 1549
140 729
931 227
1227 363
1227 931
1227 246
85 931
85 363
85 227
1227 347
363 347
347 931
347 227
34 220
1995 750
2233 750
2234 1426
403 205
2234 650
592 108
592 2148
1995 2233
650 1426
74 220
944 2235
102 729
102 140
220 3
49 4
85 1227
85 347
506 348
1778 168
862 6759
32 6759
69 3694
3 6759
1696 452
29 301
1767 3
348 1239
1934 85
1934 347
1934 1227
1934 246
1934 931
1934 363
1934 73
1934 227
1549 506
1239 506
1625 278
2236 2852
74 108
137 2410
1530 480
1519 1647
217 1112
625 4
1644 1206
140 1360
426 1070
224 426
966 903
625 470
625 983
155 2105
57 687
1514 833
168 453
1390 453
1390 168
34 663
1870 2123
974 1870
246 682
1350 1265
22 729
729 10
108 930
108 2570
2148 133
2148 930
2148 6
74 930
74 2570
108 2148
108 133
74 2148
363 22
1178 22
909 77
909 937
77 937
6 2570
11 663
2148 2570
133 930
133 6
133 2570
930 6
930 2570
592 2570
132 6759
1338 1225
1338 776
776 32
776 1225
215 648
1267 648
1267 215
1267 382
382 648
20 776
20 1225
20 1338
482 29
482 784
388 784
1002 1564
1285 4436
1206 1066
217 1206
108 826
817 436
1285 2237
2237 4436
724 70
459 224
1066 132
1206 132
278 75
545 1406
150 285
80 545
1406 498
502 414
17 160
17 285
17 334
17 281
805 951
587 72
1255 292
281 160
1669 1053
284 226
1415 75
281 285
628 1415
281 334
951 216
135 3029
833 3029
270 1696
199 101
199 112
729 286
108 1161
149 286
519 270
182 831
519 1696
12 1225
560 68
435 641
650 238
650 70
2052 1371
560 2238
2238 68
945 149
224 450
1918 1002
1918 1328
452 519
945 729
945 286
398 335
1344 896
1344 397
1034 896
1034 397
1034 1344
201 6760
461 6760
2239 4817
2240 217
2240 32
278 1828
1421 383
665 1173
224 2584
2035 67
1828 635
1504 200
2041 1497
1497 388
1497 74
74 388
34 969
2241 14
2041 388
1828 2242
1828 1556
278 2242
278 1556
635 2242
635 1556
2242 1556
2041 74
2243 1110
3 1384
3 1729
60 761
100 454
793 1024
1024 861
660 861
1425 4561
1225 761
1729 1384
29 1610
2244 2246
8 455
8 1184
1614 455
2245 38
2245 6
2245 11
2246 356
2244 356
166 2248
2247 892
2154 1061
2154 1449
207 477
588 17
62 986
2249 482
986 32
6 665
2250 2662
2249 150
1225 1887
1225 40
1225 2033
1009 642
330 588
1225 339
945 1365
482 150
189 1293
515 314
870 3147
1110 1584
867 196
1110 2257
32 1009
73 87
73 1225
73 40
2033 40
2087 2934
2033 761
2033 87
2033 1887
73 2033
73 339
1225 87
1134 961
378 2035
11 2035
1192 2035
40 87
72 628
964 198
38 57
1169 57
1169 687
1931 397
1887 87
1915 297
1297 297
1297 1915
41 806
1887 398
1887 269
398 269
210 1742
1126 1742
269 292
2140 353
353 1214
2140 1214
34 2259
2022 1610
87 761
32 642
189 519
793 228
435 228
435 793
1023 1085
1023 2251
278 442
1085 2251
459 1023
673 1085
3 673
561 69
561 336
69 336
1937 1644
396 903
711 190
711 854
62 20
2253 485
459 2251
459 1085
297 70
39 48
39 62
463 39
1423 1059
903 155
2254 4
847 2254
62 48
217 1456
24 190
833 1405
10 290
2232 10
445 1633
422 2255
1677 2256
1677 2258
2256 2258
206 894
761 1887
284 250
667 892
232 1477
894 1456
2232 986
1819 396
2232 32
1584 2257
20 102
1744 102
40 761
228 1439
977 1439
87 339
249 58
2259 215
2260 443
62 1744
2260 2261
4 635
443 2261
16 635
951 24
50 222
132 336
22 336
272 1555
515 102
127 102
424 403
13 3314
20 1744
761 339
153 4
515 127
40 339
2033 339
1887 339
515 6
