7172 1697
6 1221
263 592
59 827
159 1425
533 1187
7 1151
962 982
1220 101
533 455
462 1187
6 455
108 0
6 533
71 173
7 1325
1221 455
738 519
157 153
827 519
59 519
255 519
6 962
519 9
6 1187
341 213
287 414
287 34
946 29
40 276
6 462
655 6722
1222 6722
29 456
170 588
1223 541
29 1224
3 104
982 533
108 588
219 588
70 124
170 219
1151 1325
243 562
655 1222
6 982
170 108
29 219
455 1187
962 533
962 455
462 962
29 108
29 170
962 1221
11 456
1224 456
1224 11
604 173
22 263
722 199
982 1187
982 455
29 588
982 1221
604 71
548 210
462 1230
857 625
1225 1226
1227 19
371 1228
93 159
10 625
69 19
19 97
150 1229
228 1230
6 210
1221 462
6 548
982 462
249 193
19 1585
8 847
228 462
96 582
69 97
1231 157
712 205
1228 1325
263 670
1232 506
1233 233
519 73
455 462
533 8
1172 119
577 1486
863 311
73 238
1234 1390
789 1235
1081 506
533 101
979 398
46 628
1236 220
1237 317
101 8
499 33
533 1221
1214 132
443 21
1223 52
1223 764
1223 857
52 764
764 857
1238 132
189 319
1202 3
287 477
689 385
190 477
190 287
1214 1239
157 1156
263 1311
24 0
1238 127
1239 132
599 989
485 1240
961 687
127 989
1241 1870
1187 1221
599 840
989 840
1238 989
132 127
208 228
232 208
519 210
628 341
249 628
86 729
862 368
854 137
72 910
600 1243
567 345
1242 345
1122 1250
1242 567
224 6723
149 72
168 1000
1243 116
1244 21
508 8
32 907
1000 397
907 825
1245 116
1245 161
52 1080
32 793
38 270
213 270
168 559
1000 3
1000 559
8 245
642 1214
642 245
567 1098
477 628
1246 4
1246 1166
308 398
1247 297
8 1214
978 189
645 87
523 11
1248 19
207 2
3 388
388 68
881 1184
11 219
11 978
219 978
1030 1000
482 645
472 1792
132 453
552 1250
318 1122
243 453
318 1250
891 0
1249 334
433 976
166 205
7 29
631 73
124 1251
552 318
552 1122
907 1277
66 16
173 674
207 946
11 661
66 25
1175 1387
722 73
1252 768
722 153
722 123
1253 757
381 272
661 73
16 127
25 127
25 16
110 19
66 127
951 35
661 6
189 297
40 1387
40 1175
139 439
477 113
477 1255
139 1043
1254 70
864 905
113 1255
38 891
508 551
32 825
825 1277
32 1277
944 275
3 559
101 1610
439 1043
905 969
125 1255
498 40
309 951
498 1387
200 951
1256 34
1257 40
1257 1175
1257 1387
498 1175
309 70
19 1568
125 477
200 309
1258 1274
648 19
1259 483
1260 140
59 210
1261 1285
217 730
19 1244
665 1263
1080 1265
4 380
29 827
1262 1226
29 380
107 645
380 3
1255 210
552 498
552 493
32 498
493 498
32 552
1126 498
1126 493
1126 552
1126 32
329 38
455 210
35 329
237 1265
1264 1173
237 1080
896 929
1266 485
124 35
123 1228
1267 1228
1267 123
1268 632
0 482
1269 482
1269 0
52 73
102 116
1270 453
39 498
330 1270
74 827
74 380
3 827
1172 2590
380 827
346 864
1271 370
230 161
297 67
711 127
711 6
711 600
127 600
6 600
330 453
1272 6
39 493
482 279
29 210
230 4014
904 454
519 29
827 210
272 7
1273 87
308 1209
3 1209
205 40
513 124
725 11
789 73
610 725
610 38
610 200
610 70
962 523
962 11
38 725
54 599
29 725
54 338
200 725
200 29
610 11
725 70
648 1248
840 482
330 38
32 39
330 46
38 46
278 29
278 945
278 452
452 945
843 384
1126 39
39 552
329 46
485 140
945 29
1275 464
1276 213
959 124
959 101
1215 389
522 1209
173 16
1277 73
847 243
29 674
661 1058
436 154
210 154
210 436
1275 242
1278 1106
116 6
10 210
388 1285
73 587
1228 543
1228 140
1279 543
35 387
1280 35
127 414
1279 140
1281 150
1002 270
1282 1002
1282 270
718 1129
72 443
127 1286
206 840
343 210
385 805
86 159
465 342
101 308
385 741
385 599
1280 387
385 132
840 498
20 245
840 805
840 741
69 59
11 275
1283 1103
1284 840
1284 385
1284 132
1284 599
1284 805
1284 498
840 385
840 132
1284 741
7 1287
68 84
255 132
483 132
483 73
483 255
483 9
9 132
348 132
135 882
969 73
861 278
969 872
1286 202
414 202
86 1279
414 1286
86 1228
86 543
1279 1228
86 140
388 543
278 390
861 390
140 388
1279 371
388 1279
388 1228
388 86
1280 951
2 140
215 371
1288 133
1289 165
203 411
200 411
200 203
215 2
687 411
687 203
505 411
505 203
146 138
741 498
1290 742
805 498
200 505
505 687
168 462
9 116
11 58
789 22
127 58
789 0
789 69
789 59
11 249
406 128
222 190
205 140
133 278
22 0
222 85
346 905
1291 35
41 35
41 1291
1292 929
132 805
368 502
1293 11
1293 456
282 7
0 69
132 599
387 951
222 342
132 741
385 498
22 59
132 498
1294 182
550 669
1295 669
450 514
1105 263
1105 371
1105 652
979 115
1295 550
741 805
29 1293
450 1297
514 1297
599 741
599 805
599 498
450 135
1296 205
61 872
1297 135
514 135
4 104
258 1030
11 2408
1030 168
297 1303
22 170
1298 430
1299 321
284 495
1300 1791
498 119
498 325
989 1301
567 557
397 1030
52 284
1302 3270
1192 2408
1192 11
297 462
1303 462
1303 397
963 2022
219 2022
219 963
397 462
1304 1297
498 588
1130 86
805 596
805 137
325 588
1117 2647
338 1873
613 4
1305 748
150 6723
150 224
1305 132
132 748
258 1303
203 371
1030 462
1030 1303
1030 297
765 665
1206 325
19 220
1306 2
530 1307
243 419
137 596
530 198
1215 22
1307 198
1308 131
1021 131
1021 1308
886 1106
1278 228
1278 132
1278 348
1278 279
1278 19
255 959
1278 886
891 132
891 348
92 619
92 951
959 483
92 149
619 951
619 149
886 19
9 959
891 1278
891 886
891 1106
891 19
891 279
886 279
886 348
132 1106
40 228
1106 19
1106 279
1106 348
1106 228
19 348
279 348
386 149
131 21
348 40
214 381
58 4
386 951
386 92
1014 750
225 124
40 32
9 75
32 1309
228 1309
1310 399
1309 40
641 168
1309 348
388 502
177 498
1078 415
288 22
101 5
386 619
479 93
93 1494
502 86
502 1279
3 288
502 1228
479 1494
789 34
989 1215
1255 676
1255 22
102 147
606 19
606 136
700 6597
1124 378
789 190
250 70
683 1314
330 83
1033 1218
1033 781
453 763
763 1270
763 83
199 403
1270 83
453 83
263 802
1311 391
802 485
1042 1312
1312 916
1313 19
9 827
433 6145
827 73
1126 8
962 677
272 10
1314 1662
476 1214
105 1315
1313 498
136 894
7 133
287 436
330 763
403 200
481 227
541 1070
951 101
0 9
0 210
683 1662
1009 77
1009 1070
224 34
224 85
1316 36
286 36
946 343
41 866
1273 539
789 866
1007 527
1070 77
441 1317
286 1316
78 235
72 235
255 235
235 8
199 200
189 330
189 763
189 1270
189 83
189 453
1009 541
6 224
222 224
165 1408
763 3
763 235
3 78
541 515
3 72
424 284
436 161
168 1303
872 73
338 730
338 1319
419 1547
11 1126
789 222
8 789
11 325
101 519
101 22
1318 1030
312 772
551 101
93 42
833 135
772 929
100 789
101 411
48 173
551 411
29 411
11 411
398 445
789 85
338 359
730 359
1319 359
1320 4177
284 1126
839 153
436 38
8 59
104 19
730 1319
8 0
209 1043
184 85
132 157
646 167
110 235
388 35
1321 1322
376 592
10 85
410 905
376 324
1043 445
793 132
1323 11
650 73
243 757
470 213
454 213
1323 86
250 85
11 86
250 184
1324 847
132 29
38 116
168 116
168 38
207 153
711 527
376 371
300 108
462 19
1324 1327
1324 510
190 1325
847 1327
19 455
132 396
150 1214
339 396
1325 73
757 132
757 396
243 339
1325 22
126 903
455 136
24 527
1326 73
711 341
711 189
665 1634
0 10
11 207
519 8
592 371
757 339
527 189
1326 8
189 341
847 510
445 497
498 152
1327 510
419 24
146 722
217 132
556 35
433 174
433 35
433 7
100 7
433 371
3 1204
100 196
433 1204
430 39
974 62
213 39
73 7
73 196
11 196
213 430
861 35
461 52
157 29
430 454
470 39
196 7
110 136
556 861
1328 29
1328 35
388 132
388 6
174 7
1329 255
1328 157
210 419
174 371
174 1204
1325 368
388 157
210 527
1330 1332
35 7
470 454
452 470
523 1331
7 1204
39 454
35 1204
669 406
588 135
397 861
59 341
48 628
1328 132
0 41
1328 6
989 2282
1328 388
397 266
1105 215
567 215
145 2147
264 145
221 11
301 221
207 452
1333 1728
419 527
519 178
861 266
454 452
454 4
452 430
452 39
470 430
396 1158
32 17
266 556
1105 567
39 4
368 190
881 115
397 35
793 398
246 1304
207 73
1246 73
452 252
564 1334
564 1197
1334 1197
1335 812
1336 951
1246 871
7 722
1337 215
471 1338
1116 338
458 338
458 1116
131 309
207 100
1339 1105
1223 217
7 1105
7 1339
263 1339
1246 31
963 8
1246 646
871 73
136 8
871 31
1339 592
1105 592
833 29
833 452
833 747
833 252
833 149
833 73
610 9
170 103
864 338
833 11
7 661
1311 745
1311 7
745 7
1340 1246
452 119
252 29
258 320
567 396
233 1341
207 1342
442 363
127 452
1246 292
1340 292
252 747
722 661
73 252
252 135
52 152
1337 7
36 355
36 200
661 29
355 200
39 4155
871 646
646 31
210 1021
210 246
1043 1343
1344 1061
946 1331
73 1021
729 2
86 161
6 485
132 330
297 2607
1021 132
1218 504
235 1081
246 1021
22 1021
330 1021
330 246
330 22
9 108
101 336
101 59
3 336
336 59
215 3
1280 468
11 1144
396 689
61 541
293 793
959 468
11 468
468 336
336 959
292 177
162 39
80 136
80 101
168 79
8 80
80 6
11 398
761 110
1345 110
1345 761
1346 110
1346 761
1346 1345
817 132
102 1348
80 963
73 646
136 963
101 963
136 101
39 301
1347 34
73 853
217 125
24 127
445 722
1348 38
200 23
1349 3
1346 227
1018 9
227 110
223 1350
227 761
227 1345
1351 1595
396 1098
541 885
909 771
1130 116
246 840
661 1678
371 1069
665 20
237 285
5 86
126 285
55 722
38 481
802 930
263 930
263 502
448 93
177 39
177 625
39 625
974 39
38 1352
895 87
600 255
1352 481
198 3829
1353 11
1353 55
1354 805
903 217
1246 172
207 275
481 585
1352 585
225 5773
396 885
905 246
452 103
410 246
170 452
246 86
1355 650
1356 596
372 454
497 454
497 372
522 596
522 1356
1357 650
207 22
108 24
199 24
199 108
153 22
1355 1357
210 687
246 100
1358 6303
1246 733
652 502
1359 502
1360 433
840 1085
396 541
1359 652
1184 132
368 215
946 628
1246 10
228 962
617 52
824 2300
153 3
73 127
73 101
263 1361
570 240
22 929
22 145
929 145
67 219
1246 866
200 452
22 46
301 67
138 3
406 1362
406 93
93 1362
200 73
200 127
46 4
127 135
21 646
207 1246
117 1985
1363 1101
1364 4171
678 157
39 738
38 125
276 338
363 62
363 445
1365 1366
279 135
93 150
1367 1339
1368 659
1368 205
983 722
4 338
645 895
150 642
73 642
29 292
189 665
347 481
1000 660
232 163
669 189
190 159
190 116
996 52
68 67
1369 11
13 86
113 4289
13 36
86 36
761 35
155 1371
68 22
41 892
9 140
1370 722
9 567
1370 436
789 892
527 72
116 75
67 22
551 9
550 11
550 74
108 102
550 75
550 116
550 190
550 159
249 74
249 75
249 116
249 190
249 550
249 6
550 6
789 551
201 235
974 398
929 29
80 974
35 116
140 567
203 761
135 1610
116 159
1372 1286
371 123
1373 371
126 570
1373 123
1374 837
641 11
553 228
6 641
127 641
116 641
1375 1110
462 220
761 118
761 180
118 180
1376 13
332 6
332 127
501 2399
332 108
332 501
471 2471
484 665
1377 127
108 641
108 127
75 436
108 116
1378 11
75 69
501 641
180 35
501 116
501 108
110 6
963 102
1379 38
454 279
1379 862
1139 2
724 1380
1379 1105
68 0
1144 686
1379 108
506 17
297 68
238 84
225 11
385 17
319 135
812 1382
1381 0
676 1381
663 1246
774 16
519 250
519 184
1379 1328
733 170
1105 38
1299 2
1299 210
1299 1139
667 101
667 206
101 206
527 100
1105 862
1379 35
1379 29
19 1383
1379 388
1379 132
474 974
1139 210
199 963
210 1502
22 1502
219 533
711 100
1379 6
1379 157
224 674
108 674
108 224
110 116
110 190
110 550
796 101
93 796
543 1002
1384 79
278 1002
278 543
110 249
110 75
951 424
414 270
110 159
110 74
162 189
1385 149
1385 711
149 711
100 41
237 981
673 124
102 1386
355 67
86 338
1387 1388
1246 93
872 1023
775 738
86 339
70 733
189 41
243 674
1389 613
39 673
574 1541
86 41
338 1390
1390 864
100 1085
325 3350
905 338
78 189
1391 2270
416 233
20 1346
177 1007
61 1346
3 969
32 189
1392 2140
207 52
11 592
75 628
65 71
452 34
32 78
782 628
7 3
101 1246
931 140
157 1352
157 1393
1352 1393
543 931
371 1339
1394 430
270 59
70 102
215 133
1395 92
1396 989
406 574
832 0
832 48
1397 284
1398 341
48 0
215 1339
22 270
69 270
483 805
11 3417
207 3417
974 595
881 595
101 314
331 775
161 375
434 221
222 69
539 550
174 29
150 69
131 135
1246 41
116 73
1246 301
232 75
565 857
881 974
1399 2347
700 135
846 1400
75 782
96 502
1401 175
145 430
430 73
378 52
661 901
82 356
648 493
454 645
1402 645
674 396
1402 454
6 944
506 7
502 1469
498 118
959 22
959 761
182 73
959 8
585 8
481 761
481 132
481 8
1404 481
498 180
481 959
1405 149
1406 1225
1407 1225
1407 1406
132 761
8 132
339 931
278 635
8 761
498 203
1223 969
75 159
585 1404
22 761
165 219
22 1404
132 1404
272 1325
1215 445
1408 219
837 19
826 56
1404 959
1404 761
1404 8
75 74
498 35
126 1410
694 19
126 1409
126 834
545 694
1409 834
159 6
228 1053
1179 1414
1339 133
38 771
1409 1410
834 1410
177 335
217 339
1411 863
585 22
585 761
959 585
555 1610
162 100
7 1279
203 153
102 570
330 29
396 471
396 246
396 29
320 396
3 320
135 1412
320 561
258 561
258 3
396 561
3 396
561 3
341 100
132 471
862 35
108 1328
311 135
246 41
246 789
108 388
862 29
862 157
471 246
471 29
1413 826
246 29
11 985
570 985
1414 1412
275 1416
363 210
363 330
363 396
1415 1417
363 471
1415 1418
1415 802
363 246
1417 802
363 29
1418 802
1417 1418
363 132
639 110
294 539
862 108
1419 210
1419 330
1419 396
1419 246
1419 29
1419 132
34 639
228 116
1419 471
1414 135
862 6
989 974
1420 974
1420 989
1009 974
525 292
330 471
406 392
0 33
1421 3136
0 722
330 396
210 396
1422 69
210 471
136 74
862 1328
862 388
862 132
1085 217
338 38
337 1763
138 1486
1122 722
1122 0
338 230
1085 768
138 6
486 230
486 104
486 131
266 138
266 6
153 138
131 338
153 1486
266 1486
1101 9
6 1486
902 31
902 1423
902 34
902 57
902 3
31 1423
31 34
57 1423
1423 34
1423 3
31 57
676 1122
338 11
498 149
498 72
338 71
108 132
1101 189
486 85
86 85
108 157
102 71
1424 3356
789 189
905 41
905 789
203 445
761 445
19 1849
29 1426
22 275
153 266
16 275
486 338
1425 452
210 24
1426 308
3 1426
29 308
527 380
19 29
177 215
246 70
665 11
338 70
19 471
19 396
19 330
207 398
260 215
260 177
1427 19
342 775
38 388
38 1328
1428 2690
627 1304
196 4
104 246
627 246
38 108
38 862
4 673
930 592
587 1567
587 380
301 1567
301 3
301 380
301 587
527 1567
527 3
527 587
527 301
371 11
761 153
1429 124
153 35
669 606
19 210
19 1419
26 177
363 1419
468 969
1430 731
1105 35
3 1567
380 1567
1105 29
1105 157
1105 108
38 157
1105 132
606 665
1105 388
1105 1328
742 124
221 67
1105 6
