7172 722
255 3
332 3
332 8
332 178
332 22
332 210
735 420
3 178
9 332
61 440
570 24
255 178
255 210
255 332
736 740
9 210
258 2
210 178
9 178
52 646
145 1554
8 178
37 62
468 599
73 22
149 641
26 641
332 641
332 149
332 26
737 146
34 762
34 686
150 641
150 149
34 646
150 26
150 332
214 5169
372 513
29 34
178 22
738 210
210 22
123 263
285 2
29 149
739 35
452 29
235 817
31 1615
585 1043
738 22
145 210
738 8
741 6707
463 73
463 746
427 600
427 3
600 3
71 201
742 392
62 452
533 515
37 452
8 79
79 747
116 25
743 625
744 301
145 332
745 1267
127 628
308 132
308 32
308 246
132 32
403 235
6 2163
32 246
641 371
746 73
676 730
34 555
738 178
562 882
628 332
628 3
628 8
628 178
628 22
628 210
73 738
113 19
628 255
73 255
73 178
73 210
738 9
738 255
738 332
22 722
258 100
291 882
291 562
230 698
705 140
628 73
628 738
628 9
738 3
10 465
177 762
748 229
297 5969
182 386
150 202
202 641
332 71
749 1610
71 4
185 210
567 31
520 600
149 600
149 520
246 217
209 145
750 34
750 462
377 3
11 289
57 10
102 3437
257 251
650 747
567 4
115 246
751 246
74 159
752 124
562 541
751 115
71 198
681 1244
62 308
62 124
461 406
308 124
124 132
336 74
336 159
307 562
753 284
24 10
12 754
391 582
755 61
282 582
282 391
205 681
756 2623
681 22
757 374
758 759
315 85
760 71
681 39
270 35
177 432
190 22
11 199
761 677
135 7
112 188
66 24
10 221
190 35
8 984
135 6
3 177
762 11
762 686
762 646
762 3
3 686
3 646
177 11
11 686
124 246
177 686
686 646
11 646
763 72
763 78
255 763
10 764
10 152
764 152
22 763
9 287
462 34
470 341
8 38
69 984
686 75
201 135
68 9
763 8
539 765
765 119
766 68
767 68
767 766
68 770
258 770
228 16
228 73
228 177
228 415
415 73
415 3
16 73
16 177
16 178
768 132
768 60
39 178
769 247
3 830
38 928
101 157
182 287
73 177
415 178
177 415
11 372
123 272
372 309
628 309
628 372
3 309
23 372
23 628
57 309
57 372
57 628
57 3
57 23
3 372
150 1595
771 159
10 149
222 205
11 775
772 325
22 166
773 493
68 774
774 861
278 140
461 3520
39 69
166 69
52 857
166 11
166 39
222 83
83 205
166 149
776 483
777 72
25 0
154 309
778 3520
778 461
149 587
8 777
189 72
189 777
19 779
272 780
684 29
6 301
533 820
189 8
332 659
177 57
781 1218
531 62
239 863
108 85
736 13
531 3
67 785
272 723
307 85
307 287
39 2021
222 57
35 782
446 157
222 177
6 646
783 541
67 695
213 323
59 4
470 4
59 470
784 1610
22 674
287 6
107 784
6 674
107 1610
431 8
785 695
29 70
786 38
433 123
276 332
178 11
22 397
276 798
786 75
75 38
210 190
427 11
427 145
738 397
52 145
52 427
433 376
274 35
77 39
274 477
73 397
35 628
133 546
9 397
123 376
787 637
222 34
158 565
786 71
75 71
158 8
788 4834
38 71
131 325
727 332
789 790
536 115
791 790
791 789
792 254
155 511
19 793
10 178
83 649
85 614
628 397
498 761
20 793
456 713
276 246
159 1645
390 11
210 2
255 34
634 840
116 284
722 29
85 1645
395 1645
768 150
262 15
85 424
85 81
390 722
508 34
5 332
11 94
34 110
794 459
215 698
216 217
795 493
29 0
35 1431
11 255
73 768
796 92
284 6708
323 35
132 79
284 325
797 233
19 1058
11 162
213 162
397 3
397 178
263 7
397 210
397 332
255 397
798 332
798 246
799 782
332 246
800 69
800 801
801 69
6 173
11 32
614 93
73 100
132 37
37 73
37 768
37 150
8 100
325 283
802 670
100 177
455 17
213 4
643 313
587 643
404 816
430 68
19 68
162 73
803 1043
804 487
430 561
3 249
322 805
805 541
732 965
332 202
430 19
59 430
258 69
410 744
806 8
789 722
410 2
0 2
807 59
0 410
114 3
6 340
808 1535
807 430
421 70
132 200
809 840
455 308
119 230
8 230
8 119
145 119
591 810
810 108
739 4
332 315
202 11
396 3563
627 196
126 6709
811 140
729 69
376 582
318 73
548 332
77 11
330 11
812 124
813 6710
330 77
85 70
628 85
548 52
150 8
155 793
403 149
404 258
814 56
219 56
219 814
19 815
815 20
815 709
20 709
404 18
10 157
75 403
404 85
404 380
258 816
29 75
258 85
258 380
18 258
18 816
18 85
18 380
85 380
816 85
816 380
29 403
786 157
541 136
200 209
332 786
144 29
144 274
144 4
144 628
4 274
29 274
628 274
628 4
786 10
332 157
3 278
48 278
48 3
283 928
332 10
424 35
228 132
29 38
69 817
551 722
818 591
818 312
424 11
116 332
161 332
3 726
819 85
52 117
117 11
284 436
541 108
541 22
19 325
52 1207
17 0
332 38
591 312
820 931
19 823
287 831
85 831
757 1053
49 9
403 278
388 11
149 388
821 6711
19 1426
822 51
279 3270
789 486
824 643
824 422
643 422
825 51
826 51
826 825
100 5
421 1011
827 4
551 4
551 827
378 4
378 827
378 551
270 4
19 397
34 21
15 828
26 16
8 642
39 817
829 638
830 479
817 11
817 722
136 102
74 67
11 67
722 39
410 86
37 739
739 73
60 332
74 600
0 1067
600 11
600 67
38 403
6 403
297 444
170 101
212 11
35 51
35 1349
232 831
232 145
145 831
51 1349
116 161
11 254
210 254
832 1205
69 213
69 4
817 74
35 847
8 331
26 1176
189 834
551 75
655 123
189 217
668 11
101 86
248 86
67 70
332 34
116 24
11 319
8 833
67 9
8 146
33 722
833 146
64 950
96 178
96 73
336 104
336 284
201 8
104 284
85 75
3 124
834 217
210 96
835 829
223 836
551 102
538 270
70 9
837 437
70 4
96 22
274 132
332 4
228 145
486 35
11 228
96 397
421 722
96 255
96 9
96 738
627 117
34 284
388 844
774 341
228 284
67 4
248 101
838 487
676 33
839 22
332 722
676 332
840 292
101 93
487 361
841 361
841 487
34 104
332 24
446 35
839 565
516 643
676 722
11 959
332 33
842 1209
22 565
6 177
24 177
839 8
843 462
177 85
844 206
388 206
34 125
845 812
177 125
96 332
52 31
485 189
8 31
8 96
846 398
34 336
297 959
424 6
297 11
158 70
8 397
