7172 6165
59 334
19 2262
59 864
2262 325
59 205
1507 468
59 338
2263 1366
1106 486
1106 276
419 206
1106 46
1106 136
59 315
1106 35
276 46
276 486
136 486
59 969
136 46
276 136
1709 70
46 486
213 424
430 424
2219 209
2219 440
1101 2264
445 2359
1218 1339
1465 325
325 1637
1465 1637
182 1115
11 1115
207 1115
207 182
34 2658
862 203
385 862
578 931
578 862
34 161
1424 1786
1507 2184
1514 541
1925 2282
455 1669
38 127
2265 443
17 397
631 5111
631 2270
631 1391
631 30
631 74
631 1380
2266 5111
2266 2270
2266 1391
2266 30
2266 74
2266 1380
2266 631
11 805
1674 963
2267 730
1786 2268
635 6
2269 7
1391 1380
1391 74
982 80
161 499
88 2171
2270 5111
1391 5111
408 1661
378 408
30 5111
30 2270
30 1391
74 5111
74 2270
862 931
1380 5111
1380 2270
1380 30
1380 74
22 2271
2271 3
74 30
862 7
135 2275
388 2275
508 77
442 2190
442 1085
442 20
761 2190
2190 1085
20 761
761 1085
147 436
2272 596
2273 2274
820 210
2173 845
1013 845
1013 2173
673 1978
1814 974
38 508
945 1133
23 46
635 71
1069 598
1609 270
771 270
212 270
212 75
7 385
578 7
931 385
931 7
203 7
203 931
127 974
161 1907
2043 513
2276 513
2276 2043
2044 513
374 1389
2044 2276
1361 272
2061 1728
406 6761
308 1130
485 14
642 565
553 2035
294 422
1207 2277
2143 320
46 70
1984 199
340 52
114 75
869 412
501 461
1361 14
1361 48
14 48
69 609
239 609
239 69
945 609
945 239
642 116
397 148
565 69
11 265
84 265
222 52
2245 52
2245 222
1688 7
565 116
337 563
1002 1931
283 276
445 283
498 445
1918 635
11 635
11 1918
487 626
592 1025
1219 1025
210 138
210 2278
210 149
210 747
138 2278
138 747
2278 149
2278 747
1041 246
2279 246
2279 1041
1504 265
862 196
145 293
455 293
455 145
69 786
48 86
833 543
116 3256
2280 3256
2280 116
35 840
38 840
116 840
452 840
452 35
374 840
374 35
374 38
1163 1366
2281 2282
2281 1948
2281 797
2282 1948
2282 797
1948 797
1649 1943
1649 1821
1829 364
1829 1215
2283 820
820 1607
2283 1607
135 35
35 155
1171 1910
1171 688
2284 278
1620 574
951 84
951 265
570 135
135 116
77 388
149 985
979 678
135 840
570 840
570 35
570 374
59 551
6 1567
38 747
1258 6762
62 1567
1947 712
600 161
600 747
600 70
102 16
1567 70
2285 441
116 1567
766 1030
571 445
571 206
161 1567
38 600
39 150
482 148
288 527
166 395
678 482
2286 482
2286 678
1176 2287
2287 3
2287 155
2287 62
2287 903
527 395
527 2024
527 2224
527 200
527 173
527 1159
527 221
527 397
527 1478
527 502
527 826
527 270
527 803
527 418
527 817
527 1122
527 1709
527 2229
2287 989
2287 445
1176 903
903 989
1176 989
148 678
148 2286
62 989
62 903
1176 155
3 155
3 903
155 62
155 989
527 1972
11 137
2288 110
766 1551
510 2074
510 3715
2289 2290
2290 740
2289 740
784 6763
1931 2072
38 6763
2291 462
140 2292
140 683
381 2292
381 683
2292 683
1361 6764
362 2293
1758 228
1758 2294
1516 1758
726 2294
726 1758
497 2294
485 2068
1610 191
191 108
649 419
228 2294
2294 1516
2111 2292
1938 384
1938 388
388 384
2295 2083
228 1978
757 1295
284 686
246 839
635 70
839 1309
839 673
839 40
2296 75
2296 100
113 447
140 2111
21 1887
222 244
497 2299
32 2297
1338 896
2111 683
228 2299
635 1847
213 73
1314 2035
1584 2298
527 300
527 38
34 1178
1120 1178
1178 7
1178 0
1178 166
1178 301
1714 1178
331 1178
2024 1178
200 1122
132 1178
73 1178
274 1178
100 1178
200 397
200 1478
395 418
395 817
395 1122
395 1709
395 2224
395 2229
395 2024
395 803
395 502
395 215
395 38
395 300
395 1972
395 200
395 173
395 1159
395 221
395 397
395 1478
395 826
73 395
527 274
527 132
1466 189
527 70
527 1963
527 65
527 319
527 588
527 67
527 215
527 1714
527 331
499 30
395 588
0 395
288 395
527 1120
527 7
395 319
395 65
2024 397
2024 1478
2024 1122
2024 70
278 2068
711 1101
600 1416
600 2146
1416 1101
2146 1101
600 1101
395 51
395 1963
711 2146
711 1416
395 132
395 301
395 1120
395 7
395 331
395 1714
395 34
395 676
395 100
395 274
395 1178
140 2068
278 250
2300 635
2300 982
635 982
136 277
645 166
1608 382
85 275
2264 278
515 1225
628 342
1361 581
246 506
1926 2008
2301 11
2219 4
167 275
246 6274
506 6274
1408 2510
2302 2510
2302 1408
2303 2304
2303 974
2264 325
2304 974
363 669
506 720
2305 6765
408 999
951 33
363 209
2306 6098
363 2307
209 2307
209 669
2307 669
1390 786
1159 29
16 34
2259 502
2035 502
2035 2259
125 6
669 974
1925 3350
67 483
1420 2308
1420 1376
2308 1376
26 1584
818 1209
2309 1361
506 473
381 1685
1706 1685
1706 381
0 556
2310 556
2310 0
72 284
1397 1392
75 258
75 2162
278 1685
278 108
1397 29
1392 29
132 235
235 1392
817 617
132 1392
2311 173
169 173
169 2311
289 1257
720 473
1247 415
0 246
676 246
246 527
6 2456
70 2456
2312 485
981 1887
32 527
1891 839
487 2313
487 54
2313 54
1807 1887
1807 132
1807 981
276 1887
276 981
276 1807
0 32
276 132
29 2315
1643 849
1643 29
1643 2315
2314 849
2314 29
2314 2315
2314 1643
1455 849
1455 29
1455 2315
1455 1643
1455 2314
2315 849
86 240
388 896
2124 131
2124 901
131 901
524 849
524 29
524 2315
11 524
11 2319
2316 2320
2317 2320
2317 2316
2318 857
75 452
11 1455
11 2314
11 1643
524 1643
524 2314
524 1455
2319 849
2319 29
2319 2315
2319 1643
2319 1455
2319 524
11 849
11 2315
2319 2314
1361 6
39 190
39 1389
1179 87
1544 87
1544 1179
1236 87
1236 1179
1236 1544
1405 87
1405 1179
39 2112
1405 1544
396 200
1405 1236
392 87
392 1179
422 419
422 363
422 442
422 385
445 442
445 385
419 363
419 445
419 442
419 385
385 363
392 1544
392 1236
392 1405
198 856
505 452
101 564
101 19
381 2321
381 388
381 69
381 11
381 301
381 101
381 564
381 19
2003 19
19 564
2321 19
19 301
564 2003
122 564
11 2003
11 564
2321 2003
2321 564
19 122
19 388
527 564
527 19
527 381
2321 527
2003 527
19 2140
2131 482
1058 1068
2322 1000
301 564
69 2003
69 564
527 122
527 388
564 388
527 168
388 122
69 2321
69 122
168 479
11 2321
11 122
301 2321
388 2321
122 2321
2003 388
2321 101
2323 2324
301 388
101 388
1068 1390
51 1178
132 1478
166 397
166 1478
826 1178
502 1478
502 1178
502 70
502 397
73 1478
34 1478
331 1478
331 397
7 1478
826 397
826 1478
2224 70
826 70
300 1478
300 397
1478 397
1478 1159
397 1120
397 1963
397 51
397 274
397 676
397 1714
397 1178
397 7
397 0
397 301
221 70
397 65
1478 221
397 288
397 588
1478 274
1478 100
1478 676
1478 1714
1478 1178
1478 0
1478 1120
1478 301
1478 101
1478 173
1478 1972
1478 38
1478 4
1478 215
1478 67
1478 588
1478 319
1478 288
1478 65
1478 1963
1478 70
1478 51
397 221
397 1159
397 173
397 1972
397 38
397 4
397 67
2224 1178
817 70
817 1478
817 397
1709 1478
1709 397
817 1178
1122 301
166 1122
300 1122
288 1122
1120 1122
1122 817
34 1122
1709 1178
1122 418
1122 803
1122 270
1122 70
1122 51
1122 274
1122 100
1122 1714
1122 331
1122 1178
1122 7
1122 1963
1122 65
1122 319
1122 826
1122 502
1122 1478
1122 397
1122 221
1122 1159
1122 101
1122 173
1122 1972
1122 38
1122 4
1122 215
1122 67
1122 588
270 1478
803 70
803 1178
270 1178
1709 1122
418 397
418 1478
803 1478
803 397
418 70
418 1178
588 70
588 1178
67 1178
319 1178
2229 1122
215 70
4 1178
2229 1478
215 1178
2229 397
1120 70
331 70
1963 1178
70 7
70 1178
70 51
70 274
70 1714
288 70
65 1178
1963 70
288 1178
1159 1178
2229 70
2229 1178
101 1178
221 1178
2224 397
2224 1478
1159 70
2224 1122
300 70
300 1178
38 1178
173 70
173 1178
1972 1178
1972 70
200 1178
1308 1390
1308 1068
2325 1916
2325 178
2325 501
1916 178
1916 501
178 501
1547 70
1547 301
1841 501
1841 178
1841 2325
124 178
124 501
3 2326
3 1841
3 2325
3 1916
3 501
2326 1841
2326 2325
2326 1916
2326 178
2326 501
1841 1916
347 70
486 347
486 16
486 335
301 347
301 335
301 486
38 1547
486 1547
16 1547
16 347
23 135
335 16
124 1916
124 1841
1225 483
2327 665
2004 720
720 472
720 10
2004 472
472 10
2004 10
2010 665
669 2010
493 1660
1595 729
359 1890
6 659
309 659
2265 112
2328 329
312 577
278 53
2329 1002
213 124
213 2326
213 1841
213 2325
213 1916
213 178
213 501
124 2326
712 974
585 2230
0 370
1068 730
124 2325
999 209
38 16
119 210
219 302
909 1019
60 165
1687 60
843 457
59 1384
278 2356
894 129
1817 1328
628 764
628 275
275 764
42 698
278 1866
1207 283
1207 951
1207 190
1207 34
1207 136
1207 35
1207 132
283 951
283 190
283 34
512 698
217 42
217 698
6 2185
6 2181
1070 1497
426 1497
217 512
498 1934
361 432
1560 122
1339 2330
1367 2330
951 903
765 335
1934 325
19 1934
86 1934
1070 903
1070 951
243 909
243 363
2331 294
1753 400
1753 198
155 46
11 2001
1008 1536
2332 362
297 977
2333 371
1380 2333
1859 396
831 2161
2334 1824
308 210
297 210
537 588
2140 74
1610 145
645 145
645 1610
69 278
2335 278
2335 69
2336 137
278 2312
1504 679
239 977
239 210
1246 977
1246 297
1246 239
2337 40
346 219
346 21
2152 1703
21 219
628 1610
278 2338
441 9
714 352
951 1610
73 592
210 77
210 1916
73 1361
2339 6766
904 363
903 19
127 1397
34 1397
6 1397
1021 588
58 23
903 363
13 107
58 3
588 134
127 199
222 199
553 931
817 330
561 101
891 215
215 931
891 553
891 931
929 994
929 585
75 1456
278 4623
471 3315
19 994
994 585
19 650
113 650
62 110
896 32
406 487
406 420
487 420
424 635
26 3010
1296 3010
1296 26
397 32
48 146
150 29
319 150
122 572
499 284
1474 34
243 406
2340 161
283 6
8 614
870 2341
1225 217
2342 2343
1401 614
1401 8
614 2344
2344 785
2344 1401
8 785
614 785
785 1401
2344 8
283 132
159 486
136 199
136 1390
136 159
199 486
199 159
498 2345
159 951
1661 2346
486 1390
159 1390
1953 406
1328 1953
648 1614
648 71
648 8
70 1984
102 1438
472 974
951 1390
456 3
200 296
228 1215
249 297
1225 667
1225 2056
145 687
2347 667
2347 2056
2347 1225
139 667
2056 667
139 2056
1671 69
1791 11
9 1791
96 189
96 338
96 905
96 489
96 113
139 1225
139 2347
255 459
288 116
1219 1361
741 596
455 140
278 1000
1859 246
1207 29
455 454
11 2282
11 1021
864 132
864 2282
864 551
334 969
864 1021
334 338
334 1021
132 2282
132 338
9 390
334 132
334 2282
864 3
338 315
551 1021
551 338
551 969
551 315
59 2282
864 205
864 334
864 11
315 2282
315 1021
315 969
315 205
315 334
315 864
824 415
246 606
246 136
974 606
974 136
1246 243
41 243
86 145
1853 1338
1614 71
1614 102
112 53
1614 38
974 71
969 2282
969 1021
205 2282
205 1021
338 1021
338 2282
2116 210
551 2282
1021 2282
3 2282
73 905
628 929
124 46
124 929
550 46
550 929
929 35
929 46
2348 313
2349 945
294 1514
1608 485
831 2117
71 2117
71 831
395 1971
70 2349
2350 249
1728 2351
334 67
437 56
416 453
1017 1367
190 136
11 241
1823 2352
168 2352
540 284
635 1339
1367 635
1017 1339
1017 635
415 721
1465 721
136 132
1221 1778
309 2353
2353 11
8 67
58 2354
9 2354
9 58
2355 392
1002 397
2356 2357
732 19
1535 104
161 839
145 124
1210 418
104 418
104 1210
1535 418
1535 1210
2358 311
113 905
9 905
489 905
905 189
3 905
2035 1105
1339 2035
1504 1185
1504 110
1504 771
1544 290
283 35
771 1185
1185 963
617 110
617 771
617 963
1453 110
110 771
110 963
2360 208
1185 1453
1185 110
1185 617
35 1453
159 1185
334 1916
334 77
471 1557
951 533
2361 1688
1002 3109
661 4
1328 1811
1328 1076
1960 32
19 153
19 427
427 153
211 1380
132 758
40 489
271 4014
2362 802
498 815
423 815
423 498
2363 101
486 203
486 1502
486 1368
377 70
771 1534
771 132
1534 132
173 199
115 1556
1274 314
338 314
1502 1368
203 1368
203 1502
1342 52
2364 1002
0 603
29 1385
0 982
69 284
69 145
215 2035
304 2365
70 690
603 982
289 983
1070 145
1070 839
2106 4
2366 93
46 951
46 1595
388 974
441 396
548 539
2367 1978
42 820
381 2368
102 190
102 486
190 486
278 1
1915 1
1915 278
228 1205
124 1637
628 687
1376 461
13 1371
13 461
1376 1371
461 9
1130 153
1130 139
206 1371
461 1371
461 206
19 840
9 1371
1178 840
2187 1595
1009 2062
1009 562
87 2062
87 562
87 1009
87 541
2062 562
2062 541
861 1915
135 4
25 2369
1416 149
1684 149
1684 1416
519 1122
654 847
2215 636
686 199
859 288
40 2190
388 741
161 985
445 80
545 423
415 757
42 224
132 436
132 147
1892 2797
1361 376
1092 1361
83 468
1887 468
660 1371
219 1824
93 146
1887 83
2370 450
1416 984
1416 3
574 840
903 397
2371 2903
1778 21
44 5823
900 5823
926 1819
926 550
926 974
1819 550
1819 974
974 550
763 462
26 1361
763 982
665 398
1703 1328
652 2035
661 522
19 522
856 541
2372 1507
430 524
2152 4284
2373 1890
137 2374
2187 75
215 75
215 2187
60 35
86 60
60 71
1817 5384
35 125
1619 3
1058 603
1058 982
2375 1631
278 1978
440 665
945 6396
23 71
11 648
2377 1819
2378 2604
2379 395
83 395
83 2379
32 395
32 2379
1564 945
56 909
555 56
23 648
1519 125
99 985
288 687
2146 25
325 570
200 125
1890 748
1105 4813
374 284
202 73
318 287
2380 6767
51 6767
51 2380
573 6767
573 2380
573 51
265 660
265 917
452 388
388 70
2381 2382
941 985
660 917
332 1178
332 498
332 363
332 1504
332 79
332 155
1504 239
861 265
332 1303
861 239
332 239
332 861
498 265
498 239
332 265
861 1303
861 1178
239 1178
239 363
239 79
101 239
228 71
246 71
246 228
239 397
239 155
239 35
363 1303
363 498
239 1303
265 35
265 155
265 397
861 363
861 155
34 23
265 239
265 1303
265 1178
265 363
265 79
11 1303
11 1178
155 258
155 2384
363 258
363 2384
11 2384
38 1317
2383 1225
239 1614
3 86
1178 258
1178 2384
1178 1303
2384 265
2384 239
2384 1303
2384 498
2384 1504
2384 79
2384 397
2384 35
2384 861
2384 332
258 2384
258 332
586 989
258 265
258 35
1504 1178
1504 498
1504 363
2385 1339
2385 485
2385 1218
2385 140
2386 1339
2386 485
2386 1218
2386 140
2386 2385
1339 140
140 1218
2387 3350
2388 3350
2388 2387
1229 3270
1218 485
1916 315
1916 77
255 77
255 1916
77 315
2040 974
224 974
1493 1110
2040 224
219 148
1303 35
79 1178
79 363
753 1130
962 1848
155 1178
155 498
155 363
155 397
397 363
2389 304
93 16
59 1021
168 40
2390 510
182 6768
11 6768
289 6768
289 182
228 725
228 209
228 2392
1087 137
1087 725
1087 209
1087 2392
1087 522
725 522
817 522
1463 585
228 817
228 522
228 1087
148 2218
4 1201
338 1201
2392 522
137 725
137 209
137 2392
137 817
137 522
2392 817
384 461
384 9
384 1376
384 13
384 22
384 38
73 1371
73 461
73 1376
73 13
73 384
384 206
384 1371
22 461
22 1376
22 13
38 1371
38 461
817 725
817 209
1947 7
209 2392
725 209
725 2392
1951 6769
77 1371
77 461
77 1376
77 13
522 209
77 384
856 4745
341 35
341 617
610 149
1811 1361
1434 348
6 145
1710 2383
6 855
22 855
240 284
240 1629
1076 2349
21 395
1713 862
246 1116
124 1116
2393 0
1214 3520
2394 2611
962 62
553 278
1647 487
966 69
985 436
635 1002
2395 1002
2395 635
11 850
278 1057
116 1030
2035 278
1712 485
486 74
1030 34
487 2423
21 2322
11 191
1361 1359
279 2487
108 2487
108 279
75 2487
75 279
132 2487
29 2487
29 279
191 645
215 1359
1361 1279
839 2375
284 2375
839 284
938 985
2022 974
209 388
2396 125
2396 113
805 362
2397 362
2397 805
585 2397
455 362
455 2397
117 2397
70 406
117 585
127 1822
1279 2035
1279 1359
140 2035
140 1359
1359 2035
7 1359
1823 165
606 1822
1014 1822
1014 606
278 2398
288 1246
101 482
1165 200
1607 887
1191 11
325 2283
1797 93
135 2730
305 137
1165 24
1165 430
1165 103
969 390
200 103
200 24
1165 10
1758 1633
1758 445
1352 1633
1352 445
1352 1758
206 398
2399 5372
232 2730
232 135
1564 2357
2400 628
2400 430
628 430
254 1440
486 1440
865 1891
228 814
486 254
11 748
422 35
909 79
578 79
276 1389
2401 17
422 909
422 578
445 2403
2402 398
445 578
2403 79
2403 909
2403 363
2403 1176
2403 35
2403 422
2403 578
1811 74
288 224
829 246
1811 348
124 829
1811 4
578 363
578 1176
451 543
1309 1390
1309 765
1309 974
1887 1309
266 422
46 570
165 585
363 266
1062 884
127 2106
2106 2404
2106 1897
2106 147
1897 127
1897 2404
127 2404
519 200
406 166
406 36
406 284
284 36
127 606
606 1066
166 36
2403 266
266 445
277 2289
585 69
127 279
165 69
266 1176
448 395
2404 147
1897 147
448 101
127 147
2405 1862
266 578
266 909
396 740
67 628
297 628
2406 34
497 71
775 157
244 865
244 284
865 284
601 574
2407 574
2407 601
1737 252
660 448
75 140
1931 232
2408 485
62 817
62 551
817 551
559 448
479 551
342 2147
114 86
427 495
871 2006
871 6770
2006 6770
75 16
665 62
209 62
1602 80
1602 132
80 292
279 189
148 600
2106 495
2409 2259
1687 2409
1687 1361
1687 133
1687 2259
2411 1641
1002 2412
2409 1361
2259 133
2259 1361
462 155
292 285
284 32
1610 284
133 1361
1626 1333
2413 153
36 533
588 1519
2022 370
378 1225
397 1333
442 2729
397 1626
278 1333
397 278
2106 427
217 974
700 1637
341 94
228 2571
248 3
29 294
2414 3069
700 294
1226 1568
1557 2415
539 1697
539 2415
539 1557
2415 1697
161 319
843 363
1361 2292
2035 2292
2292 215
2292 1279
2292 1359
10 430
67 2416
100 832
1325 3
1890 2417
1890 450
2417 450
430 103
24 103
2418 2419
294 1637
931 124
1392 161
1392 570
1392 62
252 378
669 2403
515 3048
1450 1802
1295 2403
102 533
2187 265
826 10
473 1152
328 974
355 2420
989 2140
453 124
87 1059
643 606
138 1198
643 1822
2421 974
757 1343
2422 150
127 1014
559 13
159 67
68 13
68 559
39 207
3 206
59 1014
59 643
982 979
1644 1822
59 606
2423 198
2424 198
2425 1931
2035 422
2035 445
643 1014
1416 24
149 24
2426 1610
325 110
222 641
59 1822
2424 2423
2426 11
2427 916
145 1198
550 445
550 62
550 388
641 429
1501 2428
248 145
904 483
904 209
271 125
2186 392
207 96
1501 1295
19 1660
1227 1660
1227 1887
1148 1660
1148 19
1148 1887
1148 1227
483 209
1887 1660
2428 1295
1496 196
75 866
32 445
246 1435
93 213
1903 1496
2429 729
149 2429
1742 989
1742 363
639 843
639 903
639 989
19 843
102 1246
1742 903
1742 639
1742 843
59 669
59 1504
502 1240
2430 1449
77 5
2146 127
145 1446
2431 151
151 3
2432 1456
318 11
318 5
318 77
385 2433
1207 39
1207 22
2135 1240
282 145
1615 548
137 3507
7 145
1014 1644
2069 117
757 603
1644 606
67 29
22 1742
22 843
22 903
67 199
1002 2906
1644 127
278 3530
1644 643
1644 59
140 1225
2118 635
445 6771
127 669
1500 1535
127 1504
2280 1279
125 8
19 188
1937 1434
424 190
601 606
601 1014
601 127
601 643
601 59
601 1644
1176 843
601 1822
215 2434
2435 2434
2436 585
1411 32
1309 100
1309 132
1309 22
1309 730
348 1390
228 1390
974 1390
974 765
1887 1390
1390 765
127 318
2436 455
1163 86
2231 86
2231 1163
454 974
430 974
700 974
700 454
101 454
101 430
101 700
279 430
279 700
700 430
125 23
29 631
228 100
22 765
7 510
22 348
22 40
765 348
492 224
765 32
765 40
765 100
2437 631
1390 32
1390 40
1390 100
1390 132
29 2437
1390 730
348 974
1887 765
228 765
396 1983
453 1983
453 396
124 1983
80 246
80 829
80 124
80 453
80 1983
80 396
388 246
388 829
388 124
396 829
1983 246
1983 132
1983 829
388 453
462 1053
388 1983
388 80
805 2436
125 58
34 58
58 113
1811 859
4 348
1226 388
1226 80
210 221
1226 132
1226 829
1226 124
1226 453
1226 1983
1226 396
765 730
831 201
285 84
516 894
270 2039
22 2039
384 69
2438 729
2180 497
497 2439
967 862
201 284
2135 1424
54 2440
843 989
1590 140
1590 510
101 577
843 903
843 62
1707 325
2435 215
671 2403
582 929
1792 1009
857 377
1594 506
951 1361
278 1884
33 146
2180 2439
301 6772
50 1891
113 23
967 32
74 859
348 859
967 1411
69 273
348 730
32 100
2436 362
862 1411
348 1887
669 135
1887 974
1887 100
32 730
974 40
974 730
348 100
974 100
40 100
100 730
1887 228
132 730
22 730
228 730
1887 730
1122 69
10 1122
22 1122
784 135
931 1480
11 209
352 147
71 147
228 639
974 1178
974 639
71 352
2441 1777
2359 6
38 2359
228 102
228 1178
1985 2443
2442 625
2442 1834
1043 2443
645 574
625 1834
1944 2444
102 110
62 138
180 974
180 228
180 110
203 228
946 650
1255 974
1255 228
1255 498
132 639
1255 110
1085 1426
148 1426
1002 219
115 180
2445 455
115 1255
1255 132
729 270
729 210
1887 570
1887 493
570 493
148 1085
866 6773
114 1246
114 839
1246 839
228 165
2138 31
232 165
1478 1304
2138 625
132 180
814 225
886 225
886 814
384 1733
1246 1788
1369 909
2446 228
978 1018
1543 862
52 2448
270 2484
1685 2449
1085 338
600 297
2447 436
11 1480
2 628
2448 857
59 628
492 1984
1594 1236
431 22
442 1178
2450 19
2451 19
2451 2450
132 493
102 628
92 145
1456 630
1178 110
2452 2453
461 335
1510 747
278 126
224 388
2454 246
557 1615
862 574
92 6774
2455 6774
2455 92
255 2456
110 228
574 2457
861 2286
974 498
125 166
278 2458
334 72
1758 1255
2459 19
2460 4847
1758 180
206 325
1758 639
1123 2138
1123 825
2138 825
1758 974
825 1246
1758 498
1758 110
2138 1246
206 1707
586 2290
586 2289
1072 590
1072 905
1072 277
590 277
905 277
110 396
110 115
396 115
870 1002
52 238
205 1415
977 339
1758 1178
1758 3
1758 102
2461 2677
73 46
182 1246
2462 1246
981 34
981 70
724 2463
72 101
228 2282
398 2282
1668 742
398 228
650 600
1079 35
2462 182
1758 396
1758 115
1758 203
1758 132
228 396
228 115
290 2464
974 115
145 436
145 200
145 985
115 203
115 102
115 1178
985 200
115 639
115 498
1610 378
1207 378
1207 1610
1106 40
2431 73
1156 75
2431 3
2465 839
278 70
1916 627
243 627
135 627
1916 243
959 627
93 906
2466 388
92 43
201 188
201 75
201 4584
613 188
613 4584
188 75
188 4584
75 4584
959 243
959 135
613 75
1268 1157
149 406
445 862
396 498
645 3351
1562 4955
32 113
145 661
650 166
399 19
280 430
280 4
140 280
502 430
4 140
502 280
1406 1430
1406 1474
1406 233
140 430
1406 639
2467 1081
2291 94
2468 3
1406 1602
1602 639
2469 431
2470 2265
278 712
1921 1076
945 182
80 1637
945 80
80 182
1142 331
909 6775
1602 233
857 403
857 255
403 255
20 213
1910 75
4 556
1910 11
805 875
233 1430
639 1430
639 1474
639 233
1602 1430
1449 2463
1602 1474
233 1474
20 36
20 275
220 213
220 20
220 275
36 213
224 148
36 275
36 220
1684 319
2052 1110
817 289
1480 209
443 284
19 46
462 35
586 661
355 212
140 712
489 2471
1626 17
586 19
74 212
2472 2186
22 25
25 36
270 904
817 628
73 289
289 628
1929 712
479 650
2289 974
1755 1853
209 931
989 363
2091 1499
1522 1184
1522 585
1522 419
1499 459
2219 1879
900 1397
73 374
1115 205
931 1361
10 577
209 1361
2474 165
625 1929
625 278
625 140
625 712
451 1929
625 451
2475 36
451 278
451 712
1929 278
1929 140
2475 175
433 459
433 1499
433 2091
1480 1361
489 1457
2471 1457
125 319
222 206
423 2190
292 2190
892 1916
892 1887
1684 125
1684 650
46 1378
34 430
892 2190
222 80
765 1916
2282 384
765 2190
1684 107
1674 219
765 423
132 2190
892 423
1684 166
101 125
2190 1887
220 1126
79 10
125 10
125 51
125 79
718 922
406 2688
220 1434
423 1916
101 79
423 1887
1975 249
472 586
107 650
1105 199
840 423
1463 2476
1463 957
2476 957
1687 52
840 892
840 765
127 219
1674 127
525 1887
525 132
525 1916
525 423
525 892
840 2190
1887 840
525 765
525 840
541 52
669 246
1361 543
1276 59
840 1916
2070 273
2477 1739
2190 1916
166 79
525 2190
319 650
319 107
246 885
885 2478
25 495
885 1978
2478 1978
2478 1916
2478 673
4 495
540 1975
903 1975
107 125
903 540
1978 1916
246 2478
125 650
127 1542
70 1542
51 10
220 1634
1126 1634
1887 1916
885 1916
1504 101
196 489
38 1742
159 101
107 166
1916 673
885 673
129 135
292 1916
1372 964
146 2479
747 499
2480 964
146 2219
200 161
38 499
646 1390
1371 600
2219 2479
2219 213
820 396
42 396
338 646
1372 2480
1915 84
1371 499
270 1510
974 1304
829 1179
200 499
1043 2483
246 2483
2481 2482
127 445
136 127
669 439
671 585
161 69
304 135
69 747
2389 135
671 439
903 515
67 1916
1786 2484
1510 2484
1510 1786
493 903
2479 101
2479 213
200 747
69 499
22 1916
200 600
200 62
200 69
951 411
1916 9
146 213
628 1421
730 2485
570 499
468 188
861 664
2485 2033
2485 338
570 600
62 1371
508 36
508 3
200 570
519 217
52 1737
217 36
519 36
1361 1192
289 578
1039 578
1039 289
499 600
977 2229
570 1371
977 2486
2486 2229
69 1371
1421 35
625 499
330 126
200 1371
724 640
1887 246
1887 1509
1887 281
246 1509
1115 928
281 1509
1371 161
972 34
1509 132
1509 19
747 625
600 625
625 570
625 1371
625 38
625 200
625 161
625 69
508 217
148 160
116 625
116 1371
116 200
662 29
1707 1871
1707 224
1707 1106
1707 1331
1707 585
1707 168
1707 1299
1707 11
422 2487
1707 131
1707 862
1707 397
1707 319
1707 541
1707 2212
1707 346
1707 2490
1707 19
2488 206
2488 1456
154 6725
2488 325
189 6725
189 154
2488 1206
2488 32
1707 2463
1707 929
1707 135
1707 436
19 1206
19 824
19 436
19 135
19 319
19 1871
19 224
19 168
19 1299
19 131
19 2463
19 2212
19 346
19 2490
1707 1456
1707 1206
1707 32
1707 824
2488 824
2488 436
2488 929
1201 325
1201 1206
1201 32
1201 824
1201 436
1201 135
1201 319
1201 1871
1201 224
1201 1106
1201 1331
1201 585
1201 1456
1201 168
1201 11
1201 131
1201 862
1201 397
1201 541
1201 2463
1201 2212
1201 346
1201 2490
1574 747
1201 19
1201 1707
1201 2488
1201 1299
1201 206
2488 1707
2488 19
2488 319
2488 1871
2488 224
2488 1106
2489 313
2488 1331
2488 585
2488 168
2488 1299
2488 11
2488 131
2488 862
2488 397
2488 541
2488 2463
2488 2212
2488 346
2488 2490
2488 135
1699 206
19 1456
2490 346
929 862
929 397
929 2463
2212 206
2212 1456
2212 325
2212 1206
2212 32
2212 824
1450 864
1887 1450
2212 436
2212 135
2212 929
2212 319
2212 1871
2212 224
2212 1106
2212 1331
2212 585
2212 168
929 1299
929 168
541 862
541 397
2463 206
2463 1456
2463 325
2463 1206
2463 32
2463 824
2463 436
2463 135
2463 319
2463 1871
2463 224
2463 1106
2463 1331
2463 585
2463 168
2463 1299
2463 11
2463 131
2463 862
2463 397
2463 541
929 319
929 1871
929 224
929 1106
2212 1299
2212 11
2212 862
346 2463
346 2212
2490 206
2490 1456
2490 325
2490 1206
2490 32
2490 824
2490 436
2490 135
2490 929
346 541
2490 319
2490 224
2490 1106
2490 1331
2490 585
2490 168
2490 1299
2490 11
2490 131
2490 862
2490 397
2490 541
2490 2463
2490 2212
2490 1871
346 397
346 862
346 131
2212 397
2212 541
2212 2463
346 206
346 1456
346 325
346 1206
346 32
346 824
346 436
346 135
346 929
346 319
174 2100
346 1871
346 224
346 1106
174 23
2100 23
346 1331
346 585
346 168
346 1299
2491 2007
346 11
2212 131
1699 1456
1699 325
1699 1206
2492 346
2492 2490
2492 19
2492 1707
2492 2488
2492 1201
2492 1699
2492 166
2492 3
2492 886
219 206
219 1456
219 325
2492 2212
219 1206
720 124
219 824
219 436
219 929
219 319
219 1871
219 224
219 1106
219 1331
219 585
1130 71
219 32
2492 2463
2492 541
2492 397
886 2490
145 388
886 1707
886 2488
886 1201
886 1699
886 166
2492 206
2492 1456
2492 325
2492 1206
2492 32
2492 824
2492 436
2492 135
2492 929
2492 319
2492 1871
2492 224
2492 1106
2492 1331
2492 585
2492 168
2492 1299
2492 11
2492 131
2492 862
886 346
119 720
418 124
418 720
418 119
418 492
418 126
418 1360
243 720
243 119
243 126
392 645
219 2488
219 1699
219 166
219 886
219 2492
243 1360
243 418
974 1456
974 325
974 1206
119 492
119 126
219 1201
219 1707
492 720
124 119
219 168
126 720
126 492
1360 124
1360 119
1360 492
219 1299
219 131
219 862
219 397
219 541
219 2463
219 2212
219 2490
219 19
886 2212
886 2463
2463 1699
166 206
166 1456
166 325
166 1206
166 32
166 824
166 436
312 362
1215 362
1215 312
166 135
166 929
166 224
166 1106
166 1331
166 585
166 1299
166 131
166 862
166 541
166 2463
166 2212
166 1871
1699 32
1699 824
1699 436
1699 135
1699 929
1699 319
1699 1871
1699 224
1699 1106
1699 1331
1699 585
1699 168
1699 1299
1699 11
1699 131
1699 862
1699 397
1699 541
1699 2212
1699 346
1699 2490
1699 19
1699 1707
1699 2488
1699 1201
166 346
166 2490
166 19
166 1707
3 1707
3 2488
3 1201
3 1699
886 206
886 1456
886 325
886 1206
886 824
886 436
886 319
886 1871
886 224
886 585
886 168
886 1299
886 11
886 131
886 862
886 397
886 541
3 2490
3 2212
166 2488
166 1201
166 1699
3 1206
3 824
3 929
1854 147
3 1871
3 224
3 1331
510 1129
3 1299
3 131
3 2463
3 346
541 1299
541 168
2430 32
2493 26
2493 19
26 19
2494 1085
1225 586
406 107
1822 2841
825 1405
2495 34
2495 482
1225 4
284 606
51 308
209 898
209 32
1405 871
1405 1246
2138 260
71 46
2458 2231
617 452
1206 206
1206 1456
32 206
32 1206
824 206
665 1742
824 1456
824 1206
824 32
436 206
436 1456
436 325
436 1206
436 32
436 824
135 206
135 1456
135 325
135 1206
824 325
359 1742
1504 452
1295 515
68 617
2496 5039
38 6776
1565 974
1565 721
974 721
388 2497
665 75
492 308
170 164
625 170
625 1431
625 164
164 1431
811 2789
1786 19
1206 849
1644 849
32 849
1420 348
1420 70
348 70
959 305
277 740
1068 740
588 136
320 981
320 38
320 1371
320 492
981 1371
492 1371
7 2148
51 153
492 153
308 153
135 824
22 320
125 12
2498 661
2498 974
1811 278
743 471
2275 471
2275 743
32 320
32 1371
22 981
135 436
929 1456
131 32
131 824
131 436
131 319
131 1871
131 1106
131 1331
131 585
131 168
131 1299
131 1206
862 1456
862 325
862 1206
862 824
862 436
862 135
862 319
862 1871
862 1106
862 206
131 1456
131 206
32 319
32 1871
32 224
32 168
32 1299
11 824
11 1871
11 1299
1299 168
862 168
541 1456
541 1206
541 32
541 824
1557 6
541 135
378 168
541 319
541 1871
541 224
541 1106
541 1331
541 585
862 131
1331 168
1331 1299
397 206
397 1456
397 1206
397 824
397 436
397 135
2499 577
397 1871
397 224
397 1106
397 1331
397 1299
397 131
397 862
862 1299
1299 585
1299 1106
224 824
224 436
224 319
84 1000
224 1871
1106 206
1106 1456
1106 325
1106 1206
1106 824
1106 135
1106 319
1106 1871
1106 224
1331 206
1331 1456
1331 325
1331 1206
1331 824
1331 436
1106 436
224 1206
224 325
224 1456
929 1206
929 824
929 436
319 206
319 1456
319 325
319 1206
319 824
1871 206
1871 1456
1871 325
1871 1206
1871 824
1871 436
1871 135
1871 319
224 206
1331 319
1331 1871
1331 224
135 585
2018 498
135 168
1299 206
1299 1456
1299 325
1299 1206
1564 278
1299 824
1299 436
1299 135
1299 319
1299 1871
1299 224
929 206
1331 1106
585 206
585 1456
585 325
585 1206
585 824
585 436
585 319
585 1871
585 224
585 1106
168 206
168 1456
168 325
168 1206
168 824
168 436
168 319
168 1871
168 224
1295 903
1626 1811
493 1295
2334 659
2306 2237
217 498
498 582
582 397
582 32
945 2022
2022 1564
140 630
140 157
140 2021
494 630
630 157
630 2021
494 157
494 2021
157 2021
984 1336
315 48
19 1301
1301 447
984 502
1463 339
2456 207
2500 376
10 1859
1859 1246
2501 1999
453 1454
415 1887
570 415
969 570
284 378
11 374
594 2411
243 127
1361 802
1361 96
376 802
376 96
2500 802
2500 96
2500 7
2500 1361
802 96
430 74
96 7
396 1227
85 570
85 359
396 570
570 1227
570 359
570 246
570 931
570 73
570 363
359 1227
396 85
213 35
203 77
9 430
213 297
213 8
35 297
101 297
1251 963
219 1251
243 1584
243 2257
1309 971
536 971
536 1309
1763 971
1763 1309
1763 536
270 1046
228 2259
2259 19
2371 284
1933 2371
1106 1246
2502 1246
2502 1106
945 2264
1744 867
363 359
359 931
359 73
2503 1797
1384 522
1390 1456
11 871
797 941
2504 648
2504 1371
1144 177
1144 3
445 1058
1371 648
1707 406
648 2507
451 576
1890 2505
1427 2505
1427 1890
2506 1019
126 462
1678 1578
928 232
2508 198
198 905
982 724
1823 929
1823 2509
1823 1226
1823 724
1823 982
379 1450
379 1823
379 2509
379 724
379 982
982 1226
1292 896
1292 1450
1292 1823
1292 2509
1292 1226
1292 724
1292 982
1292 379
1803 896
1803 1450
1803 1823
929 982
982 2509
99 145
1450 896
1823 896
1823 1450
929 1450
2509 896
2509 1450
2509 929
982 1450
982 896
724 2509
2510 1620
724 1450
1226 2509
1226 1450
296 29
206 29
470 857
52 470
430 6777
56 818
628 937
937 46
937 35
725 149
2511 6344
1002 2512
6 2481
80 951
10 296
892 11
140 2409
530 3387
820 406
451 715
2513 11
127 424
424 34
1922 2067
1361 1685
1361 1590
485 1590
1685 1590
2513 892
132 2513
1890 135
1890 956
450 11
135 2417
135 956
11 2417
11 956
956 450
2417 956
1803 929
510 715
510 451
1517 510
1533 1480
198 1533
19 2190
951 270
1942 224
2297 766
2297 84
766 84
2008 468
134 578
2514 578
2514 134
610 386
730 885
2515 885
2515 730
153 803
353 803
353 153
1497 72
1497 39
72 39
1497 318
994 941
102 207
77 207
627 700
72 318
19 765
331 1246
145 84
19 1916
145 766
951 1221
173 1778
173 1221
1778 11
1778 35
11 1221
1221 35
1274 253
2516 497
1726 253
1234 253
1887 253
1887 1274
1887 1999
1887 1726
1887 2517
2042 253
278 253
1999 253
2517 253
497 1978
1778 102
1778 951
102 1221
2517 1274
1999 1726
1999 2517
1999 278
1999 1234
1726 2517
1726 278
1726 1234
1726 2042
2517 278
2517 1234
278 1887
2517 2042
1887 1234
1887 2042
1234 278
278 2042
1234 2042
1202 1309
2001 135
1726 1274
1234 1274
1999 1274
278 1274
2042 1274
145 2297
1893 1202
1244 1202
1085 468
2518 198
96 1202
243 1729
137 243
273 1574
443 60
325 161
628 62
77 628
203 207
3 46
937 3
406 928
598 1467
677 19
2519 2995
485 2995
485 2519
840 255
599 924
2520 1076
839 2521
43 270
43 452
862 72
1862 1365
230 157
150 648
2349 278
58 1726
2522 1552
1076 29
1076 427
1939 29
1939 427
1939 1076
1738 3477
984 2379
2523 626
903 557
2524 557
903 2524
455 2700
279 2700
3 2379
33 446
112 891
2525 73
784 2525
18 1050
18 427
1050 427
1941 313
1 1941
665 2526
665 116
510 1092
840 2526
2526 116
2527 945
278 2527
814 812
2528 802
508 946
0 946
422 132
422 292
33 157
0 508
1803 2509
1803 724
35 642
86 642
642 610
716 116
2349 116
2349 716
2529 345
423 325
354 145
354 471
145 471
86 32
2114 284
2114 32
2114 86
2163 805
669 38
669 77
2530 1630
101 642
101 610
213 642
213 610
1424 1535
2163 516
1808 338
21 864
21 2532
21 2531
338 2532
659 161
116 659
338 2531
338 21
1808 311
311 864
864 2532
864 2531
311 19
19 2532
19 2531
311 2532
311 2531
1747 125
864 19
1808 21
1808 2531
962 516
805 516
149 1625
266 84
19 1808
1808 2532
1808 864
2531 2532
1626 2458
1547 292
1547 1887
1547 765
2445 292
856 2389
2445 1887
2445 1547
892 1547
892 2445
1336 2438
2445 765
1666 213
11 820
1634 2492
165 820
820 59
165 59
2277 104
445 325
1101 164
2030 210
757 2098
1520 757
284 431
9 431
431 161
431 985
284 161
1520 2098
199 171
199 864
2533 1983
2456 1105
1105 70
222 154
222 210
1698 217
764 1215
190 70
190 617
757 817
1685 219
266 62
325 1625
1887 1812
1887 1295
1887 903
1887 515
1812 765
1807 765
1807 498
1807 1295
1807 493
1807 903
1295 338
1295 279
1295 19
1295 765
1295 1812
425 515
765 1126
903 1126
1126 1887
1126 1295
1887 279
1295 498
765 338
903 338
493 765
515 765
765 498
765 903
493 1812
1812 498
1812 903
903 498
498 279
493 338
765 279
425 903
425 493
425 1295
425 498
2534 78
279 2535
279 1607
498 2535
765 2535
515 2535
1607 2535
1812 2535
1126 2535
1126 1607
1126 425
903 2535
903 1607
19 2535
1295 2535
1295 1607
493 2535
425 2535
425 1607
765 425
29 188
891 492
2535 1887
279 425
338 425
1812 425
425 1887
425 1807
2535 1807
2535 338
1812 1607
515 1607
338 1607
19 1607
498 1607
493 1607
1607 1807
1607 1887
1803 1226
620 165
2035 371
2536 2035
2536 433
2536 371
230 432
25 1609
793 5932
489 471
2035 433
62 151
355 62
189 151
151 355
72 151
72 355
107 1589
951 445
11 1630
2537 2538
116 107
1589 116
34 151
34 62
1829 585
1829 1520
1829 805
1829 1980
115 550
115 1760
115 1979
115 585
115 1520
115 805
115 1980
550 1760
1829 1979
550 805
550 1980
1760 1979
1760 585
1760 1520
1760 805
1760 1980
1979 1520
1979 805
585 1520
585 1980
550 1520
1829 1760
1829 550
1829 115
34 189
1845 155
19 278
805 1520
284 650
2539 948
1361 1996
150 230
2056 2540
2014 145
2014 22
477 839
628 839
281 2264
757 87
606 87
606 757
951 116
951 1748
1803 982
1803 379
1803 1292
2440 629
415 783
2541 1780
2327 1780
2327 2541
951 161
1748 483
161 1748
116 483
116 1748
79 483
79 1748
79 161
79 116
11 1748
951 483
161 483
2542 1130
39 1007
21 277
21 40
2543 891
24 1515
486 222
486 24
486 515
486 6778
26 6778
222 24
222 515
222 6778
24 515
24 6778
515 6778
2282 297
1514 297
1514 2282
948 2544
149 577
11 2131
11 2545
2131 2545
2131 173
2131 951
2131 199
2131 6
2131 102
951 2545
2545 173
2539 2544
2545 102
2545 6
2545 199
1520 1980
805 1980
2546 72
2248 301
200 2248
2248 1120
34 2248
2248 527
1405 290
2291 1647
2291 3690
447 290
1205 481
19 481
19 1205
522 290
522 447
522 335
290 335
447 335
815 419
1079 984
101 2248
1647 3690
278 747
379 942
154 625
29 96
338 924
620 11
620 820
48 1246
637 1206
2547 4460
2548 2549
2548 961
961 2549
46 332
22 531
9 531
2259 363
2259 445
1176 2259
132 2259
1925 901
2550 363
2550 2259
2550 1176
2550 132
445 2550
667 363
667 445
667 2259
667 1176
595 2552
595 2551
2551 2552
2546 1871
2546 325
2546 319
2546 32
1584 2553
2298 2553
1421 278
667 2550
493 18
620 59
1423 86
1423 1507
1423 523
34 86
34 1507
34 523
86 1507
523 1507
2554 1910
280 175
2555 175
2555 280
290 189
189 522
189 447
189 335
266 2259
266 132
266 2550
266 667
1910 1925
2349 222
2040 1925
1215 209
611 2556
190 71
79 452
217 452
217 79
217 68
290 1179
2557 1179
2557 290
127 441
127 1113
441 1113
119 254
115 254
115 119
487 384
13 4345
843 1456
2189 1456
2189 843
1094 374
406 843
406 2189
951 1720
19 227
8 374
929 39
1226 39
1400 1435
886 39
2240 39
2240 929
2240 1226
2240 886
1625 1133
2341 1811
1625 1811
961 6
406 662
374 1897
1094 8
1094 270
1094 1897
8 270
8 1897
270 1897
1786 2558
1823 32
1246 311
844 155
1569 3356
334 623
149 623
149 334
32 892
1576 665
239 2559
297 2559
542 2559
542 239
614 266
168 266
577 266
577 614
862 473
862 1887
862 398
398 892
398 2445
1887 389
473 892
473 2445
473 132
473 389
473 398
473 1887
577 168
2188 510
402 17
1285 1173
70 565
86 565
145 395
1156 73
1156 1246
758 1499
2560 587
278 1860
503 2561
892 389
132 389
123 133
2386 123
2386 133
962 137
962 741
8 2562
341 93
341 2562
2562 617
2562 93
2562 35
34 93
11 479
70 1279
70 479
610 650
610 747
7 687
7 650
7 125
7 747
7 610
613 62
34 2562
1314 1361
1314 2563
1314 2259
1361 2563
1977 1361
1977 7
1977 2563
1977 1996
1977 2259
1977 1314
1588 1361
381 1314
381 2259
381 1996
381 2563
381 7
2259 1996
1588 1977
1588 1314
1588 2259
1588 1996
1588 2563
1588 7
2259 2563
93 628
2562 628
630 246
1996 2563
1996 7
2563 7
2259 7
73 630
506 630
1746 2129
479 1279
11 1279
596 2564
596 3275
2564 3275
1430 4386
2148 1587
1310 1620
1002 4386
1002 1430
145 374
398 395
665 395
219 84
974 168
221 146
714 711
73 714
639 1172
29 1811
311 1308
840 168
2565 540
1000 1895
2566 533
1859 2576
1979 840
650 687
650 101
826 315
2567 315
2567 826
101 747
125 747
747 687
445 2568
473 32
1392 1081
292 1909
2433 1983
381 1977
862 389
862 2445
424 198
1977 1817
592 2259
6 1946
592 1946
1023 818
561 20
84 1309
84 20
84 561
1309 20
1309 561
2569 2572
6 1025
2259 1025
2259 2570
2259 26
395 62
395 570
395 3
570 9
611 2467
941 1950
2259 1946
1025 2570
1025 26
1025 1946
2570 26
2570 1946
6 2259
26 1946
2529 2571
345 2571
275 3141
2148 1025
2148 2259
228 1036
2148 1874
26 1874
2148 26
26 930
592 1874
255 1558
20 113
1426 2394
1426 1595
2394 1595
2148 1946
133 1874
1874 1946
1874 2570
1874 1025
1874 2259
930 1946
133 1025
133 1946
930 2259
930 1025
930 1874
177 570
177 62
150 4
230 4
2573 574
574 215
2573 215
215 2147
2573 2147
85 753
230 278
1745 278
1745 230
2574 278
2574 230
2574 1745
574 2147
1367 1002
2035 376
2219 135
2219 22
2219 9
945 73
70 189
648 22
817 146
249 1515
249 24
678 479
177 395
2184 861
115 989
1622 116
1622 84
1811 2819
278 2135
1649 1584
957 6779
2575 697
452 487
487 294
487 1910
452 294
452 1910
2576 243
294 1910
1030 285
1122 2
1122 551
1122 6
2 551
10 17
49 22
2577 2578
2577 1569
2577 7
904 364
904 132
364 132
493 2439
1244 1309
2577 485
73 1309
1893 1309
7 1569
7 2578
1270 239
786 278
388 2292
2034 2292
485 1569
485 2578
1569 2578
1361 123
2148 1030
75 2035
2579 6115
1309 210
116 859
1811 27
892 862
67 1576
132 2445
2445 389
22 411
1339 543
1219 543
1219 1339
224 2669
278 1206
183 2580
3 432
22 617
116 71
22 424
2417 1295
423 11
423 539
19 539
297 6
1610 1584
1915 11
8 1865
35 1915
34 2583
34 1202
2581 1179
206 1733
2582 278
541 1661
2008 1742
1200 1742
1246 1669
304 2346
2583 1202
1568 2045
2583 933
241 555
241 2587
1082 2587
2585 233
2585 1474
617 2586
2586 1199
676 308
2212 515
2587 555
2583 166
2583 72
1460 29
1202 933
1202 166
1502 2588
1202 72
34 933
933 166
933 72
1391 545
1657 545
815 545
1082 555
1657 1391
1391 815
381 1588
1372 67
1372 38
1305 398
1305 893
11 1043
11 893
11 1305
3 398
3 893
1305 69
3 1305
308 69
308 893
1043 308
1043 3
1043 69
1043 398
2589 278
1305 1043
48 2052
190 802
190 3059
2591 1474
802 3059
217 20
2592 945
893 398
893 69
893 1043
457 452
398 69
457 294
69 1674
1305 73
398 1674
398 73
1209 1043
1209 398
1209 893
1209 11
1209 246
1209 73
308 73
398 246
73 1674
1674 1043
1674 308
1674 3
1674 893
1674 1305
1674 11
246 893
246 1305
246 1674
73 893
951 32
73 1043
1778 345
168 345
455 243
455 862
243 862
145 244
75 244
626 184
1000 319
72 1000
72 1456
2593 73
2594 11
2594 676
725 115
299 1183
989 398
989 669
1420 2595
2595 982
1420 982
253 1106
6 1101
531 6
116 531
222 603
324 9
133 9
133 324
510 2259
2245 674
674 52
929 1380
2202 1380
2596 545
844 628
277 338
1068 338
1887 2529
224 1450
72 676
69 1115
355 676
62 676
2597 1519
161 278
189 676
69 650
11 1558
910 278
803 1970
2483 1970
2483 803
2072 941
198 1372
199 362
1115 650
34 650
38 278
839 199
839 2562
199 2562
981 840
981 999
981 442
840 999
840 442
442 999
1615 1000
806 3
217 276
368 133
92 2598
2598 201
368 140
2599 107
797 1811
797 2600
797 1862
1811 2600
1811 1862
2600 1862
1361 368
24 452
839 244
161 244
209 1352
2601 2602
2602 3
19 1209
205 2008
19 1674
38 1456
22 1456
2603 586
2111 7
2111 2604
19 1305
19 893
292 1043
292 893
292 1305
292 1674
292 1209
1085 515
677 515
677 1085
454 1708
19 945
654 1539
278 1890
410 196
19 881
716 985
219 1465
1786 278
2576 2605
2605 557
107 1708
557 2576
35 711
1666 177
2601 3
107 454
222 145
2606 1644
1708 100
352 600
352 711
228 4545
1567 8
352 149
352 8
352 1567
951 352
79 982
84 982
1751 243
678 982
678 84
2607 982
2607 79
2607 84
2607 678
62 982
62 84
62 678
678 79
1478 224
1478 1242
969 96
2608 137
278 2609
771 168
8 168
62 2607
456 34
1046 69
135 1660
135 498
135 2190
1660 2190
498 2190
1361 585
1361 2391
1361 396
1361 87
1361 135
585 2391
135 215
87 215
1076 641
2391 135
2391 87
2391 215
585 87
585 396
585 215
2391 396
498 1660
166 1046
17 805
1336 6780
275 6780
275 1336
230 920
10 920
933 920
933 230
1431 86
86 170
641 1939
232 38
232 951
232 7
232 57
1234 905
126 455
7 57
1887 189
1887 3
57 951
1372 6
67 6
93 1048
929 34
1620 1034
108 84
756 489
371 1508
1788 147
69 1214
69 485
1705 2076
1705 1288
4 1361
4 1214
4 485
217 485
217 1214
69 1361
217 4
489 1887
485 1214
9 1887
1214 1361
113 1887
215 396
492 246
1371 246
210 1426
388 1426
185 1426
17 450
450 1009
450 243
185 388
153 3776
611 3776
611 153
3 1371
19 1371
19 492
124 1371
1917 77
1917 124
2610 474
189 2282
1317 1057
683 1279
450 506
450 793
1258 1234
2611 587
839 2282
113 2282
324 371
324 433
1690 246
246 1361
246 376
246 371
246 433
1690 1361
1690 376
324 1361
433 1361
941 79
324 1690
324 246
135 87
68 2162
2004 100
2004 107
2004 454
46 2990
198 2346
20 813
20 100
813 100
1002 2697
516 550
1979 516
217 864
209 1809
2358 1880
1161 862
1161 637
637 862
2032 468
116 669
1887 2612
2612 132
2613 2259
135 70
2614 930
989 135
6 3111
1677 3111
1677 6
10 3111
10 1677
356 3111
356 1677
356 10
1130 1795
308 1795
2312 7
2613 1361
2613 2409
32 1344
107 764
764 454
1283 2615
1337 133
1687 1337
2409 1337
1361 1337
2613 1687
284 78
2613 1337
2613 133
2259 1337
1144 145
2616 2869
9 2185
985 395
52 985
2300 2329
11 2445
951 669
951 2445
951 765
283 669
283 2445
283 71
52 866
425 2661
1085 3711
502 485
2035 133
929 1344
1331 1344
793 1095
150 959
150 294
462 4
462 959
462 294
462 150
255 167
167 857
2617 293
857 380
167 380
929 974
1614 108
1614 34
667 1614
667 771
667 522
667 585
667 108
667 34
667 962
1594 1614
1594 771
1594 522
1594 585
1594 108
1594 34
1594 962
279 513
635 1614
1614 2562
1594 667
635 2562
283 32
962 34
771 1614
522 1614
522 771
585 771
585 522
108 522
108 585
34 522
962 522
962 771
34 108
228 2618
962 108
2618 29
228 1895
2618 1895
669 2445
669 71
669 32
1361 1325
1042 1361
1042 1325
120 29
120 332
71 3158
1141 635
974 1844
974 1980
984 2112
147 2433
2619 2433
2619 147
928 1909
1909 132
928 132
385 224
974 2163
166 44
1681 35
1681 146
1681 11
116 2466
2466 145
2466 161
2466 70
2466 747
145 161
2620 941
1604 2078
418 107
77 107
77 418
640 1338
515 1338
515 640
1742 335
1286 6781
2031 1474
945 4
292 1407
19 1407
167 1440
945 641
275 1440
33 1440
2282 1661
139 2621
1951 275
2161 275
222 275
2622 881
33 167
33 275
2623 2047
294 959
1829 1985
1829 516
805 1985
283 765
283 113
117 516
184 62
184 2624
184 430
430 62
430 2624
62 2624
2445 71
2445 32
2445 113
71 32
71 765
2625 278
516 1985
19 165
2140 165
891 165
891 2140
2626 485
278 2268
1002 1723
3 2627
2627 380
1435 1903
951 254
6 254
2057 2628
2057 648
2057 6368
2628 648
2628 6368
648 6368
140 1287
381 1287
1360 1287
381 1360
284 784
294 4
17 279
1228 325
1975 228
1228 1206
1228 32
1228 824
1228 436
1228 135
1228 929
1228 319
1228 1871
1228 224
1228 1331
1228 585
1228 168
1228 1299
1228 11
1228 131
1228 862
1228 397
1228 541
1228 2463
1228 2212
1228 346
1228 2490
1228 19
1228 1106
1228 1456
1228 206
1 224
1 1106
1 1331
1 585
2365 198
1 168
1 1299
1 11
1 131
1 862
1 397
1 541
1 2463
1 2212
1 346
1 2490
1 671
1 836
1 974
1 219
1 2492
1 886
1228 1707
1 166
1 1699
1 1201
1 2488
1 1707
1 19
1 1871
1228 2488
1228 1699
1456 836
1456 671
1456 1
956 206
951 146
1228 166
1228 3
1228 886
1228 2492
1228 219
1228 974
1228 836
1228 671
1228 1
886 974
886 836
886 671
1228 1201
1 319
1 929
1 135
974 2492
974 219
836 206
836 325
836 1206
836 32
836 824
836 436
836 135
836 929
330 1360
330 418
330 243
836 319
836 224
836 1106
836 1331
836 585
836 168
836 1299
836 11
836 131
836 862
836 397
836 541
836 2463
836 2212
836 346
836 1871
974 166
974 1699
330 720
974 824
974 436
974 135
330 119
974 319
974 1871
974 1106
974 1331
974 1299
974 1201
974 2488
974 1707
836 2490
974 2490
974 2212
974 2463
974 541
974 397
974 862
974 131
974 346
836 19
836 1707
671 168
671 1299
671 11
671 131
671 862
671 397
671 541
671 2463
671 2212
671 346
671 2490
671 19
671 1707
671 2488
671 1201
671 1699
671 166
1 436
1 824
1 32
1 1206
1 325
671 836
671 974
671 219
671 2492
671 3
1 206
956 1456
671 1331
228 2629
74 1361
836 2488
836 1201
836 1699
836 166
836 3
836 2492
836 219
671 206
17 944
671 325
671 1206
671 32
671 1106
671 224
671 1871
671 319
671 929
671 135
671 436
671 824
956 325
956 1206
1706 2632
1333 1706
745 2630
745 2631
745 451
2630 2631
2630 451
2631 451
155 967
155 805
967 805
967 371
967 2259
967 3
862 805
32 805
805 371
805 2259
805 1411
805 3
1333 2632
198 1539
145 397
918 588
904 588
145 541
145 2463
145 2212
145 346
145 2490
145 19
145 1707
145 2488
145 1201
145 1699
145 886
145 2492
145 276
145 956
145 1228
145 1
145 836
904 918
145 974
145 219
145 671
32 371
32 2259
433 422
1361 422
39 424
422 215
866 424
866 39
422 140
2052 279
2052 17
135 557
2502 468
225 1176
305 225
3 866
3 424
305 1176
145 862
552 432
862 155
155 371
155 2259
155 1411
371 2259
371 1411
1411 3
2259 1411
2259 862
3 2259
959 4
145 131
145 1299
956 1228
276 206
276 1456
276 325
276 1206
276 824
276 436
276 135
276 929
276 319
276 1871
956 1
276 585
276 1299
276 11
276 131
276 397
276 541
276 2463
276 2212
276 346
276 2490
276 1331
956 671
956 836
956 974
956 824
956 436
956 929
956 319
956 1871
956 224
956 1106
956 1331
956 168
956 1299
956 131
956 397
956 541
956 219
956 2492
956 886
956 3
956 166
956 1699
276 1707
956 1201
956 1707
956 19
956 2490
956 346
956 2212
956 2463
956 2488
276 2488
276 1201
815 1819
956 276
145 206
145 168
145 585
145 1331
145 1106
145 224
145 1871
145 319
145 135
145 824
145 32
145 1206
741 1819
276 1699
276 166
276 886
276 2492
276 219
276 836
276 671
276 1
2633 205
276 1228
2634 1786
1497 840
840 1252
1252 634
2635 419
1890 363
2415 363
2415 1890
2415 132
1497 634
748 363
748 2415
2636 363
941 2349
2636 1890
2636 132
2636 2415
1497 1252
1332 840
1332 634
1625 945
1332 1252
1332 1497
2636 748
4 72
773 228
177 72
2418 617
2418 4
1768 625
34 904
1451 2637
3 578
154 4
14 363
14 1890
14 132
14 2415
14 748
14 2636
359 2415
359 748
359 2636
359 14
2415 4
4 359
4 14
4 2636
4 748
243 1742
32 1984
32 243
276 1742
32 1742
1504 243
1504 132
2265 457
320 588
320 1849
320 2265
1849 457
1849 2265
1984 1742
77 1742
1255 0
1255 6
1255 34
297 2639
69 2639
678 826
1999 2625
2638 191
19 191
19 2638
1499 217
137 1157
200 1255
52 34
52 1255
1252 305
99 157
2640 595
278 1500
2640 656
628 642
595 656
1859 243
1859 77
2641 356
2642 124
2643 570
1225 3
1519 71
962 1707
1570 200
1570 0
2072 1002
264 1000
896 2155
541 290
126 2643
104 403
396 588
127 224
127 588
362 9
198 2644
230 100
135 2041
2394 219
2394 1374
296 452
296 135
1534 1134
1359 451
452 6
648 669
805 2546
19 2546
21 1106
2645 198
660 108
219 1374
782 184
2021 184
2021 782
1453 677
35 2646
58 2646
812 1527
70 415
8 415
8 483
415 483
452 483
228 1099
1215 135
372 217
372 1215
904 135
904 217
904 1215
904 372
24 1822
24 100
1822 100
1434 108
325 483
213 154
2647 1453
1103 2211
304 2648
951 325
951 415
325 70
325 415
1369 108
157 71
278 1776
22 864
772 243
772 588
772 224
772 136
1382 120
11 1105
104 1105
403 1105
485 2649
2649 122
270 71
270 157
78 157
230 270
230 78
499 71
499 157
499 270
499 78
296 71
296 157
296 270
230 2650
230 296
2650 296
2650 499
2650 270
2650 157
2650 71
296 499
296 78
2650 78
2265 588
457 588
26 199
419 611
2651 2652
1349 2652
1349 2651
714 600
2131 1859
1819 7
168 338
250 4
278 147
49 199
49 101
2653 1859
2653 2131
348 2654
1614 294
1614 668
523 1176
771 149
78 10
78 145
78 378
205 10
205 145
166 78
166 378
294 668
625 378
625 145
205 78
205 378
625 78
859 374
278 541
1328 541
1105 1360
524 2001
1283 2897
1157 2655
1609 101
3 1609
69 714
2211 1283
2211 2897
69 352
859 11
1474 11
989 281
989 255
974 281
281 255
388 228
2331 1252
2004 1708
989 6782
1562 1328
4 275
2656 1786
2656 2634
424 182
71 182
2657 255
2657 22
3 2657
338 1308
764 4
2254 275
831 470
2254 764
22 937
2658 499
57 199
199 2245
674 222
1081 2590
1285 2590
1285 1081
1474 859
1404 2659
6 215
1474 374
674 57
2245 57
6 57
166 625
1065 246
1051 406
406 1607
545 209
1474 729
1474 1350
1051 1607
102 395
102 588
395 127
395 155
395 6
155 127
102 155
588 155
1602 729
127 62
1602 1350
729 1350
729 325
945 325
945 145
674 1081
1910 674
588 1849
338 606
1225 335
398 1420
640 2917
896 2917
896 640
2297 2917
2297 640
2297 896
233 1350
1130 38
1130 11
502 625
1336 625
974 1549
1549 1887
1549 1106
673 644
175 62
175 747
73 660
669 424
2035 19
113 2035
2170 2035
2170 113
2403 424
70 78
70 205
70 625
1887 599
1888 4
4 1648
220 867
246 459
159 102
341 38
472 311
278 2871
362 1002
341 159
341 102
1859 459
832 228
289 1578
945 2458
1325 1705
58 340
10 999
10 989
999 989
2660 740
2660 1068
19 84
84 1657
1242 1402
894 1402
1778 1106
2037 3692
856 3692
856 2037
137 314
2662 505
246 1984
1649 1985
1649 1043
1242 894
70 2664
4 979
4 2664
132 2663
70 1184
70 979
979 2664
979 1184
530 2518
640 894
894 72
2664 1184
1811 191
1811 120
6 625
2607 107
392 1043
392 1985
392 1649
392 2668
2665 3608
71 302
639 1984
2666 1985
2666 1043
1043 2668
2667 122
284 222
116 222
1564 635
1242 2669
2669 894
2669 1402
2668 1985
617 364
44 729
2670 1361
2670 2035
1184 1822
1929 1361
1929 2035
1929 2670
2668 1649
668 1942
1120 69
527 1030
285 527
1120 625
74 24
668 62
668 3
668 625
62 101
1763 487
1942 101
1942 69
1942 625
1942 3
1942 62
668 101
11 1942
11 1120
125 69
125 625
125 62
150 1030
151 1887
132 1361
151 132
1361 415
1120 3
1120 62
1120 1942
1120 668
101 625
740 362
2297 388
38 150
22 339
217 682
6 1209
1209 67
1209 249
1 641
682 3292
2671 2973
107 6783
406 2249
2030 527
12 1610
228 989
2312 1143
1786 1199
364 2411
364 2436
364 516
364 455
364 805
364 363
364 585
989 178
989 339
178 339
135 2672
129 2672
129 829
228 339
2672 829
829 135
1002 1647
1002 452
805 419
805 165
1829 165
148 560
1002 487
363 1822
363 165
1829 419
805 1822
38 182
805 363
766 297
3 599
119 4646
989 1707
2673 2409
235 35
628 213
235 771
235 617
2674 3418
5 3418
5 2674
2399 406
202 70
2135 2675
3 134
2675 1786
355 235
355 341
1507 2124
513 129
2135 1786
951 786
786 34
786 173
1295 648
2676 1295
648 406
2677 2475
355 771
786 11
786 1778
599 219
451 1685
687 278
161 583
974 2562
2678 1792
698 1792
1647 452
698 2678
812 752
341 771
2679 573
69 687
68 325
583 138
34 1778
40 2012
1618 6395
2677 2682
32 398
32 115
610 1045
1567 1456
1390 398
1390 115
2680 1507
1567 32
740 2332
498 1456
1543 2681
2666 392
2666 2668
2666 1649
498 319
498 1567
2134 77
292 276
1244 661
284 984
862 4
614 3
255 74
1431 1202
2001 406
11 1431
614 1431
3 1431
1829 1822
891 4775
2433 4274
2475 2682
1829 363
1931 1564
533 249
1822 419
1822 165
70 839
125 1942
668 69
125 1120
29 2685
1564 1535
102 519
2683 1858
455 165
2684 3112
276 311
309 2545
2685 55
452 1053
11 2685
155 145
155 288
2686 665
455 419
338 1456
108 319
2687 635
1535 945
455 1822
455 363
455 1829
516 165
516 419
516 1822
2129 2688
1986 11
455 516
75 165
974 805
125 668
75 419
75 1822
75 363
217 805
2436 419
2436 165
75 585
75 516
75 455
75 1184
75 1829
75 805
2106 1824
516 1184
585 1822
641 1385
20 885
508 22
200 1336
60 508
2689 812
69 508
2689 1497
812 1497
60 319
2690 70
222 124
222 135
452 124
319 508
676 508
2502 311
135 812
1336 859
427 859
178 537
894 284
32 537
284 191
1336 427
32 178
660 542
516 363
201 859
201 1336
1085 885
284 645
686 319
686 108
4 1336
135 2689
508 200
1099 1499
60 200
2411 2436
2691 1657
1685 2692
424 46
59 74
1091 1657
2411 1184
371 1657
371 1091
2691 7
931 371
2030 285
2692 572
931 1215
2411 75
2411 585
2411 516
1829 2411
2691 371
2411 455
2691 1325
59 24
371 1215
1153 34
7 1657
1829 2436
1023 6784
2693 6784
165 2411
75 2436
2693 1023
7 1091
1184 2436
2691 1091
2694 3571
1338 2297
2561 448
1161 974
2695 1821
497 831
79 285
1461 979
1657 1325
2008 3764
1185 34
2436 1822
2436 363
2696 39
1185 8
990 325
2697 2620
364 1822
188 2696
188 39
2696 22
364 419
2698 2611
1091 1325
2411 805
280 157
2411 419
1922 510
2411 1822
1372 1350
487 1350
487 1372
2411 363
75 2562
403 2562
2436 516
1185 70
951 1185
