7172 2815
8 1431
67 1663
917 325
396 1043
209 396
396 445
67 452
3 286
286 40
1663 452
1664 215
19 928
17 301
586 741
586 974
586 137
741 974
974 137
62 301
62 17
805 962
22 1047
215 1047
73 866
1390 171
864 171
974 206
112 506
1504 136
928 1591
1504 541
1665 275
50 510
1431 205
1431 48
1431 334
1666 430
1667 485
985 19
1668 108
422 1669
673 32
905 468
905 599
1376 989
951 207
1018 92
92 9
108 646
11 945
9 963
646 963
510 1671
1670 1671
498 515
1670 510
1431 610
1431 73
1431 255
1431 9
1672 1680
314 855
492 107
492 1673
492 1209
492 56
492 892
1209 1610
1209 107
1209 1673
56 1610
56 1673
56 1209
1610 1673
1610 892
107 1673
107 892
1673 892
492 1610
1674 107
1674 1673
1674 1209
1674 56
1674 892
1209 610
610 1675
610 492
610 1610
610 107
610 1673
610 56
610 892
1209 1675
1675 492
1675 1610
1675 107
1675 1673
1675 56
1675 892
1674 1610
92 1677
294 149
1565 132
1565 115
1565 1252
1252 132
886 363
363 279
205 363
205 886
1252 115
22 504
56 892
62 371
378 650
11 650
200 628
1595 1855
1676 1855
209 3
209 26
1676 1595
275 610
124 238
1674 492
34 446
243 1209
224 220
243 56
1678 515
1678 220
1678 224
232 515
232 220
232 224
232 1678
1340 515
1340 220
1340 224
1340 1678
1679 591
1340 232
243 892
107 131
224 515
243 1673
610 334
314 71
1350 110
1626 278
614 1166
243 676
243 131
243 1674
243 610
243 1675
243 492
243 1610
243 107
668 452
715 1685
1680 452
665 892
1680 668
1672 452
1672 668
220 515
1674 1675
676 131
676 610
610 1674
132 39
676 1674
131 56
676 1675
676 492
676 1610
676 1673
343 1669
676 1209
676 56
676 892
131 1674
496 2376
198 2376
131 610
131 1675
131 492
131 1610
131 1673
131 1209
131 892
462 793
539 108
711 315
1166 35
635 1595
275 1431
275 9
275 255
275 73
4 527
177 641
1681 72
196 1660
8 275
196 117
1660 117
205 275
205 9
73 205
170 1682
8 610
217 292
981 217
177 217
177 981
284 168
556 1303
556 1504
150 615
298 140
1683 140
1683 298
292 2324
132 2324
35 411
46 687
46 200
46 411
1504 1303
1504 397
8 334
504 7
74 972
1684 10
1113 3583
1685 140
1685 485
648 341
117 362
1686 1126
561 453
1126 453
761 453
453 246
1687 222
561 246
243 246
761 246
761 561
1126 246
1126 561
1126 761
1665 205
1686 243
1686 761
1686 246
173 235
682 931
70 86
682 42
682 339
1122 775
70 125
136 125
453 1686
1686 561
29 275
1380 1507
159 23
771 1453
406 1688
771 23
1688 1456
308 1767
470 29
470 308
1504 313
628 928
1582 207
243 561
243 761
1660 362
1126 243
487 4797
1665 8
207 722
543 2292
1519 1626
1519 1002
812 241
641 430
452 281
1689 729
948 433
284 309
7 948
1626 1002
108 961
974 241
606 424
506 1070
19 673
1520 533
454 135
86 1689
937 671
872 974
1111 3
1111 70
974 812
424 145
1690 433
52 1246
1246 152
719 510
719 1691
198 1692
1123 152
682 1693
1694 1423
8 205
1690 371
1690 948
1690 7
263 948
263 1690
1042 140
263 122
1538 2983
32 2983
1219 592
1219 1595
1695 124
217 1043
285 1371
1696 4
301 1696
651 7
1144 213
1144 6
207 213
651 1685
207 1144
325 411
651 371
7 1685
371 1685
216 617
293 595
661 35
661 110
1206 1697
161 100
661 249
601 108
979 362
601 764
1698 489
1698 599
452 1699
289 29
1700 1701
212 726
278 937
661 639
330 758
424 1744
252 4
1023 979
687 67
436 67
436 687
1130 67
606 1744
1130 687
436 1130
815 447
406 447
406 815
4 716
716 252
1017 1712
7 1711
324 485
7 584
7 1712
252 3447
7 1017
1017 584
372 246
974 867
16 1246
1702 7
985 1019
761 1703
761 19
19 1703
1266 86
1266 11
1266 1512
1017 1314
1017 1711
219 454
219 1589
1702 1314
1704 6732
86 39
39 729
699 127
232 1706
1705 786
1696 11
918 6733
855 284
1707 1169
300 255
1702 1711
1708 108
969 10
969 311
10 311
1702 584
1702 1712
1702 1017
1308 168
599 232
454 1589
552 1703
552 761
1 108
190 274
1202 8
207 190
85 132
102 951
152 132
1438 1709
1267 1164
150 52
117 577
117 1486
1003 577
1003 1486
371 22
1003 117
368 371
207 274
1710 1225
1202 9
68 457
988 969
157 205
896 1713
1711 1314
584 1314
584 1711
1712 1314
1712 1711
1712 584
205 255
258 208
205 610
205 334
753 150
364 131
364 11
1105 502
969 178
1158 178
1158 969
19 178
1456 278
452 1085
281 69
281 270
281 3
281 38
281 1085
762 1497
275 334
153 1043
567 645
452 69
11 862
249 46
266 46
3 270
1085 69
1085 270
1085 3
1085 38
1715 1567
270 62
11 1085
1085 62
364 763
281 62
317 304
1716 427
1225 101
62 38
617 149
205 48
1502 8
249 266
62 600
469 1717
43 1515
185 1485
1626 69
3 817
981 51
20 32
20 246
471 3006
470 775
645 59
1718 318
6 318
6 1718
97 318
97 1718
97 6
1268 4
4 1390
224 8
32 325
160 1021
217 392
1719 392
21 3
21 11
1719 217
51 398
73 219
659 1718
146 116
51 132
871 729
1072 220
140 435
981 398
937 1862
246 325
116 430
1590 214
220 1497
1497 1072
289 1450
368 13
199 805
805 6
199 1720
1720 6
10 967
969 100
805 1720
11 1502
1721 1463
610 253
617 273
617 13
273 13
1722 74
518 1179
1723 22
969 177
864 100
864 177
60 676
0 60
951 3
951 1215
951 173
1182 11
1182 1215
1182 173
173 3
173 1215
1215 11
56 2978
1383 206
52 1725
578 454
578 219
341 903
19 587
42 294
1724 1588
1724 1608
1608 1588
928 52
951 1182
928 1725
222 2
1653 2
522 1729
1328 1726
1559 452
599 59
1727 314
446 857
160 297
11 296
512 42
222 1653
278 1728
885 815
415 439
1002 945
19 951
296 628
433 1685
427 116
24 427
1730 157
839 157
839 1730
1731 198
817 370
1732 1273
296 153
296 3
296 73
1733 1738
1734 732
783 824
1734 1595
441 732
441 1595
441 1734
3 659
659 39
721 184
199 74
199 1570
1595 732
588 87
652 7
1270 279
1103 2897
421 36
293 1514
1735 1514
1735 293
772 1204
909 1434
1603 783
786 199
190 427
296 207
766 1000
137 2473
275 48
574 127
574 70
436 207
436 296
152 184
827 199
147 199
427 2141
108 818
1733 1002
974 1225
127 19
396 592
1435 959
1435 3
903 514
290 514
290 903
510 1736
510 1526
29 55
510 133
252 1739
1736 1526
487 6734
1736 133
1737 299
1738 1002
730 657
1740 541
963 606
688 2265
278 1637
1741 71
592 2408
396 2408
1736 503
1526 133
1526 503
68 20
548 20
548 68
313 20
313 548
628 617
1520 2039
101 2131
50 101
729 5114
133 503
510 503
797 1076
1246 38
124 17
207 26
1597 132
1597 585
1742 998
419 246
419 339
419 931
1609 6
402 246
1078 1343
1343 415
733 86
402 339
1743 1081
402 931
402 419
246 931
19 962
757 931
757 419
481 1158
481 402
481 246
481 339
974 962
1207 227
9 334
481 931
481 419
931 1158
1158 402
1158 246
1158 339
1158 419
757 246
3 217
1207 1144
121 263
217 1130
1130 92
440 209
498 1232
29 2968
1068 1744
42 931
1745 862
757 402
757 1158
1058 17
39 379
39 189
1126 379
34 207
1126 189
136 266
677 1746
136 207
34 266
590 171
905 171
1467 2253
1014 232
1085 292
132 977
977 499
481 757
132 499
1014 220
38 32
1014 279
38 379
38 39
38 1126
232 279
220 279
1698 974
1747 2393
278 485
3 747
131 1967
8 6735
1602 62
3 414
3 1113
1665 73
17 1328
1748 1019
412 429
1665 610
1665 334
1665 48
1749 52
395 671
71 213
1344 985
1344 73
1344 284
71 951
75 213
67 395
67 671
99 1750
299 35
398 113
32 4
312 6227
255 334
724 11
34 101
133 587
1751 456
270 9
85 506
85 724
85 32
506 724
506 32
506 4
506 11
724 32
724 4
1752 891
951 213
422 90
331 166
331 69
138 6736
133 2076
249 7
1626 10
217 336
1626 812
10 812
847 4
1406 661
1753 487
942 1754
199 1246
374 79
482 1754
805 728
729 1033
1755 196
1212 1483
1183 785
395 9
487 1756
1757 979
73 1590
1590 11
213 806
1758 497
220 1474
492 645
812 2025
59 319
319 733
59 733
22 301
812 1474
1759 1246
1208 1246
1208 1759
812 220
930 1325
36 577
440 545
122 930
108 175
69 85
1308 230
68 230
68 1308
430 230
430 1308
397 72
560 72
1033 7
974 68
974 979
68 979
1760 4316
585 19
61 661
1520 907
907 1779
207 152
108 48
1 48
62 284
73 551
255 610
10 1305
551 205
551 48
551 334
551 610
551 255
551 1431
551 275
551 1665
1665 1431
541 904
1761 1061
1665 9
610 48
334 48
59 39
1309 19
892 455
892 1762
452 442
892 1305
892 10
1762 1305
1762 10
455 1305
455 10
455 1762
1520 1779
55 1461
73 2968
220 2025
147 1766
1504 793
1764 3078
1765 930
1765 510
974 11
1767 4
1768 4
974 85
1769 793
1768 1767
606 207
217 585
39 614
1580 140
1770 6737
159 38
617 38
266 70
266 75
207 75
606 266
435 19
1549 132
376 2408
263 2408
674 312
1246 150
1246 757
149 1392
123 2408
1771 862
1771 698
862 698
1714 339
1619 908
1769 1504
1239 1549
452 2571
43 29
201 613
201 116
85 266
613 116
452 1718
19 1979
217 1309
153 6738
207 4014
146 4014
263 74
1144 10
1665 255
168 364
398 115
585 1309
0 519
19 0
969 682
1772 2247
1474 2025
140 1164
1267 140
19 963
147 424
138 753
210 531
1773 246
864 40
864 498
6 0
62 826
38 628
313 79
514 904
1666 77
1666 11
48 613
22 974
941 70
757 452
73 757
70 452
70 757
38 1666
11 1461
32 83
132 83
827 11
483 166
501 1369
127 1369
32 1456
483 39
519 10
182 452
574 648
967 397
1609 785
124 135
827 10
319 38
319 100
1774 785
224 311
1775 1777
124 969
1776 635
567 155
324 140
324 976
124 445
92 5
108 1154
1085 135
338 445
222 2046
650 1416
136 969
74 2046
567 1371
771 963
136 445
136 338
976 140
1609 1774
23 1453
1453 963
73 334
146 499
1030 869
23 963
430 292
210 292
100 101
1489 90
297 6739
589 6740
1491 4813
22 905
614 35
119 136
823 1041
101 319
823 918
227 1382
101 38
976 115
224 588
1068 516
115 1299
976 1299
1697 840
445 6
1778 150
1664 1780
228 485
859 430
338 124
687 508
3 861
1778 985
1664 1105
150 985
969 6
100 38
59 100
4 173
929 149
969 445
159 963
149 714
1544 135
962 445
1489 422
453 135
1105 1780
217 21
114 1778
114 150
114 985
215 1780
1779 228
7 811
650 2146
73 541
1085 124
714 1567
1781 378
1416 2146
378 15
1782 378
1781 15
1781 1782
3 654
669 1456
1042 22
441 2946
224 918
1042 62
38 1390
29 679
32 515
202 699
246 515
974 530
35 1176
266 679
551 69
1378 75
113 585
11 1176
1405 86
38 606
823 224
1390 606
266 951
729 529
1041 224
1390 11
398 22
1390 70
113 22
1390 75
669 113
1783 4289
441 1797
4 1176
135 1784
1514 1694
8 527
839 398
29 1785
210 140
189 839
189 113
11 606
398 189
839 113
1785 11
812 2409
1416 508
764 1694
182 1788
52 1788
987 124
1155 1786
19 184
1042 35
679 951
1042 371
4 1788
1787 539
125 585
951 1504
29 266
11 1504
1426 539
1426 1787
764 1514
75 2203
1661 102
71 2203
74 102
894 1732
987 77
1101 461
38 1176
1789 4
1299 4
1299 1789
196 363
196 1184
196 585
1790 1267
1405 1666
502 1555
182 122
196 974
67 1791
1791 687
6 1176
549 451
196 881
3 1176
66 104
765 328
1792 605
660 793
549 1526
660 72
1526 2280
451 2280
1792 588
451 1526
549 2280
543 263
325 335
793 72
397 793
660 397
268 826
1793 1267
439 452
10 103
793 135
1794 1796
614 1795
793 452
614 207
11 1795
1795 207
793 1637
244 1018
244 9
29 1637
117 455
945 659
11 439
182 439
11 1637
232 278
140 1705
1558 641
1246 1666
202 1558
863 1068
772 674
909 674
909 772
32 341
1267 1798
951 68
19 16
71 1797
71 2946
1797 2946
1420 979
699 1558
207 983
383 75
545 498
1799 1068
1799 863
1002 900
514 239
70 88
499 239
3 411
381 1204
1800 1204
514 499
185 4
210 4
1705 215
381 1800
679 68
335 19
933 319
85 19
29 185
1435 1384
35 219
35 963
62 654
140 503
1801 52
1802 455
59 332
587 678
1803 399
1804 928
1804 19
541 455
1106 1808
1338 1304
34 59
551 570
11 399
1803 967
230 9
961 1514
116 319
1480 198
588 77
588 1009
6 69
552 1657
891 1805
68 1371
68 957
1330 1806
1371 957
635 412
1330 6741
278 412
1806 6741
1058 379
379 974
1807 1852
1807 77
168 1225
3 263
766 957
56 1426
217 346
52 625
766 1247
68 1247
1247 1371
1247 957
3 371
766 1371
570 270
11 967
951 182
232 263
232 133
224 645
19 1184
802 836
1809 836
1809 802
84 974
1810 1009
77 1852
1426 11
363 1184
1789 1666
108 270
108 1685
11 1811
108 69
108 570
230 1893
559 1893
559 230
6 1811
616 9
616 1893
1807 19
616 230
616 559
1812 279
541 445
541 909
983 470
1813 487
147 125
951 1803
951 967
951 399
11 1803
541 363
115 445
909 1184
909 363
909 1176
909 19
909 445
1814 246
1814 673
17 1184
17 363
541 1184
228 278
3 687
945 3
38 138
113 39
113 3
669 62
75 687
93 70
1456 503
159 138
75 395
334 150
334 676
334 178
334 527
323 9
334 3
1178 188
1178 150
1178 676
1178 178
1178 527
1178 3
1178 334
551 188
551 150
551 676
551 178
551 527
551 1178
153 159
75 1486
909 38
1815 168
127 951
69 867
189 1336
454 570
168 21
419 1975
21 1815
1336 867
189 867
278 503
1769 861
334 188
75 138
69 1336
69 189
38 1486
482 753
38 650
909 650
159 1486
262 228
240 840
1709 840
1709 240
1545 1709
1545 840
1545 240
1807 279
1807 1812
35 451
73 2470
840 137
140 1816
263 35
617 70
785 10
125 617
1807 338
676 150
630 519
178 188
178 150
178 676
527 188
527 150
4 687
687 541
75 541
527 676
527 178
1652 40
524 462
541 40
3 188
4 541
676 188
543 802
543 592
1456 140
459 515
127 1995
396 1995
396 127
433 451
772 1995
772 127
772 396
1652 541
403 190
1602 292
1817 265
150 188
492 35
323 108
1818 1943
1818 1821
101 190
215 510
1143 510
1143 215
1819 1280
22 79
1631 1171
977 210
79 700
79 330
1820 135
149 338
149 79
306 3
1821 1943
1793 1798
207 470
1246 59
149 700
510 1204
1309 678
1309 265
292 678
292 265
149 330
315 22
678 265
817 186
17 186
1822 588
17 817
69 186
100 186
601 312
100 17
189 493
1115 3
210 315
210 1431
38 570
319 570
67 3118
397 13
397 1612
258 13
173 284
258 1612
224 1822
79 13
13 1612
79 1612
23 249
517 57
1477 1820
1431 315
48 213
570 213
570 48
332 86
1823 168
733 102
1824 3
22 1431
502 222
36 336
7 1409
834 7
21 10
325 149
71 430
75 235
235 108
19 206
223 206
700 3
772 650
108 4
1825 533
338 700
330 338
111 73
124 763
330 700
1826 2533
38 370
88 230
188 189
188 763
729 132
1827 1661
74 215
976 1608
79 338
38 20
19 223
784 951
784 6
1828 115
51 19
462 51
817 51
325 1456
1328 2329
34 1336
22 486
486 26
255 177
670 485
974 220
396 1290
51 186
1812 77
1812 338
1811 515
964 1856
117 1829
1829 1184
117 1184
36 297
22 1405
149 640
280 188
51 17
51 69
51 100
51 482
280 6048
188 6048
3 186
1830 510
999 215
676 817
4 94
4 646
676 482
676 17
1214 418
506 418
418 132
125 110
100 19
979 297
1831 665
19 676
676 51
17 482
17 462
1477 279
676 462
87 279
951 113
676 186
72 640
462 69
462 100
462 482
817 482
817 462
19 186
560 766
560 1247
469 21
885 1799
207 497
1456 284
11 186
482 186
482 69
100 482
462 186
1176 101
101 397
1176 397
486 424
335 73
1807 32
1812 19
1812 1852
617 153
3 51
94 646
862 1661
100 646
3 482
178 7
817 19
207 585
207 125
207 113
100 94
19 482
73 1008
1150 11
1807 515
210 252
3 1007
1807 1126
1807 1881
967 570
492 38
452 1049
19 1833
700 818
565 1750
482 1833
263 1685
802 371
802 1685
1143 371
1143 1685
1143 263
1143 802
270 182
62 617
100 1833
1001 1832
1001 610
1001 817
1001 1663
817 561
817 1832
817 610
561 1832
561 610
974 585
561 1663
1832 610
1832 1663
610 1663
817 1663
1277 177
700 961
216 67
1202 315
0 315
1833 462
34 1211
9 1211
1750 150
1202 0
363 585
363 362
9 34
70 196
1744 929
201 1211
1001 561
1833 676
52 1834
152 1834
273 817
951 125
1833 51
19 1202
19 315
974 362
757 483
817 1833
885 359
1833 11
856 964
1833 3
73 641
764 2737
587 660
330 17
1835 177
881 363
974 1742
665 67
102 498
974 4
205 2141
1836 1497
1742 4
42 135
881 585
951 497
1328 1163
1837 1669
4 2146
1683 502
1838 764
6 1835
70 395
93 395
793 11
793 833
1053 422
793 29
1343 957
1839 826
1434 832
1369 832
1839 8
802 1105
745 802
745 1105
974 1184
1742 951
864 590
39 832
239 85
10 1277
239 427
974 951
1576 209
39 1369
39 1434
881 362
974 363
951 585
826 8
70 686
1144 102
102 686
201 9
1744 217
62 102
62 182
132 69
150 32
10 150
10 132
396 150
861 79
1612 861
9 1841
1396 779
208 284
124 188
1687 6
182 22
207 440
182 1637
213 432
718 4174
0 432
669 232
119 541
6 616
1478 903
73 1637
124 189
396 69
396 10
493 83
19 83
207 898
733 38
802 59
80 265
1840 1179
1148 1396
1148 779
802 494
62 315
255 62
1431 62
951 73
1184 362
585 362
1833 69
1833 17
1833 186
1544 17
122 371
628 0
1841 315
1841 255
210 1841
9 315
9 62
7 930
11 419
1687 26
1841 62
1841 1431
284 258
22 1841
1462 870
1462 1847
1462 1848
1462 763
1842 870
1842 1847
292 493
648 292
278 1163
246 284
1842 1848
1842 763
870 1847
870 1848
1228 594
857 100
70 1843
1843 9
578 1844
1845 2452
881 821
252 39
252 446
39 446
468 196
1846 2860
909 371
110 628
69 931
100 821
100 881
3 311
870 763
67 641
102 424
1847 1848
1848 763
1350 19
1849 1350
994 69
994 931
1847 763
266 2452
266 1845
292 3
617 424
93 35
93 424
481 497
625 62
1207 62
1207 625
150 1867
150 51
150 301
150 34
150 610
0 1207
941 763
1207 452
452 625
0 625
32 1852
1850 1847
1850 1848
1850 763
1462 1842
1850 870
1851 1330
1852 19
1850 1842
263 1742
263 862
1728 945
325 217
1850 1462
909 62
909 3
909 1742
909 862
189 2523
319 2523
221 213
13 1507
68 4
35 1742
4 390
278 270
32 22
1853 1380
1507 1853
1507 1576
246 1130
306 11
306 101
246 1015
59 228
102 371
941 635
3 133
3 862
19 133
19 371
661 442
3 140
1853 1576
19 1742
246 730
1698 730
1698 246
3 1890
486 1461
26 570
1204 916
7 916
371 1742
3 1742
1742 862
1380 1576
149 729
207 515
775 620
62 1742
198 492
62 862
1085 37
70 1855
1854 38
70 441
587 84
84 79
1556 11
114 19
145 1556
1855 441
34 145
729 1556
729 145
729 34
149 145
964 2561
1856 2561
217 588
69 1502
67 380
462 649
1697 649
1697 462
6 1390
11 140
951 140
129 224
150 1868
150 166
1857 1462
1857 1842
1857 870
1857 1847
1857 1848
1857 763
1163 1860
1163 945
1163 1866
1858 834
1163 941
1163 1850
1163 1462
1163 1842
1163 870
1163 1847
1857 1850
1462 945
1462 1866
1462 941
941 1857
941 1860
1163 1848
941 945
1857 1163
224 279
1857 1860
1857 945
1857 1866
606 110
1859 857
343 472
1053 1463
1126 338
338 515
545 639
1860 1866
492 77
587 505
338 279
1462 1860
934 1466
859 1861
1163 763
1860 945
410 1330
483 346
859 1134
225 168
1134 1861
325 561
11 1397
246 1309
585 1214
350 1842
350 870
350 1847
585 32
32 1214
1214 19
1214 1309
58 67
309 67
309 58
40 673
40 246
1850 945
1850 1866
1850 941
350 1862
350 1857
350 1163
350 1860
350 945
350 1866
350 941
350 1850
350 1462
350 445
1214 673
217 32
1862 1847
1862 1848
1862 763
445 1857
445 1163
445 1860
445 945
445 1866
445 941
445 1850
445 1842
445 870
445 1847
445 1848
445 763
641 859
445 1462
1862 1842
1862 1850
350 1848
350 763
1309 673
1862 1462
1862 445
1862 1163
1863 1864
1862 1860
26 153
1862 945
1862 1866
1862 941
1862 1857
21 442
945 1842
945 870
945 1847
945 1848
945 763
1847 1866
1847 941
941 1866
1865 210
3 305
22 1265
315 305
166 51
166 1867
301 1868
301 1867
301 51
3 1867
178 1085
178 1868
178 1867
178 51
178 301
178 166
34 1085
610 1085
610 166
941 1842
941 870
941 1848
1866 763
610 527
610 3
610 1867
610 51
610 301
610 178
610 34
150 1085
610 1868
1866 1848
305 210
34 527
34 1868
34 1867
34 51
34 301
1085 1868
1085 73
1085 1867
1085 51
1085 301
1866 1842
1866 870
51 1867
217 1610
217 101
207 38
341 62
159 1246
217 224
1860 1850
1860 1842
1860 870
1860 1847
315 1865
1687 74
771 102
771 8
771 3
771 199
305 1865
1633 147
1860 1848
3 1868
73 527
73 1868
1867 1868
1867 73
51 527
51 1868
51 73
1867 527
166 527
3 1865
1860 763
1314 263
945 1866
925 1703
166 1868
1431 6742
166 1085
527 1085
1868 527
21 661
132 661
661 283
661 8
661 910
661 72
102 383
116 145
145 70
1869 72
1869 910
1869 8
8 283
910 283
910 8
318 284
72 283
1869 283
784 329
1870 515
217 570
1030 587
1547 11
1742 502
215 62
335 1215
1085 665
461 101
628 479
661 1869
1871 283
1871 8
1871 910
1871 72
1871 1869
1871 661
20 979
1872 1873
1872 21
1873 21
215 862
319 436
552 1434
862 502
1874 628
1874 153
210 1705
145 288
249 1453
371 862
502 62
502 35
1252 207
312 1875
1876 570
3 502
1101 40
1252 9
6 270
678 1660
102 1742
329 999
505 329
1453 329
1453 505
1453 999
1874 6
430 1970
1877 1149
1198 818
539 388
1290 388
1434 3396
945 635
1878 6743
1369 750
215 35
1812 1126
1430 574
1812 1881
161 108
989 445
445 422
1172 388
1812 515
1879 574
1879 1430
669 60
1392 11
811 1228
951 1392
19 1392
108 665
422 903
515 1881
515 1126
1812 32
974 1252
132 979
979 1252
1880 951
951 422
279 32
116 224
116 1242
445 903
1881 32
1126 1881
34 617
617 383
219 312
270 395
34 577
34 687
577 617
577 687
312 454
279 1881
232 1091
335 1547
335 1883
1882 297
711 619
348 784
1157 840
79 284
79 29
11 79
11 1883
215 1742
1883 1215
1883 1547
188 278
69 5397
1859 1405
1815 1200
39 687
39 686
1859 17
424 71
35 71
616 35
616 38
60 585
1405 17
75 1884
1631 228
140 272
6 786
102 39
265 19
40 19
1885 6470
1504 168
578 571
578 224
571 224
603 29
68 429
22 429
1625 1744
515 279
1126 279
1009 967
1009 570
140 862
140 62
338 32
775 1144
1886 294
200 1101
68 1000
1809 294
1809 1886
199 34
67 1734
1887 292
199 989
1887 132
74 292
74 1887
40 292
6 989
840 474
199 163
817 87
1888 180
541 294
541 1886
33 52
541 1809
34 989
896 724
929 325
1742 1176
989 163
34 163
230 22
70 147
661 1890
661 228
661 1889
661 1644
11 1890
11 1889
11 1644
1889 1644
761 442
761 661
761 21
1644 228
1644 1890
1644 132
132 21
1890 442
1890 21
1890 132
228 442
228 21
1889 442
1889 21
1889 132
1889 1890
1889 228
1644 21
228 1890
761 1890
761 228
761 1889
673 1549
1158 1549
1158 673
68 1030
338 1881
551 933
36 516
398 1647
398 1335
1647 1335
396 1009
1644 498
761 1644
761 11
498 442
498 661
498 21
498 1890
498 228
140 371
498 1889
133 862
133 62
228 928
502 74
502 4
502 26
502 93
502 505
502 249
502 1453
1453 74
228 255
928 255
1130 10
19 486
1476 1267
52 299
1891 68
93 4
93 26
4 26
4 505
4 249
4 1453
26 505
26 249
26 1453
93 505
93 249
505 249
1892 533
74 505
74 26
115 5
436 928
210 215
984 3
16 149
16 388
74 771
771 502
40 1887
40 74
4 650
252 650
716 650
771 4
771 26
771 93
1742 132
659 84
1755 228
230 19
1742 305
771 505
771 249
38 505
145 505
145 38
38 951
1893 9
436 102
122 324
122 485
1894 2053
853 2053
853 1894
1520 243
931 102
338 1852
338 77
1895 11
1881 19
1895 29
1338 32
1463 1520
931 436
771 650
771 35
1896 974
32 155
628 157
1338 3
127 334
40 1214
87 222
1734 249
6 1744
279 77
1881 77
1852 1881
1897 77
1898 77
1898 1897
588 454
1270 454
1270 588
515 77
1899 348
19 263
1126 77
588 1610
205 1101
102 1101
147 1101
1900 22
35 620
783 594
224 101
224 1610
1215 1100
1100 445
588 101
136 452
243 588
11 243
11 224
1138 284
1138 145
145 355
11 1610
4 1595
1852 1126
951 1405
840 885
92 29
16 414
56 1901
219 818
1173 2034
29 1101
275 1101
1785 1101
1785 275
1902 771
758 455
711 873
1048 574
102 266
196 931
1903 673
1903 931
1903 196
411 617
1904 84
116 84
116 1904
1431 178
1456 250
69 68
515 1852
533 931
533 189
146 299
146 52
299 207
71 68
931 673
565 338
565 246
1905 242
673 905
673 338
276 606
1906 6
52 67
71 113
200 442
1685 1047
371 1047
442 411
442 617
332 931
332 189
332 533
793 560
1591 348
7 715
1846 715
1846 215
1846 7
1907 29
1650 1907
252 1907
252 1650
1227 1309
228 29
228 1907
228 1650
228 252
422 17
565 905
207 0
67 315
71 374
71 9
117 881
805 881
805 117
1184 805
455 881
455 805
455 1184
374 9
565 673
1908 246
147 427
62 698
73 698
1661 6
1179 1892
32 112
32 281
32 419
112 281
112 419
75 427
112 585
112 1214
112 1908
112 565
112 673
112 905
112 338
112 246
592 140
766 967
1852 279
1909 443
217 397
574 1204
585 281
281 419
585 1908
585 565
585 905
585 338
32 1908
32 565
32 905
1214 1908
1214 565
1214 905
1214 338
1908 565
1908 673
1908 905
1908 338
1910 319
585 419
1910 570
281 1214
281 1908
281 565
281 673
281 905
281 338
281 246
419 1214
419 1908
419 565
419 673
419 905
419 338
489 1258
1911 763
724 1309
489 21
1911 1862
323 1000
323 1030
951 26
385 1913
1912 917
1911 1860
1911 1163
682 1258
104 1595
470 210
1911 445
861 1000
682 21
861 1030
1669 857
1911 350
445 335
402 667
263 62
1911 1848
177 456
335 26
1911 1847
1430 11
445 26
870 1911
1911 1857
861 323
1911 941
724 585
1911 1842
19 359
724 1214
1911 1850
1911 1462
724 246
724 673
244 3
1341 2674
1911 1866
263 909
1913 689
244 8
724 40
1911 945
