7172 8437
1285 3250
486 52
1246 414
155 378
137 0
137 100
2675 937
2675 842
137 1911
49 56
278 71
49 890
842 71
278 2675
350 301
49 1819
486 157
431 414
2462 716
0 498
0 320
2218 514
0 3178
49 1252
278 486
278 387
0 1336
278 473
903 559
903 9
903 998
574 3181
903 4
903 67
0 77
0 1911
273 1332
2004 1819
2004 815
0 815
903 2004
11 3178
2004 2110
0 839
1234 473
387 1234
313 1733
903 2110
903 1252
903 56
1274 473
903 1819
11 2190
2975 278
3178 1807
2975 842
2975 937
387 1726
3178 19
903 890
1975 3080
387 2517
387 1999
2004 6
574 2549
0 2190
859 2025
1556 6597
6 2025
6 859
221 1115
0 761
2975 301
0 124
3179 1086
340 486
49 998
350 842
3180 588
350 937
630 1674
350 278
1251 3350
2110 1252
1002 1198
724 1225
2110 67
486 1336
387 473
486 67
1815 1733
3181 2549
2004 38
278 301
219 3350
49 559
232 2225
278 1942
2158 62
937 71
137 839
842 3
2517 473
2162 1137
1336 430
170 211
2004 56
73 842
59 1336
455 1369
1610 362
937 301
541 1610
937 1942
541 963
339 1304
2035 139
577 455
2807 1456
2592 1817
486 430
2971 2512
831 84
2004 890
2004 1252
2004 67
1625 1551
16 570
818 963
1648 1450
38 211
2158 75
831 4
25 430
831 430
170 203
878 792
627 339
878 1235
724 455
792 1235
724 805
724 599
1450 3182
724 338
3182 1648
1215 246
387 2042
473 2042
842 1942
49 903
842 301
49 2110
49 815
203 211
49 2004
764 219
379 1225
805 338
599 585
2762 6014
1726 473
1372 974
1226 634
137 519
137 210
137 815
937 842
137 761
137 330
137 2190
646 24
137 320
137 3178
842 219
100 3440
3183 660
3183 540
1215 117
3184 661
570 515
1999 473
2004 9
2675 301
2004 559
540 660
2004 998
455 338
455 599
3185 1021
2004 4
541 818
2110 6
2110 38
3074 729
2110 890
2110 56
842 278
301 71
52 377
2110 1019
1215 588
2110 815
2110 1819
3186 422
4 630
3187 2844
100 209
660 1933
527 1814
100 506
100 2218
981 974
981 288
981 506
981 135
506 137
100 639
344 570
100 1305
1007 285
981 209
813 974
813 117
2601 620
182 620
182 2601
3 620
255 117
22 2218
117 974
100 981
981 2218
981 73
2793 586
1061 805
9 3100
9 1328
127 2140
3188 541
137 177
137 73
1061 562
2824 278
1456 445
116 3270
1456 246
805 562
137 1305
1507 252
1305 209
2302 694
2302 498
1305 974
1305 288
1305 506
1305 135
981 639
981 1305
255 114
69 2783
137 2218
137 288
1305 177
1305 2218
290 1634
2783 72
1911 639
1911 22
1911 1305
903 1755
498 452
498 506
3189 9
2023 1212
2023 637
149 296
77 981
381 178
1911 11
381 433
381 371
1212 637
1911 73
1911 177
3140 9
3190 278
2218 974
200 2411
2218 288
20 747
20 2411
453 1176
2218 506
1911 2218
388 2262
1911 209
1911 974
1911 288
1911 506
1911 135
1911 19
1911 981
1911 100
1911 77
2218 209
0 639
1420 314
473 1569
90 341
3191 138
3191 9
3191 145
2411 747
1933 1229
1788 35
473 253
193 1788
0 1305
77 1305
77 2218
77 209
3192 84
77 288
140 2500
140 178
0 2218
0 209
433 2500
433 178
0 506
371 178
1891 32
3011 1620
388 415
2568 248
94 145
94 70
101 1824
209 177
296 415
1214 1097
3193 1097
3193 1214
1457 1891
974 177
53 537
530 537
530 53
537 928
3194 3436
530 928
288 639
114 29
288 177
288 209
288 974
506 639
209 639
38 1660
1305 639
3195 68
266 3195
499 1647
2620 436
2218 11
279 514
177 639
1507 1061
2218 639
761 178
3196 1817
178 3197
934 441
761 3197
1620 2822
3011 2822
864 675
338 675
2218 177
2319 499
108 406
582 406
582 108
249 1614
1647 2319
2218 73
1207 114
415 3202
403 951
527 6
527 35
527 617
2577 278
455 1887
505 951
650 2562
650 951
650 505
149 2577
39 199
390 395
3198 7
3198 6
1421 2425
278 2425
19 2218
545 895
2897 39
403 505
2131 34
403 650
805 1344
135 288
135 639
1822 4
1822 378
1822 46
1822 86
135 209
951 2562
2674 278
135 2218
637 3200
1644 3200
46 378
86 378
648 3
519 784
2991 2487
3201 1742
1456 1742
1456 3201
206 1742
206 3201
1514 1714
1361 68
603 2487
1819 1106
189 784
2411 415
157 11
3203 3204
22 815
1569 1999
22 2190
124 639
124 1305
2190 974
2190 288
2190 506
2190 981
2190 100
2190 77
2190 1911
2190 839
2190 330
2190 815
2190 210
2190 519
2190 209
124 177
124 209
1569 1234
24 3440
646 3440
124 815
124 210
124 761
124 2190
3178 639
3178 22
52 157
1569 2517
124 839
124 974
124 288
1427 278
712 3204
1427 11
124 1911
124 2218
2712 2585
2190 2218
2190 177
761 209
761 288
761 506
67 186
1173 1576
1173 862
1576 862
388 4014
929 634
761 981
761 135
761 2218
761 177
131 951
3205 1262
3205 929
3206 2832
761 1305
761 100
139 550
1823 1152
761 815
1227 550
761 519
1569 1726
1227 139
1227 132
2190 639
2190 1305
2190 73
761 330
761 839
139 363
132 550
761 77
761 1911
1569 1274
1454 228
498 100
498 1911
498 839
3017 381
498 288
1887 1908
320 3178
498 1305
2022 108
498 2218
1925 964
498 209
3017 7
72 112
3207 3208
498 3178
498 320
1569 387
1569 2042
320 2190
979 474
104 3209
3210 1115
3178 981
3178 77
3178 1911
3178 839
3178 330
3178 815
3178 210
3178 519
3178 100
3178 1305
3178 73
3178 177
3178 2218
3178 209
3178 974
3178 288
3178 506
7 1192
1481 278
573 6810
3178 135
945 2312
3178 761
3178 2190
3178 124
320 100
320 77
320 1911
320 839
320 330
320 815
320 210
320 519
320 761
506 1887
2184 3207
2184 3208
320 19
712 3203
320 1305
320 73
320 177
320 2218
320 209
320 974
320 288
320 506
320 135
115 2331
330 506
330 981
330 100
1390 1152
330 839
330 1911
330 288
330 974
839 981
839 100
839 77
839 1911
330 639
330 1305
330 177
330 2218
1982 1390
1982 1152
278 100
104 2458
104 100
2458 100
72 687
72 29
72 2463
570 6811
246 452
56 3055
398 2562
1456 687
687 206
2235 730
29 687
2235 1435
951 398
2463 687
2463 29
687 1703
20 200
2264 856
189 56
224 3211
52 785
3202 2411
278 104
3167 3867
371 377
69 377
69 371
945 377
387 253
253 1569
839 2218
839 209
839 135
839 177
839 639
839 1305
839 73
815 639
519 209
1535 1421
16 2525
1303 560
813 255
313 264
519 288
519 506
1514 415
1514 824
1514 1043
501 570
210 1911
210 839
210 815
667 951
519 639
667 2436
519 1305
519 2218
667 805
951 2436
1180 86
3212 2218
519 815
506 815
957 1721
506 210
929 1262
287 86
210 100
287 1180
3213 1366
688 1173
108 1081
108 1173
108 688
519 981
519 77
519 1911
519 839
210 981
815 288
766 13
815 981
3214 396
77 3214
2510 2103
815 135
815 1305
19 1246
1697 442
815 73
155 13
815 177
815 2218
815 77
909 396
519 332
210 1305
210 2218
210 288
210 135
815 1911
909 3214
1844 1744
815 839
9 2411
210 639
1538 439
9 2657
210 2657
11 2657
761 2657
1202 2657
300 761
300 210
300 11
300 2657
761 9
73 2657
3215 861
338 1614
338 545
3216 232
127 6795
127 1030
3217 2436
3216 1564
903 974
903 894
974 894
1614 894
545 1778
545 974
545 894
338 1221
3218 2807
3218 3217
3218 2436
2436 2807
2807 3217
1660 1778
1202 300
1707 112
3167 1746
1707 1392
219 72
11 2652
1707 72
232 1564
11 348
1202 2652
1202 348
2652 348
1614 1778
20 1678
894 1221
894 281
2617 219
894 1778
826 618
219 112
77 2657
8 2657
77 300
72 1392
112 1392
266 1302
266 3221
266 1703
266 230
266 925
266 775
266 1112
2794 1604
903 545
903 1778
77 1202
219 1392
1660 606
338 894
149 173
1859 974
196 1859
1626 1076
145 190
1674 2247
395 1007
901 2769
2208 96
96 2292
14 2408
14 104
14 592
797 278
14 1192
3100 2795
7 104
2408 1361
2408 104
2408 7
252 687
2035 14
2035 2408
2035 104
196 21
929 452
196 1258
1192 104
1192 592
2208 2292
628 86
839 1244
39 1244
2035 2631
39 839
281 639
639 1221
639 1614
639 1778
639 894
639 338
281 903
281 545
281 1778
2882 3
2882 309
1614 545
1614 903
1614 281
1249 1431
969 346
149 346
149 969
149 1887
230 775
3219 19
3220 19
215 258
925 3221
925 230
775 1302
775 3221
775 1703
3219 3220
863 346
147 570
147 2847
398 519
318 398
318 439
398 101
863 969
863 149
455 346
455 969
455 149
455 863
67 1430
2974 1430
398 0
101 280
101 439
1786 2145
378 592
1140 562
747 75
3010 29
3010 69
3010 8
3010 75
3010 9
3221 1302
3017 2408
374 646
553 258
2035 258
925 1302
648 1236
519 439
230 3221
3017 378
439 213
439 0
519 280
3222 338
1234 3222
1703 3221
318 519
506 381
396 381
2559 540
545 1221
903 1221
1221 1614
281 1221
435 896
1392 506
1392 396
1392 381
1392 7
1392 502
502 506
502 396
502 381
1515 75
3223 20
3223 402
20 402
1112 1302
815 582
1391 384
217 149
217 863
217 455
246 346
246 149
246 863
2180 502
761 32
1112 3221
1112 1703
1112 925
1112 775
761 319
761 325
732 586
582 72
582 761
850 9
582 325
582 319
582 19
72 761
72 19
1361 104
641 831
650 831
650 641
486 9
9 74
912 374
147 508
1198 3224
3225 160
461 284
586 2841
912 482
6 482
170 200
217 3226
599 3226
599 1707
3226 32
3226 1707
217 1707
886 3201
669 7
753 2329
2783 455
1588 1279
1588 3239
1588 543
1588 3237
1588 610
468 864
29 864
29 21
29 468
131 606
67 374
912 6
912 200
912 170
912 11
912 570
67 482
912 145
912 62
912 452
67 62
2992 6213
648 1450
246 2180
601 219
601 3
67 912
67 170
67 570
67 145
220 348
220 909
220 212
220 149
903 728
220 1480
220 662
220 1369
220 2706
220 603
501 2001
501 662
220 1088
220 2001
2706 662
2706 348
2706 909
2706 212
2706 149
2706 1480
2706 228
2706 1369
2706 1088
220 501
854 239
220 951
1606 1971
1606 395
501 348
2706 2001
501 909
501 149
951 228
951 1369
1274 206
2463 1274
951 1088
71 1076
951 603
2001 662
951 2706
678 285
951 1480
501 1480
501 228
501 1088
501 2706
501 603
501 24
951 2001
951 662
951 348
951 212
501 212
2135 985
1474 4766
929 1568
452 145
3227 68
200 374
170 145
170 62
170 482
67 5904
170 374
1070 296
350 69
3228 19
206 1883
610 3237
3229 132
3230 474
190 270
3231 818
3232 818
3232 3231
452 482
610 2259
610 543
610 3239
22 1990
266 1990
371 1990
1385 2118
371 266
2175 266
217 1990
217 266
967 297
2175 1990
1883 763
723 485
364 588
588 419
3233 4010
3234 1392
2263 1817
4 297
85 173
85 270
13 967
13 4
217 371
217 2175
73 687
22 682
75 864
9 687
84 297
104 592
246 385
1514 19
1109 3302
75 682
75 730
850 145
850 1368
145 1368
297 1336
2292 1336
2292 297
967 239
239 974
967 974
825 1052
338 682
730 864
730 682
864 682
864 246
3235 138
3173 56
917 586
3236 1988
665 1322
665 1121
1322 1121
1392 1369
1369 388
32 1121
543 3239
1314 543
2259 1279
2259 3239
2259 543
3237 1279
3237 3239
3237 543
3237 2259
1314 3237
610 1279
1279 3239
2430 2045
217 2430
1990 3238
1314 1279
3239 1314
2701 2675
2111 2035
32 1322
854 228
854 498
1514 296
1407 606
52 257
102 270
1604 1519
645 258
1908 422
1908 2035
257 548
52 1212
985 1212
2288 2617
3240 1134
741 2235
459 2235
459 741
217 2235
217 741
1939 1002
665 1058
1058 32
1058 1322
1058 1121
3240 2175
3240 818
1134 2175
425 139
2049 139
2049 425
378 170
2175 818
1134 818
747 3010
651 916
587 338
813 1427
716 839
2133 397
983 116
2047 284
2047 839
662 1819
140 916
974 998
2004 108
1184 1450
665 730
132 1450
741 1450
840 1450
115 1450
1614 1450
1225 741
2731 1535
77 2022
406 2022
406 77
486 6812
3241 374
266 550
812 6813
471 675
140 1947
2701 1233
1292 1126
1292 32
1292 279
338 550
140 651
441 550
520 688
520 2470
520 319
1267 543
543 485
3242 925
441 266
441 338
1328 550
1328 266
1328 338
1328 441
925 135
135 3242
42 1685
42 485
338 266
1225 840
1225 115
1225 1614
102 1625
951 50
75 50
839 1610
716 1610
288 1610
288 716
145 716
625 2008
969 135
1992 2070
344 290
116 388
119 2916
3243 22
3243 1130
833 136
446 315
315 72
72 446
456 406
383 199
1887 657
387 657
387 1887
1947 215
1947 1685
1947 916
1225 1184
1154 1103
1154 753
1154 2897
1103 753
753 2897
651 215
1947 543
1947 371
1361 916
217 562
50 570
1925 3244
3244 4349
1925 4349
228 436
603 319
603 221
3245 1379
3245 319
3245 221
1379 319
1379 221
603 1379
3246 3247
3121 278
603 3245
1474 284
3146 3531
281 217
1361 651
1890 497
497 1257
1890 1257
278 3248
198 19
198 396
198 454
396 1041
1041 454
757 1822
71 170
916 2500
1041 19
916 178
665 40
487 5428
2451 325
857 157
3 829
13 2052
2052 587
2052 107
587 107
1697 1322
1576 2403
642 36
406 1984
1845 945
1947 2500
1947 178
1947 1361
543 651
2500 651
2500 543
2415 140
543 178
651 178
929 453
929 396
1178 665
929 4
345 311
617 136
2 100
1856 2971
452 2562
215 178
887 1514
117 887
3249 1677
3249 6
2500 215
3249 10
296 483
215 916
215 1685
430 1726
202 299
430 1328
182 2713
100 2713
3250 2553
3251 153
74 200
125 239
486 1744
916 371
776 2035
776 139
657 498
1819 498
1685 916
2117 839
425 974
962 989
3252 6
916 543
13 278
986 200
986 255
200 255
338 674
1685 543
13 2356
246 963
246 127
635 75
3253 1659
3253 1339
3253 2330
3253 1367
518 190
463 1379
1860 2623
2623 278
1519 2272
1659 2330
108 246
454 1951
901 278
398 280
439 280
439 398
344 3254
1014 813
110 813
110 1014
1367 451
1361 2529
146 189
1945 903
1974 3255
338 40
2280 2243
3256 2243
19 2283
157 200
2233 116
2233 232
1392 2529
71 1424
1002 67
2510 6814
750 116
461 69
461 8
461 75
86 3010
86 29
86 570
461 3010
461 747
461 70
249 461
249 86
249 62
249 73
249 570
249 70
249 747
249 3010
461 86
461 62
570 3010
70 3010
62 3010
73 3010
548 3469
313 266
2376 515
271 951
271 11
271 1361
313 540
266 540
325 606
445 1361
445 271
1225 2471
1115 864
72 737
0 280
398 213
3257 3625
127 3258
1626 9
9 1002
213 280
711 430
843 442
843 1390
843 578
843 77
843 110
445 843
77 989
639 555
862 555
555 843
555 989
555 110
555 1390
555 77
849 555
578 989
1534 2100
2331 688
1977 2500
1625 2231
2562 85
265 29
2349 378
673 359
442 989
1390 989
1390 110
1977 178
1176 862
862 989
1176 110
1977 1947
1463 1000
1685 1977
1685 1588
381 1947
595 71
433 916
1535 3259
433 1977
433 1588
72 1647
1658 2568
3260 3221
3261 3262
3261 864
864 3262
249 857
249 1122
381 651
309 32
309 46
1246 309
75 32
75 46
75 309
381 543
381 916
857 1122
433 651
433 1947
1977 543
1977 651
3263 384
2022 191
1176 442
70 2411
1176 1390
1176 77
3264 6815
386 11
1935 870
147 1625
1977 371
1977 916
1588 140
905 1819
1588 215
2035 1246
2035 222
210 2035
1977 215
1977 140
1588 2500
1588 178
1588 1947
1588 651
1588 916
588 805
588 338
588 2163
455 2163
2100 70
338 2163
595 854
516 70
599 2163
455 588
3265 2809
1870 2809
627 385
2035 123
150 865
2340 278
11 2340
150 146
122 39
2173 3266
865 146
1870 3265
60 430
676 430
3243 38
3243 19
659 146
3267 13
3267 634
13 634
314 730
1279 718
1687 2100
1687 35
1687 70
1687 46
173 2100
599 588
71 2100
1687 173
1687 71
52 3904
90 1669
70 1534
1534 1687
1534 71
1534 173
1534 46
230 2340
929 1274
161 4014
161 3268
929 2769
929 751
3268 92
3268 4014
784 1337
2568 2259
495 831
577 2259
577 1989
577 2568
1361 190
1989 2259
131 1212
22 1908
2263 1556
1983 751
2769 1983
11 751
11 2769
813 4463
2091 126
2091 1405
102 386
459 126
126 1405
459 1405
206 751
206 1983
1274 1983
2463 751
1879 119
2463 1983
2463 2769
690 75
1456 758
2004 1610
1908 77
1457 471
206 2769
758 77
77 1456
937 75
937 70
669 70
599 1331
669 937
1481 1246
207 669
207 937
409 4
599 951
1331 951
1331 455
19 126
1887 126
126 676
1887 676
676 969
3021 1206
126 969
217 139
1331 588
1331 805
1331 338
951 455
951 588
2340 945
150 3269
833 385
1564 3501
168 601
168 406
168 1295
246 1295
246 406
246 168
246 601
168 669
217 406
406 601
217 1295
217 601
217 34
73 3270
1331 1295
1331 601
1331 34
1331 406
1688 1519
669 601
669 34
669 929
974 601
1361 553
870 5609
149 5707
3271 131
945 5707
75 185
6 185
1989 3757
1520 79
967 486
570 486
617 10
483 419
3273 483
3273 419
3274 146
1184 1819
3275 805
1101 72
3274 235
456 72
116 72
116 456
456 1101
79 146
2264 270
266 315
266 3274
266 235
266 146
315 79
315 3274
315 235
315 146
79 3274
79 235
545 1887
951 2163
951 338
1887 802
1887 1361
3276 32
311 184
3277 184
3277 311
1847 371
396 281
1744 281
1744 396
1678 1742
278 1133
110 2832
3044 826
3044 0
107 3278
108 3278
2226 1707
2849 1786
2226 843
406 2451
1242 2417
1242 514
2417 514
21 1454
21 51
1454 51
961 3279
2226 1456
1437 1607
3279 2022
3279 963
961 2022
1707 843
1163 2849
1981 471
1981 1496
335 471
335 1496
471 1496
35 1343
1981 335
1343 570
386 1496
386 471
386 335
3280 9
3281 1819
969 386
969 1981
3280 67
969 335
969 471
969 1496
386 1981
1163 1786
1610 246
325 1610
1947 723
454 929
890 638
126 3649
839 946
723 371
278 3321
2011 3321
2011 278
232 3321
232 2011
285 1820
12 3252
12 75
217 817
17 1820
3252 75
217 350
217 937
217 842
2730 2356
217 2975
665 1820
665 285
3282 3198
1108 5414
17 665
217 2675
817 2975
817 350
817 937
278 817
817 842
817 2675
817 1942
817 219
1311 2445
217 1942
217 301
436 86
217 219
217 71
487 1295
305 270
2917 2945
1981 2945
1149 6816
1910 1392
2917 1981
2562 577
577 951
1002 2763
1934 639
1934 110
661 1934
1978 773
84 2559
84 427
2559 427
540 427
1337 1705
1178 2729
305 75
2302 1243
981 497
577 182
445 182
508 286
232 1942
3283 891
3284 180
2135 942
981 228
479 108
479 892
479 642
989 59
989 315
479 422
439 455
439 3281
455 3281
2329 2974
2329 67
445 3290
1002 145
149 3281
642 108
11 989
69 422
642 422
108 892
108 422
642 892
892 69
892 422
149 439
149 32
1714 833
698 833
2981 177
202 244
202 461
439 969
439 32
19 290
1823 225
1823 599
244 461
439 346
439 1887
225 599
2329 3001
3281 1887
3281 346
3281 969
3281 32
761 59
1915 265
1963 1515
2914 137
3285 741
3285 585
2914 585
3285 137
3285 805
741 585
741 2914
3285 2914
137 585
1171 4321
209 1461
6 1178
1669 1253
945 3462
34 13
38 41
761 315
588 206
249 1718
548 200
1058 220
13 1115
1343 11
770 660
998 338
562 998
1431 241
2013 3300
1685 3286
3286 7
603 2391
1073 3
278 235
1688 758
2706 758
2706 1688
2815 278
1944 4106
10 1879
278 2394
278 960
945 1426
945 2394
945 960
1426 278
2561 3500
2561 1115
3142 3500
2391 71
3142 1115
1115 3500
1426 960
960 2394
3287 905
905 682
3287 682
3288 617
3288 10
1880 462
53 462
3142 2561
944 222
944 200
2010 3290
2010 210
58 38
944 342
200 222
200 342
3289 689
314 2045
32 314
485 2694
210 3290
665 3290
3291 695
969 3287
2364 945
92 1610
196 454
196 805
453 29
1984 454
1984 805
805 454
124 1061
1610 1130
1984 196
239 3233
3292 40
3292 338
3292 969
3292 905
3292 3287
40 3287
40 682
338 3287
10 287
284 446
1340 446
1340 284
3293 182
639 2201
38 249
1101 2779
21 924
1258 924
667 26
1908 430
1908 545
3 1908
188 520
667 8
667 617
26 617
38 26
667 38
667 177
2011 2871
1328 2871
1328 2011
667 71
13 1750
3294 945
1950 3294
1141 94
325 813
219 3698
135 430
1514 2304
135 545
135 1908
217 468
135 1000
73 157
1336 157
416 3867
942 278
1000 1908
2349 3297
2349 2412
2039 33
2039 0
2039 38
3295 3300
320 483
786 979
2039 8
1017 2807
3296 483
2710 3670
619 1834
33 270
320 3296
1430 979
71 177
617 177
38 177
824 2869
3297 2412
1976 222
2391 483
2391 3296
2391 320
1976 86
1976 2035
2035 86
228 1369
228 1088
170 1891
228 603
228 24
11 1088
1369 1088
1369 603
1369 24
1088 603
1480 24
149 1480
149 228
149 1369
149 1088
149 603
1480 228
1480 1369
1480 1088
1480 603
1088 24
212 603
11 2706
2706 603
1992 730
637 585
637 415
1887 6755
406 1925
2481 105
1942 1076
2706 24
603 24
284 765
1544 374
217 1890
815 217
212 1088
1286 3298
11 662
662 348
662 909
662 212
662 149
662 1480
662 228
2001 24
2001 603
69 2975
2001 348
2001 909
2001 212
2001 149
2001 1480
2001 228
2001 1088
662 1369
69 1076
486 34
909 149
909 1480
909 228
909 1088
909 603
212 149
212 1480
212 228
212 1369
3299 6817
909 212
348 24
662 1088
662 603
662 24
348 909
348 212
348 149
348 1480
69 219
348 603
1527 2118
3226 1982
1614 19
2610 74
2248 10
2248 74
686 961
2610 10
2610 62
2610 2248
297 9
9 1336
80 1715
974 982
2327 314
912 96
96 933
1131 3
869 1228
912 933
1715 191
3301 2833
849 1688
918 348
254 378
239 1000
1076 937
1076 73
350 1076
5 1000
5 239
3226 346
2975 1076
200 147
1076 219
1076 301
1076 3
92 765
1130 765
243 129
71 406
71 941
1002 119
189 1227
11 1908
1786 406
1786 71
1666 676
1204 1361
2035 2
2035 38
425 5450
3302 1110
1908 2057
1908 127
72 747
1908 178
1908 51
1908 631
1908 492
1908 84
149 116
1908 79
430 815
1000 815
1908 815
520 94
1625 3303
1392 374
159 374
159 1392
177 6818
73 1557
1246 1607
725 1088
3 1677
673 11
673 499
205 499
10 527
21 3080
620 606
1068 1984
13 974
1707 13
1666 0
275 606
275 620
1101 606
1101 620
278 68
909 1401
3304 1401
3304 909
715 415
715 1465
3200 283
2786 3305
2786 1935
489 1982
905 1982
278 3305
1038 6819
38 113
2903 284
71 2903
3203 278
1456 668
601 1295
34 601
136 1336
136 1252
1252 606
606 1336
1336 1252
1336 974
1105 974
1105 1252
1105 1336
1456 601
929 601
1105 136
1105 606
1742 155
3305 1935
3306 337
371 337
337 485
3306 485
3306 371
2350 1739
145 826
482 6820
2635 833
2635 454
1110 3359
891 5052
941 1931
446 1788
35 177
1615 3307
9 3307
1615 9
989 1637
1134 574
276 73
2050 668
244 520
1884 1931
974 2282
422 1192
989 2331
3044 751
2485 1242
2106 252
2106 1785
149 784
570 1785
0 486
252 2134
1785 2134
2485 1274
2047 1052
252 1785
527 6821
3044 1274
427 6
427 690
1626 6
1626 690
1626 427
825 100
1500 1746
3044 2485
3044 1242
989 124
1637 2331
154 70
154 1246
161 150
70 1246
1463 1043
951 545
228 3308
3308 3310
3264 3779
3309 974
3310 228
430 951
2141 104
917 2102
917 559
2102 559
589 1183
1931 1847
483 637
2331 124
2505 815
2505 798
815 951
610 153
62 610
3311 485
275 230
620 230
815 798
2485 751
6 2363
1685 133
6 1159
2363 1159
650 10
650 3
343 131
343 1212
157 650
945 215
3312 661
155 3312
3038 661
3038 3312
3038 155
1396 661
1396 3312
1396 155
1396 3038
3313 1384
74 650
1684 3
11 1684
59 533
59 1273
533 1273
6 1684
1684 74
527 650
527 74
527 1684
3314 601
2669 640
519 338
1450 640
1450 2669
3315 640
3315 1450
2669 3315
334 519
510 96
96 215
1274 1242
1242 751
138 34
79 297
3316 1819
36 1004
3317 1004
1568 246
96 2326
1735 3318
3318 2098
1915 1015
334 177
334 2326
177 2326
0 278
3319 862
3319 35
3319 1742
3319 209
46 371
46 1742
46 209
79 371
79 962
1614 29
3319 962
3319 38
3319 371
3319 155
1742 79
1742 962
3319 46
3319 79
567 209
79 209
2118 3637
667 2992
667 2568
667 523
667 1014
667 1184
177 3320
962 209
3320 189
38 962
155 962
29 2568
155 209
665 945
1002 665
173 39
173 687
371 38
371 962
371 209
567 1742
132 2056
10 784
132 2418
139 617
139 1234
200 784
1859 116
1859 4
200 182
139 2418
617 1234
2418 1234
2418 2056
1234 2056
2031 3
667 2562
452 1246
667 199
132 46
567 3319
567 371
567 962
27 6
132 3319
41 1430
2874 441
2568 1614
32 3319
2677 1474
1374 1456
540 459
20 673
325 6822
1889 1379
1614 1014
3321 665
441 2394
2458 1002
67 2219
67 1110
2219 1110
1110 9
10 363
2604 1996
2604 1361
631 784
631 38
631 182
818 11
11 963
537 56
818 537
272 1996
567 903
1002 4352
903 79
442 903
2112 278
493 423
92 100
415 2340
631 200
3322 585
498 673
217 673
783 3322
272 2604
1744 669
3323 673
1369 918
26 2859
26 157
2859 24
2859 157
2859 650
601 367
601 22
367 22
1002 2984
189 363
132 1257
152 363
2859 74
11 1257
1677 221
1677 75
221 75
1610 120
24 157
24 650
548 363
19 1014
548 152
548 189
1258 498
157 74
1207 687
22 1253
189 984
2035 1253
548 984
4 2846
3324 3325
59 946
831 1002
441 189
441 62
16 886
16 1755
1408 3327
2706 577
1755 550
2405 29
145 2405
225 337
1014 132
1408 1392
1755 886
1014 363
1014 2562
42 1253
587 3010
13 3010
2773 3010
998 1614
1014 149
1014 102
1014 455
4 283
1014 419
2846 166
166 283
550 886
3326 2178
1425 2178
1425 3326
2561 215
452 2995
1014 243
1408 4240
3327 1392
41 786
2264 499
2753 946
72 436
588 1710
2259 140
1009 513
1112 9
1112 452
1497 1161
1497 974
1112 487
1710 217
730 805
665 887
93 1942
3328 69
3134 217
3328 3
523 2568
1483 3311
1614 523
361 1425
495 436
3202 533
1425 551
1392 4240
3327 4240
361 551
815 1567
815 1456
1336 319
3328 441
3328 729
3328 73
3328 479
3328 189
3328 62
3328 51
41 2157
364 513
364 1009
1403 6307
815 436
3328 2031
2078 188
62 729
152 984
8 669
17 1819
485 1103
1184 102
1184 149
1184 2562
1014 523
189 51
189 2031
1184 199
1435 79
3329 324
1184 813
1435 1514
1184 2992
839 69
19 3319
452 41
1115 1043
982 1435
1184 2568
1184 523
1184 1014
152 73
62 51
1514 79
2091 1243
1176 20
1815 1983
1604 3330
2300 1626
363 984
2202 1755
2031 73
3331 1420
1116 1778
3051 278
729 189
1000 646
217 46
217 2
217 8
2463 820
3332 330
857 2525
52 2525
44 220
3333 805
900 220
1014 2568
445 305
2708 165
46 2
46 8
1014 199
601 2022
1014 2992
3331 70
3334 189
3334 3
3334 73
3334 1130
3334 9
1718 690
3334 59
813 1171
1912 3184
3335 2035
3335 1496
59 189
843 1644
114 145
388 22
2540 3335
586 1361
1279 3335
1530 961
219 1530
12 637
1514 12
115 637
115 12
2219 254
3336 729
3336 1394
2275 1408
1215 222
11 2100
1819 1984
2282 165
1819 290
2680 1304
225 442
225 550
145 1110
3337 1631
813 152
813 189
813 548
813 10
1227 984
190 1390
1563 1474
1227 152
813 363
813 73
1536 115
2458 2984
1811 1002
1811 2984
1811 2458
765 145
813 984
550 442
225 974
1227 10
1009 82
1227 813
895 3338
319 9
585 442
585 225
119 974
1130 189
119 442
1227 548
119 550
119 225
119 585
1202 415
59 415
11 92
3339 3340
564 80
564 2394
3258 80
3258 2394
3258 564
834 80
834 2394
834 3258
22 1126
126 1786
10 297
895 1406
3340 70
278 3339
1786 67
19 152
1225 3015
199 116
199 84
72 84
72 199
1549 903
293 903
293 1549
2394 80
3341 2580
2135 2329
1644 1243
415 315
126 985
278 3340
126 99
833 155
2477 178
67 985
67 99
67 126
1834 2477
1834 178
2329 502
378 3090
3342 7
274 12
974 2706
3024 1614
3024 2706
3343 1751
2102 1675
38 175
588 279
588 1697
519 152
3344 1925
189 430
1427 157
1427 1392
157 1392
279 1697
578 2562
1557 640
1816 1361
381 1816
3339 70
2275 1277
1408 1277
2100 1338
1338 1755
2100 1755
1112 29
1409 574
1409 1610
1409 62
1409 10
1409 108
3284 498
574 62
120 3733
2557 3733
3345 1110
1610 62
1983 84
34 1409
574 34
588 486
378 1130
116 1000
2557 120
19 120
380 39
380 69
34 1610
1144 920
1002 2620
1382 2620
90 1822
652 1361
652 272
90 6805
920 11
1382 1002
753 2732
2732 1274
1755 1819
2329 155
2329 1726
1881 228
1881 497
730 219
1726 155
486 904
859 1739
859 1939
3140 1739
3140 1939
3140 859
3140 2025
1739 1939
1739 2025
1939 2025
20 1644
1644 673
127 3140
127 1739
127 1939
3346 278
127 2025
1644 1309
107 1409
1409 312
107 62
312 34
312 62
959 362
107 34
87 198
403 3
813 639
813 335
813 1887
813 1890
931 1244
931 77
931 506
931 989
931 639
931 335
931 1887
931 1890
1244 77
1244 135
1244 506
1244 673
1244 335
813 673
813 989
813 506
813 135
335 77
335 135
335 506
335 989
335 639
931 813
512 813
1244 1890
512 1244
512 135
512 506
512 989
512 673
512 639
512 335
512 1887
512 1890
813 1244
813 77
512 77
673 1890
639 1887
639 1890
335 1887
335 1890
1887 1890
2209 3348
797 1625
673 639
797 945
228 1338
989 1890
77 673
77 1890
135 673
135 1887
506 989
506 1890
1574 10
989 673
374 10
506 673
1620 1890
760 70
398 3347
1420 760
1244 281
1244 1620
1344 2226
32 2226
160 1915
1154 2549
2549 3349
1154 3349
1279 592
1388 834
281 77
281 506
281 335
281 1890
1620 512
1620 931
1574 374
1620 77
1620 135
1620 506
1620 989
1620 673
1620 639
1620 335
1620 1887
1620 813
281 512
100 1574
281 813
281 1620
1112 147
1112 296
1112 1647
2568 243
2568 455
472 558
34 32
451 3350
1677 200
1677 1070
200 1070
2568 102
2568 149
2568 2562
2568 199
2568 2992
425 3324
2562 94
572 3350
3 891
859 48
859 891
9 613
1660 374
6 613
430 891
422 2218
3351 56
3 250
9 250
73 250
210 250
989 250
325 101
1614 199
1614 2992
1268 3410
1382 1592
502 3352
32 101
3352 543
430 48
74 891
74 48
38 1439
75 1439
3 586
2992 2562
1391 325
2014 116
1111 150
3080 905
147 1514
1391 32
160 985
1625 2011
160 29
1614 243
646 985
646 160
969 813
1380 408
99 1111
2730 3974
381 3353
381 954
2568 813
2568 132
2568 363
178 70
74 1450
2568 419
3353 954
572 451
406 32
891 48
278 3974
133 3350
19 199
3260 3357
2391 339
2391 961
2391 904
555 585
555 339
555 961
1714 585
1714 961
585 961
585 904
339 961
339 904
961 904
523 419
2118 2300
2391 1714
2391 555
523 132
96 2282
1424 3354
216 1246
2300 1002
395 8
863 999
430 102
999 346
2300 297
839 395
1933 985
297 2118
857 336
216 2658
278 586
1933 126
3355 2259
71 275
523 813
200 2143
200 1215
2143 1215
2143 6
6 541
210 1215
210 2143
2660 2919
839 250
839 989
3076 1424
3076 1535
2709 4
2346 3285
2140 813
1116 644
1661 3285
3358 2316
21 2383
2140 969
1786 1715
1786 73
1715 73
3359 2780
1159 224
19 2992
230 1246
342 3360
1499 1159
146 1144
1002 3147
3358 85
3358 551
3358 800
147 296
4 92
40 630
199 419
116 2837
199 363
199 132
199 813
2356 641
1499 92
2992 132
346 1742
929 1742
1746 1726
455 2562
199 455
199 243
1499 4
2992 813
115 302
115 305
974 302
302 305
1884 3447
729 2751
1536 1514
290 1755
454 1755
454 290
284 2751
1565 38
1184 302
396 1755
1070 131
2562 149
2562 243
2562 419
2562 363
2562 132
2562 813
404 385
3361 385
3361 404
2251 385
2251 404
2251 3361
3078 188
2072 3248
127 145
1338 1497
146 3
849 319
207 69
3362 1565
3362 140
3362 729
1565 140
634 38
468 634
3363 805
370 3
228 1252
9 99
99 94
1565 729
829 989
13 867
659 284
3201 227
659 22
1252 729
362 209
278 585
659 2014
1951 22
3364 6823
2832 813
3056 133
1951 284
1951 659
1951 2014
455 667
455 102
196 396
196 290
2403 979
2972 896
2786 1765
2786 1430
1765 1430
1110 3264
1643 2775
833 2775
1576 483
483 979
483 2403
483 665
1614 149
445 1565
1565 86
2571 1499
2992 243
2992 455
2046 3365
2505 661
3000 325
667 813
3000 32
403 368
6 368
1002 147
1002 296
147 452
508 1246
3366 241
617 2573
2992 102
2992 149
80 892
80 423
2274 368
205 38
667 102
3367 6181
70 6181
2230 48
2230 73
1420 6181
3367 1420
3367 70
3368 1328
19 667
3369 3049
1155 1286
2992 419
910 3367
667 149
910 70
910 1420
910 6181
2992 363
406 117
2723 1308
502 1092
502 1253
7 1253
7 1092
667 419
1456 3000
1456 1391
1253 1092
1456 101
1133 1746
941 1626
3370 1626
3370 278
3370 941
1388 39
1388 132
1388 1887
545 661
11 1077
2562 1909
112 1909
209 59
813 1614
931 59
1887 59
59 585
1887 585
585 519
519 1887
112 2562
132 834
984 456
456 67
456 62
456 19
39 1887
67 19
206 634
862 979
834 1887
661 824
984 19
661 474
1077 984
39 834
1077 67
1077 62
1077 19
1077 456
984 67
984 62
545 129
545 824
545 1953
661 129
545 474
132 813
1804 10
99 10
99 19
1607 269
892 269
813 419
1614 419
1614 363
99 1804
221 311
281 29
419 132
1811 1204
716 1000
2091 390
161 716
2360 917
550 359
57 2360
917 57
661 1953
552 2965
639 2965
1085 552
1085 639
452 2508
73 984
2392 1812
628 116
296 2508
147 2508
29 2508
3371 2290
9 2508
3372 2282
3372 3375
3373 1236
3373 1594
1292 1225
487 147
487 29
487 9
487 296
21 665
1112 2508
826 157
278 650
523 2562
523 199
523 2992
487 2508
635 1527
1647 2508
1176 635
1176 2568
1527 289
3374 200
129 474
1199 1328
129 824
34 3374
129 1953
474 1953
824 1953
3249 275
3249 146
2854 601
957 1161
46 654
46 1480
3375 2282
1480 654
2356 2264
34 1401
114 1401
114 34
485 1401
485 34
485 114
447 1401
447 34
447 114
447 485
182 784
654 11
2568 635
967 444
451 3142
188 2356
188 2264
3 784
1610 19
225 19
225 1610
102 813
427 288
1101 288
999 149
999 969
999 1887
102 419
1300 1229
411 1229
411 1300
3372 1300
3372 411
1703 1229
1703 1300
1703 411
2360 1265
1902 35
1703 3372
3372 1229
1101 427
3376 1141
2925 1025
1945 1025
2007 1765
642 0
0 96
1535 3356
470 336
200 336
200 857
127 1718
2465 35
3377 29
3377 11
861 587
85 800
2740 149
2465 8
2465 395
2465 22
1382 1776
2810 149
2826 3356
2732 244
149 419
149 363
149 132
149 813
1239 1819
2826 1424
3378 2841
1649 1110
3379 1819
96 35
96 395
96 839
96 2465
3379 348
1786 3009
312 961
3376 2688
1141 2688
215 1368
800 551
523 149
2892 1502
2206 2110
945 1368
154 270
523 455
668 2359
2892 22
572 2366
572 93
1750 25
3380 239
1368 451
243 813
423 1043
1925 3381
155 818
541 925
3382 3383
1252 962
455 813
418 40
1678 19
3011 1343
619 2297
32 225
619 1000
152 225
152 32
800 2316
1906 255
152 974
3384 1728
523 243
724 617
896 617
784 352
52 173
1536 763
2109 763
2109 1536
455 1233
530 276
963 1595
331 6774
38 1819
10 1595
940 108
456 1502
1101 6774
1101 331
1101 70
468 1819
4 963
378 39
588 372
588 548
1688 150
721 1331
140 3388
9 1126
974 1361
548 1215
548 217
548 135
1244 1126
32 252
774 3215
1527 1728
679 902
2740 850
1101 58
721 989
721 1456
201 85
3385 805
3185 406
198 406
67 1361
284 67
1721 1043
284 43
721 588
198 3185
67 43
110 1742
190 1426
969 0
2786 29
3386 1862
1206 112
1369 721
974 1369
974 112
3222 2010
73 1126
398 751
900 84
3222 665
201 35
1984 929
189 1426
1061 32
721 112
166 26
829 454
1314 712
1474 1328
1984 346
1684 1615
721 886
1984 1331
110 1420
80 1576
2391 221
80 979
110 1984
1728 812
235 270
984 75
71 984
989 1456
2658 1609
305 721
206 989
235 2658
3387 198
19 139
196 442
2750 3
196 550
196 225
235 1609
989 1206
1890 385
1369 989
1369 1456
1369 1206
886 112
122 3388
903 225
122 1529
886 588
886 989
1529 3388
1331 112
1369 588
721 1206
219 2795
721 206
1369 886
1369 112
1369 1331
903 550
588 989
588 1206
721 38
112 588
350 60
112 989
112 206
317 183
1331 989
1081 36
570 603
346 110
951 1192
9 603
2259 1192
302 585
2259 951
11 2259
1048 570
1048 603
1048 9
104 412
398 1707
839 1126
398 1984
34 2465
132 1984
513 989
1984 1420
246 628
149 1002
155 1002
1742 1420
155 149
1742 1707
3389 570
929 398
126 1301
1420 929
3390 923
8 180
309 359
100 2465
3391 487
3391 804
3 2751
210 1126
2682 3074
1380 3392
585 833
3392 1507
585 29
1893 180
161 1601
116 1601
1625 2815
3393 2346
3394 6824
73 180
67 5
1771 3395
1331 1420
1331 1742
1331 398
17 645
599 345
305 585
1456 635
346 1420
656 5008
346 132
346 398
1331 110
325 645
513 1206
513 206
348 2147
951 276
513 1456
885 648
1061 252
751 543
2445 3398
406 1206
588 637
1176 117
238 543
1583 2698
1604 751
588 1534
132 161
1604 543
1227 222
437 555
1499 1408
332 222
1408 2430
1408 1066
1887 3398
1408 217
599 1508
1295 1206
2734 88
275 210
210 85
161 637
161 1534
1225 730
147 637
113 77
570 637
147 1534
1214 1388
2467 498
58 759
1534 637
228 1149
147 161
196 588
238 1604
238 751
1601 132
379 2123
1227 332
75 639
1539 224
1408 2045
92 1434
1309 126
1309 1090
786 3
86 244
92 1408
92 3396
92 833
1434 1408
1434 833
227 984
189 227
126 1820
1820 1309
1820 1090
3396 1408
1408 833
1066 2045
588 570
1595 665
665 2289
1066 1499
189 502
377 3463
29 813
3396 833
1326 244
2430 1499
217 813
630 1305
126 1090
78 4982
588 161
3397 224
1309 29
3115 278
2430 1066
588 147
655 1552
720 571
332 227
332 984
246 222
3397 1539
3398 132
222 363
222 227
3398 389
222 984
3398 862
196 903
196 119
3398 892
29 371
620 73
519 1227
3399 1595
967 1000
1103 230
1133 1999
1133 104
1999 104
560 249
148 249
933 474
474 551
3400 10
2939 2669
359 411
2966 411
2966 359
3400 156
592 215
278 894
894 69
894 941
281 1707
325 359
3285 1225
1106 406
867 430
2 347
430 347
1710 974
3401 1910
826 11
2418 243
2418 506
730 10
1043 100
100 957
100 1721
22 826
1058 721
309 826
3402 213
3403 845
3404 3405
11 3285
3406 881
309 22
1215 721
957 824
1215 974
29 485
325 2966
281 929
3011 1061
639 2467
281 346
281 1331
3084 1855
1562 6825
220 2282
281 398
1184 929
1984 281
26 1406
2452 79
1742 281
100 249
29 592
2467 180
665 1695
1420 281
487 224
2538 1339
1002 2538
3407 2481
1486 275
940 278
2587 1742
917 542
166 542
166 917
189 634
266 917
909 113
985 72
1328 2452
2625 3408
84 559
406 541
296 32
296 716
985 296
69 985
1204 29
69 716
69 296
32 985
77 1516
716 72
761 3131
140 1993
716 32
513 974
513 588
890 9
890 559
2018 483
1252 67
1884 114
1252 4
138 613
3 1975
1355 2141
613 495
613 2141
1196 2018
3409 1975
890 67
890 4
613 1355
890 998
201 2141
201 1355
890 1252
1355 495
371 635
1161 474
67 559
4 998
2568 371
4 559
1252 998
1252 559
67 998
495 2141
2219 452
3410 4
29 635
2219 70
38 998
38 559
3 3409
866 452
56 1252
56 67
1486 296
56 4
56 998
3100 5514
56 9
1486 70
9 998
56 559
3080 1887
1714 3411
255 40
3080 40
1486 100
1486 520
56 890
857 465
2459 1407
22 455
22 346
246 439
278 3233
246 1538
519 548
278 210
1786 210
346 1538
1892 3412
296 70
455 1116
3413 6826
22 439
520 296
22 1538
520 70
1811 635
3414 293
1335 108
1335 918
1335 1610
108 918
918 1610
100 296
392 918
166 840
2971 392
2971 1335
392 1610
2971 918
2971 1610
392 1335
392 108
2971 108
513 112
513 886
455 1538
1887 1538
513 1369
513 721
1822 409
1538 969
1538 149
1112 112
3415 1964
216 6
783 937
783 817
6 831
1647 112
147 112
815 56
815 890
815 1252
815 67
3399 1468
3399 1317
815 4
815 998
815 9
1600 1964
1600 3415
1292 1304
424 216
1557 1292
741 502
3416 741
3416 502
11 2837
11 1944
2110 559
146 424
2110 4
2110 998
2110 9
441 3417
441 1626
278 2300
3417 1626
139 1462
1978 3310
3417 71
278 2329
153 3410
11 3410
362 1110
270 1180
815 559
1819 6
486 2219
486 201
201 2219
26 2219
820 3419
1066 864
1184 820
38 1252
592 2292
1184 3419
1607 1407
644 833
26 4641
486 4641
1607 2272
201 4641
1866 312
510 1866
1361 1866
1407 2272
2219 4641
2837 455
1819 67
70 49
3418 278
2837 2436
1819 998
1819 559
2837 805
1819 4
1944 455
1819 1252
42 278
1819 56
1819 890
1944 2436
1944 805
11 362
38 56
2946 2067
1726 1474
11 2436
246 1499
6 56
6 890
6 1252
6 998
6 559
3420 2135
482 74
1159 3421
3421 17
1159 17
3422 1435
1887 3424
1887 1043
149 3424
149 415
635 155
492 3485
149 1043
586 217
2617 1530
1225 898
228 363
3423 862
338 2147
3424 22
3424 246
3424 1538
3424 32
3424 455
2775 1198
3424 439
3424 415
147 4620
1931 278
519 813
228 585
2553 585
3424 1043
3424 217
3376 1931
482 2
32 863
439 863
3376 278
2510 399
513 1331
1055 2346
863 22
863 1043
863 1538
482 10
455 1043
863 415
1209 2031
32 1043
2 74
863 3424
415 217
1043 1538
661 75
2604 2035
198 594
19 71
1043 346
1984 1707
3424 969
415 346
468 601
168 1982
1244 180
1043 969
62 1163
468 3
485 3136
447 1265
110 1707
217 1538
232 2688
601 586
341 2482
1242 2004
3424 346
210 180
132 1707
1163 3
945 2329
157 430
7 3826
892 483
2491 2329
77 483
429 38
77 892
2674 3120
561 135
9 114
3109 3120
951 482
817 6
817 951
77 2445
429 8
291 1090
126 168
483 1887
483 2445
498 561
168 1203
126 79
492 455
126 84
348 741
1721 115
1474 433
325 893
893 239
278 3266
67 131
635 1765
669 442
406 1160
132 1721
3425 2081
1309 291
6 5535
335 115
278 956
519 429
335 1721
311 2709
501 3440
742 135
168 981
669 422
3109 2674
1456 1160
1865 29
152 378
669 578
1942 1369
348 1225
1310 2463
348 1450
100 1967
561 16
2706 126
3426 3427
1009 3430
3317 73
334 1865
3317 59
1807 1908
951 1865
2010 67
559 255
334 166
1865 166
6 3043
892 2492
6 385
3043 11
3043 385
11 1865
124 468
805 436
506 1477
559 297
297 3428
3428 3
1633 741
107 3429
929 506
1454 958
108 3429
21 958
165 515
1477 929
399 450
150 1834
1361 1705
3430 399
559 3428
3430 450
38 3428
2010 131
255 297
255 3428
1853 542
1853 165
585 1721
1116 630
542 165
1887 561
3431 2925
561 813
561 665
561 671
561 630
561 1116
561 217
552 3274
2688 3051
951 13
1116 813
1116 665
164 465
2911 54
348 3274
1116 671
126 981
3432 331
951 297
1246 164
1379 232
635 1742
1379 165
1379 515
29 334
228 445
9 3043
13 482
561 348
561 462
561 155
1103 474
2001 1379
2001 232
2001 165
2001 515
412 3115
552 561
552 813
482 297
561 492
3433 496
1771 1714
1116 3769
17 974
1755 682
79 824
3274 155
3274 19
493 981
2403 862
3274 32
3243 86
3274 3
3274 80
3274 422
1755 338
3274 1887
189 378
1228 485
635 2340
2185 11
115 225
1633 1225
2349 485
2185 29
272 1228
272 485
275 479
493 483
3274 462
3434 1116
3434 1009
2606 1053
3306 1361
3434 3769
1116 1009
3274 16
3292 1755
3274 2403
348 813
348 665
334 974
406 408
665 813
1212 665
3274 22
59 3438
189 412
378 412
864 483
319 334
40 1755
981 219
502 1360
3282 1690
492 1477
285 1360
502 1030
1058 3
1058 9
552 665
1030 1360
941 483
1729 3436
222 758
502 285
1099 1404
929 989
155 813
2349 1228
2349 272
561 3274
3435 3094
431 1477
431 492
3198 1690
275 817
981 1559
1514 422
809 419
3274 813
3274 665
3274 671
3274 630
981 483
3274 1116
225 1450
225 741
225 348
219 483
224 1729
687 2562
561 338
2035 3059
483 1559
39 1614
39 220
39 415
422 813
2148 75
1361 337
3437 35
3438 519
3439 2394
2148 606
1891 313
346 989
2148 215
2148 11
2911 221
2403 813
318 1684
1685 930
39 661
2403 442
7 606
690 9
225 1225
35 4599
54 232
2911 232
278 1501
67 3417
1161 338
474 210
1424 406
2978 107
2978 2216
1588 1866
2978 219
1588 312
1819 1058
772 1554
864 981
1380 406
772 107
690 385
3440 116
319 398
461 3440
772 2216
772 219
215 606
2978 1554
219 2216
690 3043
107 1554
2216 1554
2216 107
378 1922
219 1554
772 2978
1009 3769
221 871
3438 0
1184 1178
22 813
3438 22
2403 561
669 4
1633 1450
198 887
1866 7
21 255
222 665
572 1325
133 1325
312 7
73 867
39 867
3190 1776
1887 552
2533 6827
3441 7
1325 3441
2383 1450
1420 161
3 348
2403 348
2383 224
1887 462
16 552
16 155
222 974
16 462
16 348
2403 16
1116 22
1116 2403
2807 196
1023 881
196 3443
196 982
2807 3443
1421 2100
3442 2013
767 967
3444 614
35 3444
16 1887
16 422
1786 3303
16 80
348 155
73 3097
85 3097
435 669
435 585
1657 2175
203 422
279 1534
2022 588
2022 1534
3445 99
669 896
155 552
266 391
2022 279
266 3446
818 1657
462 552
1797 594
1797 6828
594 6828
2403 462
348 422
348 80
348 552
3443 982
862 391
69 1520
862 3446
1390 805
462 80
391 445
391 669
391 2403
391 3446
2807 982
3446 35
71 613
43 613
2300 406
3446 669
503 87
503 3447
3446 2403
3446 442
78 248
503 2587
503 117
87 3447
87 133
3446 578
87 2587
87 117
3447 133
3447 2587
3447 117
133 2587
133 117
2587 117
3446 363
1390 1633
266 669
1390 225
1390 741
1390 1450
1390 1225
3446 422
76 155
76 567
1390 1565
862 76
184 925
630 552
132 225
468 22
738 872
22 586
2562 105
2562 831
1116 16
1116 422
1116 80
1116 3
1527 278
1116 32
1116 552
3448 219
105 4
1116 462
105 831
1116 348
1116 155
1681 984
391 363
391 578
391 35
391 442
391 422
3446 445
71 43
1116 1887
80 552
230 252
39 1681
6 984
6 1681
1201 2471
1565 1633
3 1376
951 2463
3195 19
3195 209
338 220
3449 2889
3449 974
282 670
557 239
1614 220
217 2999
3450 224
2112 450
1482 1082
416 1163
1991 4
1991 831
199 628
485 3017
969 2999
335 100
552 2403
557 1037
1233 278
228 844
228 2411
1707 6829
399 1870
1462 3451
3452 11
844 11
844 3452
2411 3452
2411 844
3453 1246
228 3452
806 3453
3454 1817
3454 2011
3455 275
2849 1336
168 1247
397 1247
1666 15
288 29
3011 6830
3 1819
84 278
3 1721
19 1021
1981 1021
3 2914
3456 209
1725 1111
2914 1819
29 1489
1391 4043
805 1225
203 266
203 669
854 3446
854 266
854 2403
854 442
854 578
854 35
854 422
203 391
203 3446
468 1489
3017 215
112 2335
1549 4043
990 29
990 39
1582 499
2701 86
203 2403
854 391
853 3011
551 628
551 100
275 287
287 628
853 6830
3457 1233
805 225
650 451
430 167
1967 1879
2669 1643
805 1450
1489 864
1489 3
1303 84
1489 1887
1391 1549
854 203
230 167
1489 21
635 318
989 2621
287 100
1000 1303
600 1070
552 671
1005 2907
2310 79
642 2929
498 1657
2883 1657
2299 4293
269 1007
62 319
239 556
3052 253
239 2310
646 5015
3458 5015
3458 646
642 62
205 227
2181 11
2154 4460
730 929
77 430
1820 153
441 985
441 1567
441 235
441 3118
235 3118
839 600
639 924
639 1234
32 2218
430 319
839 616
839 844
441 844
441 616
2991 4738
3118 600
278 1971
3118 616
3118 844
3118 985
2434 715
1931 1971
1931 1421
3118 1567
430 107
686 2903
441 600
153 84
73 107
945 318
588 153
84 1820
945 374
642 281
642 29
1565 1450
1565 1225
17 131
1786 3929
59 62
839 985
839 1567
648 70
839 235
839 3118
839 441
71 62
71 319
71 107
1219 153
3459 1801
1219 294
1219 384
153 294
153 384
294 384
12 3587
149 1030
766 2411
11 164
3460 352
1933 147
3460 71
319 3461
22 3461
3459 189
1786 1002
813 630
813 671
230 619
945 2135
3462 2135
561 80
561 32
1515 831
813 16
831 149
1606 687
813 80
813 3
2510 545
2510 815
813 462
127 21
199 59
665 462
356 1908
356 34
356 188
34 188
665 16
416 3027
356 306
556 79
1908 188
1908 306
34 306
34 1908
73 306
415 338
73 1908
188 306
188 73
415 119
415 1614
648 127
1103 4809
19 668
292 668
831 945
648 21
585 2639
70 21
1278 1669
2190 668
1034 72
1633 225
3463 239
3463 79
3463 2310
1567 235
2929 29
2929 59
190 1744
630 462
630 348
2263 1986
2108 519
387 929
119 338
119 1614
370 665
29 99
844 1246
415 220
1438 834
385 1649
3464 3467
2411 783
1514 92
415 974
763 1699
439 803
1295 1699
1295 763
188 1699
188 1295
283 1406
2236 843
931 450
931 454
2236 1707
570 99
570 1101
205 69
721 11
721 115
6 252
383 252
383 16
3465 1685
3465 133
1660 313
115 38
1685 502
3465 502
2813 1061
665 1061
665 2813
1081 2554
119 220
119 443
69 1255
69 6831
1255 6831
32 233
805 661
881 2180
2007 3466
2007 4800
3466 4800
135 432
1199 555
574 772
671 462
671 348
671 16
140 147
59 839
178 839
931 2739
1625 1218
367 4
844 600
844 616
985 616
985 844
1567 616
1567 844
235 600
235 616
2047 2285
235 844
235 985
616 600
498 2883
3274 38
3274 676
1562 951
46 1562
57 266
2105 266
2105 57
116 189
116 59
116 3334
1030 292
108 3279
1931 2786
630 16
614 620
1371 2296
2325 59
2325 9
839 2325
1565 225
1565 348
2929 62
99 1101
2724 2730
2724 2072
2072 2730
620 85
2271 1610
7 598
1707 2008
1862 1922
3468 1887
1817 232
2917 319
2917 32
1115 20
312 220
312 974
312 1514
220 1514
2105 278
1057 8
3100 1333
430 1610
147 1610
147 430
1887 3473
1514 707
3468 32
1457 1344
3469 281
3469 881
62 3045
3045 567
3006 640
3006 1344
1776 412
1344 640
1461 3468
1461 1887
292 3473
462 149
462 39
623 462
623 39
3349 3470
1625 416
784 817
784 527
1606 817
3471 1786
1606 527
479 784
479 1606
1606 784
594 406
2298 11
170 3480
886 355
132 1908
1908 630
1908 80
3472 812
3006 1457
751 1308
198 104
1942 135
813 69
846 232
498 917
22 831
72 7
1889 232
1889 846
416 299
416 202
2150 690
1159 69
72 150
3045 6
3045 71
3045 199
422 1475
168 1514
881 384
3473 19
385 54
8 445
1662 7
34 445
8 364
587 4431
38 364
1669 1475
3473 22
217 1514
34 364
445 452
445 364
1430 6128
567 71
285 69
285 39
3266 945
1916 479
1215 2573
1916 527
1916 39
3474 200
278 3475
3476 278
1500 1668
70 3474
155 817
1908 292
124 84
3477 2340
3478 348
217 1106
32 3006
3045 578
217 1108
3045 166
3045 11
3045 35
3045 3
3045 155
2291 155
3045 909
378 177
3045 102
3045 817
3045 132
3076 3131
198 834
648 752
1851 3479
903 330
346 582
3436 3542
712 502
712 1685
364 452
364 951
80 73
155 71
72 1361
72 502
72 1325
909 71
2545 826
669 2992
2825 221
909 817
909 132
124 38
894 32
100 25
2282 1821
1564 125
140 2789
1361 2789
278 3408
2789 381
2789 2003
67 1595
1982 473
174 332
3481 3542
2789 7
2604 2789
2604 381
2604 140
69 411
145 411
145 157
145 817
817 157
859 831
411 499
817 411
411 600
157 600
157 62
157 411
817 600
411 62
132 1295
625 411
625 817
831 11
230 600
230 62
230 411
230 817
230 69
230 625
287 499
625 157
436 625
436 499
436 600
436 157
436 69
436 411
2071 2003
2071 2604
3482 3483
140 2071
1361 2071
2789 2071
2071 381
1946 1267
2604 2003
1438 189
2071 7
230 3484
230 2769
3484 2769
341 24
2133 2357
2133 2356
1939 5
903 2193
451 1129
3202 90
2004 284
51 355
34 2014
34 135
73 2014
1325 150
136 1253
2158 270
2158 2014
2158 452
2158 135
2158 11
2158 116
2158 73
3 2158
2158 937
2158 200
2158 34
937 34
937 200
937 116
937 270
937 2014
937 452
280 517
533 516
270 116
2014 3
2014 200
2104 516
275 185
22 1485
948 1530
275 1485
135 2014
219 1325
219 150
2014 270
135 502
452 46
135 150
135 1325
452 2014
654 834
148 2041
3485 2041
3485 793
3485 1009
148 3485
2041 793
2041 1009
148 3
1809 305
793 3
3 2041
1361 150
3 3485
2028 3486
3486 1380
408 634
999 634
32 84
272 1033
1380 2028
506 2041
1820 3
1820 22
486 3317
152 452
3485 506
1820 38
713 1851
3485 243
278 1305
243 2041
2853 1745
1149 969
1149 905
862 730
840 730
840 862
132 578
1515 2567
840 2038
150 3518
217 210
960 1317
3487 1317
891 2655
270 10
3487 960
1712 2035
1712 215
1712 1361
1712 140
1712 1192
1712 451
968 4400
102 817
351 2070
451 2035
451 1192
1155 317
840 812
812 22
80 1820
812 826
433 1192
80 492
433 1712
3488 4875
2773 2109
2439 2109
2439 2773
817 578
984 1456
1725 1950
7 1529
39 161
39 1277
161 1277
396 981
155 166
917 664
2356 660
1061 471
3027 278
430 1722
1722 341
335 815
729 812
217 1820
71 578
241 1643
58 233
979 2870
1805 3902
817 35
3489 979
909 166
578 11
578 166
1192 140
124 79
3263 2487
2224 1662
331 10
331 222
3323 3490
687 215
2035 3323
1207 215
459 829
3490 2035
2224 72
217 77
217 80
4 1662
1361 1662
2224 135
2224 219
452 331
4 1325
1224 825
154 2283
1976 1279
1976 683
1939 73
35 1397
1122 1631
578 199
1393 782
3173 1002
3173 1939
3173 73
1002 73
1253 994
642 639
1574 57
1574 548
418 79
2841 388
418 80
1338 2533
728 673
805 673
3 418
2158 1111
1662 72
207 620
628 620
1820 418
1820 210
1820 981
77 1820
80 1371
80 135
1820 1371
278 3597
71 166
199 166
80 981
80 210
2224 1325
79 135
2224 150
1662 1325
1662 150
150 7
199 817
79 1820
561 1159
1159 182
561 182
502 1662
77 80
2158 150
1815 2304
559 131
3491 6832
515 3492
127 2729
19 3492
501 427
74 659
3493 157
3037 116
84 100
84 0
665 1215
104 157
2587 3769
5 1336
5 813
1336 813
813 67
2218 38
1267 651
77 829
6 578
104 3493
219 2599
252 166
1625 635
459 3496
3494 3495
3493 463
463 104
3497 625
3268 625
631 338
3497 3268
840 1003
22 213
2162 84
0 150
3498 6027
3499 1214
71 1168
1144 1168
1144 71
397 59
567 166
567 59
73 2271
155 59
235 646
2357 1728
190 1331
190 479
1331 479
567 817
59 79
56 284
108 352
1437 502
56 352
184 3500
436 12
918 116
113 271
105 650
168 52
199 71
168 628
1274 2383
465 1536
1536 335
465 335
287 600
979 729
1371 210
492 210
594 1101
1101 1797
3 221
1101 3285
594 3285
1797 3285
660 278
278 3501
2264 1024
278 1024
29 387
318 125
396 1820
210 588
390 222
255 1549
418 210
3502 1198
985 1087
3503 2059
2264 660
2730 3463
1024 2356
1202 1841
1859 455
266 1000
989 885
989 1549
885 255
885 1549
461 148
2089 1468
862 881
1543 29
1543 11
786 1595
0 3504
2264 2488
281 2488
17 3504
374 929
527 456
667 1215
2573 667
86 456
86 527
1662 135
1662 219
246 1820
2450 552
761 2450
3505 278
1809 881
1371 588
3506 2488
3506 281
951 441
3506 2264
0 552
1378 318
1163 665
2456 11
493 678
113 2456
2669 2762
224 2762
10 266
22 1610
1058 48
410 665
2993 951
3507 596
415 886
2098 585
305 34
305 199
2993 11
1519 145
305 2562
145 266
1184 2322
2322 1178
2784 2034
2784 6833
2034 6833
388 6833
396 969
3080 396
3080 969
1163 1776
1639 2925
145 3508
246 3080
7 1639
7 2925
2531 8
2175 671
611 1574
813 2175
398 1576
2531 38
1110 5756
2859 667
2859 974
2859 371
2859 77
586 3284
2859 1427
2859 445
2859 1633
2859 3
266 1610
1427 667
1427 974
2859 833
667 974
150 1426
3509 1811
150 1077
3 1610
278 363
9 1255
313 586
1077 757
667 371
1058 543
721 543
305 543
667 77
667 833
667 1633
667 3
974 371
3510 278
3027 3510
1438 462
1077 1246
284 266
2768 13
2768 2264
2768 2730
2768 1368
13 2264
13 2730
962 2562
962 199
962 305
962 8
1077 1426
13 1368
2264 1368
322 1808
322 3596
1808 3596
1246 1426
190 67
3511 123
757 1426
2264 2730
80 2992
2730 1368
1884 2264
1361 861
981 969
2329 116
1212 40
1101 406
2848 406
2848 1101
77 222
75 716
75 202
2149 324
3368 210
3368 184
3368 127
3368 77
3368 222
210 184
127 77
210 127
184 127
317 3513
3512 317
3512 3513
184 77
3220 813
3220 895
3220 1807
1807 813
1807 895
813 895
253 145
161 202
716 202
11 3534
246 1514
847 3534
1563 1336
406 2297
1713 399
219 1514
85 565
75 1453
539 974
1397 3
1397 102
497 977
270 249
406 896
1811 199
1105 510
410 3516
887 1456
887 206
2669 243
292 1890
929 1343
1343 206
3514 2833
3515 4065
67 227
3010 377
73 1421
802 1218
1331 1343
266 1030
40 1820
1421 102
134 219
134 350
937 134
842 134
824 2411
1887 1132
870 224
1366 224
1366 870
71 134
2975 134
40 84
1744 132
2675 134
115 2436
19 1066
489 839
489 210
1066 363
1066 585
1931 2710
925 2710
925 1931
249 3524
489 8
166 1565
1607 2233
1607 1565
2233 32
2233 1565
32 1565
166 2233
166 1607
498 2433
1828 1625
73 573
530 730
222 540
338 3517
147 275
442 1322
442 3519
1322 3519
2982 3274
147 3141
679 5552
1446 138
3517 1308
628 3141
1526 2843
2271 1371
3517 1390
9 540
1258 3519
77 292
1221 3
284 539
763 150
343 120
388 100
77 2322
338 2322
969 1304
1344 135
1892 1604
362 1405
22 1514
22 539
1392 1178
2263 1610
441 182
1625 2356
8 338
8 905
104 786
441 371
1510 371
839 338
839 905
839 1887
650 270
210 905
2143 1595
3518 763
1258 1322
3520 985
1427 1633
1427 3
833 1633
3520 278
3520 716
1633 3
278 716
430 352
731 3521
731 1336
3521 1336
1427 445
3521 1430
430 414
3522 753
3522 288
630 2939
630 219
13 430
2939 1644
273 430
217 881
215 39
3522 270
931 22
3523 352
77 371
763 2004
371 1427
3524 2910
3524 1595
3524 297
2910 1595
2910 297
1595 297
371 833
371 445
3028 3506
833 1427
1633 371
1427 77
3506 941
941 3028
1633 77
896 40
2769 3131
430 3523
352 414
3523 414
1155 487
3525 1974
485 4036
1258 442
110 69
3121 6834
1644 892
1126 892
19 1450
149 1450
7 261
2620 29
2620 1811
2620 1626
2620 6
278 6
1535 1918
3526 261
3526 7
1380 1226
1649 2081
1530 1328
1530 1726
278 2620
1530 1474
110 39
374 40
1126 219
1126 1644
892 219
959 38
219 1644
959 110
959 931
426 1110
2939 1126
2939 292
959 215
110 931
270 753
753 288
2939 892
669 110
669 498
763 533
40 379
40 135
219 539
228 931
894 541
1391 3582
2296 3582
2296 1391
473 87
173 510
334 6
452 2142
817 287
817 72
817 334
170 157
170 817
170 287
170 72
170 610
170 230
170 411
436 610
436 6
436 334
170 600
765 1694
585 894
379 1820
639 3131
2095 728
334 230
334 287
334 145
2562 177
721 35
334 625
721 2562
1614 721
1614 177
721 177
170 334
1384 728
3527 1380
510 687
379 84
379 492
379 22
69 1004
482 157
150 570
482 625
482 436
482 230
482 287
150 170
150 6
541 398
150 411
150 817
150 287
150 436
243 398
482 610
482 334
862 67
862 610
862 334
862 170
862 570
862 482
862 150
862 287
6 398
862 499
862 600
862 230
862 411
862 817
862 69
818 100
570 436
570 230
570 157
570 287
570 72
570 610
570 334
570 411
69 287
69 610
72 610
72 6
69 334
818 454
411 610
411 334
411 72
150 62
150 600
411 287
62 334
38 287
145 287
22 982
676 982
62 287
122 160
72 600
887 11
72 230
72 499
67 287
625 287
67 499
67 625
67 230
67 157
122 718
630 1334
230 287
287 157
2767 371
887 145
887 775
982 347
982 11
1644 982
982 132
347 630
982 1334
11 630
160 718
72 287
797 1424
255 1086
6 610
334 499
1963 265
610 67
145 610
6 499
3461 69
72 3461
334 600
32 1820
305 35
177 305
1048 56
334 157
610 287
698 1890
178 452
378 637
3528 1942
3528 224
3050 1942
3050 224
3050 3528
160 79
718 79
3529 818
122 79
72 67
610 230
610 499
2623 1163
72 1163
72 2623
430 117
443 862
2011 3530
1728 70
3531 1392
3532 2623
3532 72
610 600
945 3532
610 157
3532 1163
945 72
945 2623
610 625
3533 398
951 243
951 904
2568 79
480 123
502 150
79 904
79 669
79 724
79 2259
108 1514
73 857
1718 92
669 904
219 246
909 904
688 772
296 945
9 945
1328 67
114 724
114 909
114 2259
114 79
669 2568
2568 904
2568 951
168 70
168 945
1502 200
1502 296
1502 168
1502 325
1502 945
2568 903
2568 909
355 19
84 418
84 135
2568 724
1502 436
168 200
168 296
1502 70
325 200
325 296
325 9
114 903
132 724
39 145
979 3535
951 724
909 2259
189 3537
3536 302
3537 73
931 2736
724 909
724 2259
903 724
903 2259
56 1710
374 492
374 124
374 1820
374 981
374 418
374 379
724 669
724 243
243 2259
904 2259
1811 104
669 2259
73 254
116 334
116 150
116 482
665 2848
126 270
418 379
116 862
1502 499
1502 600
126 955
126 284
955 270
955 284
270 284
284 453
270 453
116 817
981 379
116 157
3533 243
3533 541
3533 6
3533 22
1894 454
1894 818
116 411
1894 100
116 67
35 690
10 46
116 610
690 10
116 230
116 287
46 690
149 1460
886 533
415 533
1502 170
1502 150
1502 482
1502 862
1502 570
1460 325
2568 114
3538 1644
3538 637
945 436
945 70
200 945
1419 292
1419 32
114 243
114 904
1460 228
1460 552
135 379
149 552
1502 62
1588 451
1502 625
415 270
1502 287
1859 585
290 585
1502 230
1502 145
1502 411
2103 399
1502 817
1502 67
1502 72
1502 334
1502 610
1502 6
446 1381
2892 203
155 387
86 2709
86 577
86 127
506 492
1707 1514
1184 577
577 2807
1088 854
945 108
945 2730
1130 618
396 40
153 577
1184 2807
3137 217
445 2807
1371 462
1088 3541
364 3541
392 924
3539 570
924 325
155 29
2391 6835
155 331
392 325
506 447
2730 108
271 1902
22 1902
22 271
49 570
854 364
951 315
854 3541
256 1130
256 618
1421 941
135 462
3 651
160 11
2920 70
2445 2920
650 2920
650 2445
2001 70
2001 2920
2001 2445
2001 650
209 2992
1983 969
2445 70
1887 2943
1048 69
961 69
577 2709
127 2709
1122 145
38 447
1765 1564
338 1983
74 387
947 1685
74 331
387 331
661 917
947 1105
468 387
468 331
2812 2703
153 2709
468 74
338 1626
1390 1626
11 387
331 11
378 1507
135 447
3540 1889
3540 1411
1411 1889
557 227
104 199
40 462
2134 388
3023 1729
3023 3542
3274 11
2134 1942
388 1942
2466 77
1425 9
1425 16
2134 2466
2134 903
1820 447
903 2466
1942 77
1942 2466
1942 903
388 903
842 56
842 1021
248 8
248 73
1229 241
190 341
40 447
3023 3436
1729 3542
248 210
1514 1206
1514 1644
842 312
248 38
468 177
1209 1021
56 1021
312 1021
248 59
3543 76
248 209
3543 981
3543 1007
248 96
248 334
248 1916
3543 19
3322 1721
3544 3345
2577 1564
73 802
73 2500
73 1595
177 592
3545 330
12 29
1371 447
11 1820
3539 4087
570 4087
644 399
2359 2331
3546 2331
3546 2359
217 1234
981 76
1007 19
1007 76
1820 462
1007 981
3200 217
3200 831
1309 442
1820 19
831 217
76 19
3123 3114
155 468
592 2500
3547 1019
11 447
1204 502
350 502
492 462
2506 3547
1204 350
468 1837
1721 217
1225 1721
9 239
9 772
9 902
902 239
902 255
902 210
902 772
239 315
239 255
239 772
239 1202
902 315
2463 1304
1421 3501
69 77
155 938
75 77
570 77
200 1061
77 319
3243 2
465 1073
1405 131
80 1295
3548 260
3548 73
22 3548
474 201
252 308
474 296
201 824
403 1154
222 1176
824 296
3 3548
831 296
315 772
255 772
210 772
772 1202
902 1202
2492 278
2492 945
831 474
831 824
2140 228
1819 32
145 520
2483 339
238 430
238 1360
2394 430
2394 1360
2394 238
115 2147
598 1218
1819 1990
442 1121
207 472
1610 472
2403 11
430 1595
108 1497
1610 764
3549 472
3549 963
3549 207
3549 1610
3549 764
1658 1797
1610 132
1610 2403
32 1990
867 363
207 963
764 207
1610 207
960 430
960 1360
960 238
962 1610
764 963
1595 1360
1595 238
962 2403
403 22
2046 83
288 763
2761 1109
0 1549
3550 1595
34 1549
11 1549
52 993
0 993
1858 941
2329 1919
288 83
9 1549
3551 270
198 3595
166 984
252 984
3551 856
2601 59
2602 59
30 984
30 166
30 252
270 856
2046 288
2046 763
102 757
243 1744
741 6836
625 635
210 1549
2677 29
252 404
252 260
252 3548
29 1474
146 1381
72 308
1461 678
72 404
72 260
364 35
115 113
1547 278
2046 278
941 3163
2046 1547
278 288
0 1130
763 1547
9 375
763 278
3552 2897
1154 22
2859 221
1154 75
1154 4
945 1786
1453 73
83 278
83 1547
1983 831
1943 1983
80 10
1297 660
1547 288
486 690
1477 1179
2655 2912
2655 228
71 1416
814 3553
452 1887
243 292
404 3
52 1669
385 3390
1456 539
149 71
228 2912
886 2912
1372 232
764 70
720 32
19 720
292 720
2041 292
2041 1887
720 1887
404 39
941 831
132 56
2271 29
2271 177
2271 319
1375 840
129 840
2271 132
129 1375
480 278
3554 93
170 92
2271 56
3555 374
941 859
941 1939
2915 530
3556 2915
3556 530
3557 3185
29 56
278 1939
859 278
831 1939
831 278
319 56
1382 10
479 260
3272 1161
1172 1819
119 1819
1301 1265
479 404
1592 1773
479 3548
404 69
404 11
325 515
93 866
1361 3654
3555 7
374 7
232 941
885 2038
430 499
2010 539
1301 1648
2041 19
2041 32
3558 916
132 916
3224 406
38 283
2 283
177 283
2606 895
284 2769
403 24
275 2655
3 2655
3558 1361
1468 732
228 70
53 665
1314 132
1163 3559
1847 3559
3558 132
1314 3558
0 2912
0 886
784 116
404 308
461 3
461 2655
3560 3
3560 62
3461 24
645 3
645 62
645 3560
645 578
461 185
461 275
461 0
461 3562
578 3560
0 228
3245 189
3561 210
0 2655
352 150
0 185
0 275
228 185
228 275
3562 2912
3562 228
3562 3
3562 2655
3562 185
577 587
3562 275
3562 0
461 2912
3060 3561
461 228
461 886
3562 886
2041 77
1468 2751
3011 2249
185 1887
185 452
185 757
3548 72
2655 886
185 2912
185 886
2747 1082
159 3010
185 2655
185 73
275 2912
2041 126
2041 17
2041 720
757 19
1113 1514
1823 1331
1773 881
7 3558
1614 3563
3563 805
275 886
2148 916
2751 1595
140 2148
140 1314
140 3558
132 2148
2148 1314
2148 3558
732 2751
3564 2056
1225 606
938 29
938 278
284 2492
122 1580
22 447
230 3
396 447
775 2492
70 24
813 2
2729 2430
90 135
1460 1394
3565 2141
13 270
2732 29
456 665
11 6837
483 6837
246 1405
1978 2505
3566 11
3566 483
485 6343
2211 2201
2018 6837
2018 11
3566 6837
96 1916
1477 829
59 1916
492 447
220 2709
493 84
462 447
2467 84
2467 493
77 984
862 3567
1402 126
1113 1595
732 1113
2110 126
72 252
2110 1402
1444 5441
2135 5642
3568 3569
548 1165
112 3886
112 255
1894 107
260 308
260 22
1000 296
2072 2688
92 430
430 531
1160 2463
1685 1453
260 39
56 177
1157 1176
1157 422
1817 2452
941 297
479 308
319 177
4 12
539 665
22 441
3570 441
3570 22
1684 341
474 2141
170 430
2131 669
2775 454
255 3886
328 539
483 3571
3200 1562
328 228
84 527
19 3572
498 3572
498 1265
3572 1265
69 1776
2030 378
1873 1173
2620 737
99 377
52 99
2018 3566
87 514
9 1385
2445 224
38 1385
139 3573
817 3573
817 139
3574 5809
1887 224
2775 1894
2775 107
332 77
2173 510
22 1874
232 127
255 432
84 2052
1299 284
1299 951
1133 2007
617 463
463 93
2567 8
8 2381
2259 1685
2567 2381
352 1515
1244 515
586 515
586 1244
160 22
1678 1244
1002 80
1002 430
964 6838
80 430
379 862
379 2972
2059 654
3575 11
616 11
616 3575
1155 496
487 496
455 124
2900 3233
455 278
3078 3349
455 418
1884 635
3576 1163
2745 529
2852 3129
2852 138
160 210
2259 712
160 447
1361 180
28 4
448 848
2852 1050
147 1515
160 396
3043 69
3043 1440
3043 200
160 506
3043 135
135 687
160 1371
3043 687
1000 108
1534 84
1534 1000
687 1440
8 1440
135 3577
3577 551
3577 3043
3577 687
3577 69
3577 1440
1908 210
160 38
3577 11
200 551
135 551
551 3043
551 687
551 1440
160 135
19 2818
3577 200
160 462
160 492
2818 140
2818 543
2818 1683
617 1574
160 19
69 1440
135 1440
1489 1644
1669 405
3578 2417
160 1820
160 40
19 1683
3129 138
1050 138
1392 270
2466 270
2466 1392
124 447
461 112
1909 461
676 16
2706 79
2706 567
260 404
2706 155
2750 1510
519 132
334 124
1030 1172
11 418
1744 3
1430 1623
406 359
1623 67
22 404
1295 1309
1295 77
3131 1382
1502 452
892 1309
3224 147
3129 1050
1460 1474
455 447
177 185
79 177
455 506
455 1371
793 2492
2133 2492
2133 793
2568 67
1052 2568
455 1820
455 40
896 1000
896 84
6 274
1052 67
3579 319
38 1474
1357 628
1357 153
319 1474
124 462
71 4196
2874 147
3580 572
3580 3581
3580 1325
3581 1325
543 1683
3579 1474
3579 38
572 3581
8 3043
292 1371
292 506
292 135
292 38
292 418
292 278
292 124
292 455
292 160
761 492
761 462
761 1820
761 1371
761 38
761 447
761 418
292 1820
292 462
292 447
292 396
292 492
32 278
32 447
761 278
761 455
40 720
135 720
761 160
761 720
22 278
447 720
418 246
720 246
246 447
188 3582
246 160
2661 426
418 160
124 160
418 278
1917 3201
2360 12
447 418
447 278
720 981
720 210
720 22
720 3
720 396
720 462
720 1820
720 1371
720 38
720 278
720 160
720 11
981 462
3582 2411
981 278
981 455
981 160
356 1424
981 246
447 1309
2105 585
200 224
200 17
2620 2329
2620 2300
224 3577
224 3043
160 455
3583 140
1309 492
1309 462
135 1309
1309 1371
1309 38
1309 418
1309 278
1309 124
1309 455
1309 160
1309 720
160 278
224 687
11 2052
243 3577
243 551
243 3043
243 687
97 62
12 62
12 113
12 97
452 97
243 1440
8 3577
97 113
2052 8
224 69
224 1440
1000 1371
17 8
17 3577
17 551
17 3043
17 687
17 1440
506 239
8 239
2052 239
1908 519
462 418
462 278
1202 1908
1820 278
19 418
436 2235
2655 1970
541 452
1595 3586
1595 3417
1595 2516
388 3584
11 1450
951 1450
1450 585
1450 2463
2516 2946
1595 2946
406 2315
3417 2946
497 2946
2946 3586
497 3586
2516 3586
2516 3417
3417 3586
2133 3370
1707 1815
483 640
260 8
313 1226
38 506
3585 84
3585 3
325 1815
313 2541
246 67
3585 160
497 3417
379 1438
56 1937
601 6839
3585 336
108 1937
3585 72
29 1847
430 3274
379 2379
378 831
1626 1847
1122 1206
246 1819
209 885
209 2038
314 2180
3234 388
729 67
729 100
1058 283
1887 107
818 107
1887 818
278 9
7 233
502 233
1657 2206
812 2206
812 1657
903 2206
903 1657
903 812
514 2304
3587 3
3587 230
85 3587
11 3587
184 35
35 3587
184 230
184 3587
448 67
833 84
2105 84
2105 833
1000 833
951 833
951 2105
3588 1163
3589 1460
1440 60
1440 10
3590 306
967 660
585 2701
956 665
372 783
384 84
384 2052
1721 246
21 1308
11 2105
188 1176
3588 3418
1163 3418
3043 1371
362 1021
1225 1000
4 1000
588 414
588 1225
588 1000
414 974
414 1225
414 1000
974 1000
3591 219
2169 1344
336 72
336 160
592 598
395 25
336 84
1385 1817
598 75
160 72
598 1204
164 67
164 448
2561 67
2561 164
3592 67
3592 448
3592 164
3592 2561
815 1990
1339 598
862 3098
3593 38
1339 75
1450 1169
3594 6240
3341 3858
2379 1438
2346 3858
3017 140
392 1792
1819 1178
17 1178
75 1204
3596 217
2346 3341
6 2349
2300 1765
553 928
74 1101
73 404
2259 2500
974 1888
133 213
133 189
7 213
502 213
72 630
72 1126
72 892
72 1644
72 292
189 7
1925 3345
1925 3557
1925 1554
3345 3557
3345 1554
3557 1554
1644 3
1326 499
3115 2907
1150 146
1150 213
2219 1150
38 813
1336 38
2655 2603
3407 974
2471 2226
278 506
645 813
472 108
8 721
1360 1361
2 721
80 574
646 721
646 8
646 2
101 721
101 2
101 646
645 38
645 67
645 1336
217 274
463 784
463 817
3266 499
311 1698
1887 1698
368 805
368 1729
19 3200
278 4650
635 1048
595 732
1405 732
1405 595
2454 732
2454 595
2454 1405
1991 183
2634 4650
52 331
1684 274
2634 278
1233 3600
2529 905
19 905
19 2529
2321 149
2321 729
2321 284
2321 3
2321 67
1568 489
2321 100
2321 34
233 1360
3598 3
2723 905
3599 67
2129 502
241 84
2529 40
3548 11
3548 69
3548 404
112 931
3548 39
900 3131
233 215
233 1361
2429 233
2429 1462
725 139
2429 817
379 19
8 499
3548 308
2429 69
233 817
233 69
720 1212
1462 729
729 817
817 1462
1462 69
75 183
137 2355
3601 2355
3601 137
80 1309
219 1564
415 956
233 1462
1301 32
1002 1076
3147 1076
3602 1163
3021 1456
7 3603
350 39
166 3603
2812 1811
445 1742
1742 523
1746 1999
24 3317
0 1859
1859 1666
1859 11
1765 2231
2975 39
1389 427
0 85
178 498
1389 318
2906 278
318 427
115 2568
820 1822
896 1614
3604 2184
896 974
896 302
896 115
896 2568
974 2568
3604 275
445 302
665 3172
2568 302
661 1883
1231 859
1231 650
859 650
648 377
44 2176
44 1694
3605 3583
34 3614
1786 3408
3605 122
3583 122
44 3351
2176 1694
2176 3351
52 279
1694 3351
2184 275
842 292
48 1626
305 646
674 34
126 217
126 1252
1369 135
1369 217
1369 1252
1657 2586
933 527
73 1176
933 85
933 479
1449 814
690 102
2791 502
3510 1963
39 219
60 527
1369 126
13 1215
13 445
335 661
483 1883
483 661
1090 200
1202 200
1196 1883
13 220
833 6
1202 1090
1196 661
123 312
240 3620
2562 135
60 479
60 933
1246 2562
123 278
85 527
825 135
39 2675
17 929
335 929
3606 1106
903 862
1908 126
291 1908
371 1336
92 6840
3607 1002
1438 279
1438 220
3607 2458
1252 135
1252 217
2701 415
3608 1379
1931 3609
335 17
759 124
3609 1884
1196 335
399 1887
1614 646
96 3239
598 485
96 1314
1361 3239
19 3239
362 962
34 309
19 1314
2975 3384
8 676
9 1595
2296 951
72 13
3610 974
2098 1568
1734 1317
582 2340
1776 2340
1776 11
1776 582
483 1568
276 1072
1072 1066
1707 362
862 1565
962 1565
1253 276
19 1361
1588 96
1066 276
1588 19
2674 3397
1253 77
3611 514
462 1295
2004 11
2004 219
2874 75
1468 127
533 1053
11 1142
498 6841
2467 6841
649 1295
1786 533
1474 1153
1474 341
34 230
1007 1246
279 3660
1007 292
1007 2505
1212 108
289 1153
2505 1246
2505 292
147 563
3263 903
289 341
289 1474
2492 539
1142 951
1328 2568
1163 3172
1185 133
132 3172
1185 2296
1185 50
133 2296
219 2707
133 50
133 951
132 1163
50 2296
3522 6769
974 6
1343 439
483 206
1076 1369
1625 1369
1625 1076
483 2098
1714 1568
502 974
3612 994
3613 165
1568 1520
3613 994
352 138
165 994
230 3614
951 862
2869 483
2869 1714
2869 698
967 34
13 302
28 1500
3614 69
1931 665
1568 698
1568 2869
3615 960
1057 565
147 34
302 1614
765 483
765 1714
765 698
765 1520
765 2869
1675 648
1057 189
565 189
585 1289
1343 1289
765 1568
765 2098
3616 1129
3616 451
2375 3617
483 698
1520 483
1520 1714
2409 451
1033 451
1033 133
1033 2409
3337 2375
1714 2098
698 2098
385 647
112 976
412 3075
3337 3617
974 157
715 133
715 2409
3614 62
2778 839
2789 2778
2789 32
3612 3613
3612 165
1549 314
3614 72
715 1033
1522 451
1522 133
1522 2409
1522 1033
1522 715
1520 698
2202 1832
974 278
2202 631
1832 631
839 32
166 9
1289 1014
3419 1289
3419 1014
2069 1014
3618 1992
2069 3419
275 190
3078 1892
40 110
729 2585
661 40
1427 110
1427 40
1427 661
987 2265
3 1440
527 463
60 74
974 1750
974 1979
468 863
974 1594
863 905
863 338
232 2777
178 817
3619 817
2748 1984
3619 178
2706 725
1610 278
217 207
2321 107
220 21
1699 21
1699 220
240 113
2321 1048
463 74
80 898
80 20
80 815
1409 1048
279 253
1916 436
2538 3637
3620 62
2321 574
849 2606
2321 10
2321 108
669 1984
1824 164
2321 1409
1824 1101
959 610
2321 62
2874 3075
2403 1215
1215 1176
3620 113
2321 1610
1989 3075
667 1750
2771 3398
34 1048
230 178
497 348
1048 62
3417 348
1434 133
2516 228
2516 348
228 3417
17 3349
1369 133
2473 29
168 3099
1734 1468
1734 844
1468 844
1048 10
2473 131
489 399
3621 399
3621 489
228 1633
1337 510
230 166
3297 1862
1750 1594
3011 11
599 863
278 168
1438 150
1750 671
3622 2751
1595 2089
667 1979
1594 1979
132 1750
132 1979
1750 962
1750 1979
1115 38
665 815
395 1308
219 1931
657 1761
962 671
572 802
3623 2078
3624 2078
3624 3623
2863 4338
1979 671
1594 671
667 671
665 898
252 62
74 107
873 10
51 230
74 1048
74 1610
74 574
84 10
84 149
149 1409
74 2321
67 1246
84 186
210 570
1000 49
2562 674
74 1409
574 3
1207 71
7 3625
3625 3626
7 3626
84 519
2646 387
149 108
253 2646
149 574
3627 3628
3629 3427
3630 3427
3630 3629
3631 3634
338 2045
107 149
222 865
62 149
833 1246
812 665
833 2562
1280 338
3632 3260
149 1610
3633 3477
3 399
1225 522
149 1048
2045 1984
318 2529
127 2529
67 147
3631 346
3634 346
189 1225
209 374
1549 1295
479 230
189 230
11 1163
11 1453
436 1163
1163 1453
436 1453
3635 2346
1647 813
3635 304
10 355
898 545
20 898
430 898
815 898
2748 669
2731 4650
945 4650
127 85
127 275
70 283
3636 371
1996 140
699 650
1409 3
2356 416
1996 215
1574 540
1265 1678
3 1048
817 184
1588 123
403 174
1866 123
319 184
3258 876
138 92
341 1153
1660 3639
2340 2730
278 3654
1660 1252
3638 1625
3639 399
1003 926
926 206
3640 388
11 150
1252 399
1252 3639
399 1660
857 0
797 5449
1785 5449
499 806
482 747
173 77
173 238
238 77
1811 1678
2243 3359
797 1785
250 747
2376 1480
1657 2968
10 2707
925 485
184 572
890 1229
278 1331
3641 3376
613 1614
70 210
370 3646
502 1267
70 761
70 1893
613 220
613 974
613 338
3642 6842
1244 70
2240 1225
19 2999
1887 2999
2999 126
2999 676
80 1438
288 1446
975 427
975 71
975 104
278 62
1244 761
104 427
1823 2463
3172 3643
613 119
613 415
502 127
427 71
1497 278
1497 70
981 1116
3644 1789
981 166
116 471
1786 11
2562 228
1176 308
876 11
346 957
999 308
1887 957
3645 110
19 3645
686 1789
221 1515
686 3644
213 255
957 3424
981 1009
217 166
308 959
610 308
102 255
3462 2517
660 539
540 539
1391 288
266 222
613 39
184 1626
979 168
981 561
114 59
278 686
637 665
114 946
3646 9
70 180
1588 278
403 3461
1076 1563
403 243
1304 2471
22 1549
2562 1811
2562 1563
3647 985
1811 1563
354 2471
354 1304
432 10
53 974
1330 499
1331 1034
1076 2562
1331 1225
2091 217
24 243
3099 338
432 974
53 338
341 49
3496 3648
2015 276
951 479
412 941
1887 432
604 951
1887 10
432 1549
127 1687
974 2573
637 1699
271 1070
637 3021
1625 2492
403 2583
185 39
4 2583
1485 39
278 2754
1295 2492
388 1870
53 220
432 1908
243 3461
39 374
10 1908
270 1292
114 1292
114 270
10 1549
1588 3654
39 1360
3649 1416
635 451
595 1330
2748 3
839 147
228 510
1360 479
370 502
502 665
177 207
38 1142
1360 3
313 199
2463 669
284 1993
1893 19
1823 669
667 283
667 1142
667 2
6 2748
1824 50
6 1824
71 50
1456 545
814 545
814 1456
71 1824
2562 50
53 415
1361 3652
53 1614
215 3650
3650 510
3651 1361
1929 3651
53 119
3652 3651
604 33
3652 1929
472 290
304 1113
313 71
53 39
3653 925
729 2701
313 1824
313 2562
673 1435
1142 2
729 275
2701 275
1142 8
1142 283
1360 69
1142 177
2562 1824
1360 374
199 50
199 1824
2812 1437
313 50
1744 332
62 152
578 617
747 617
747 578
482 1614
482 338
703 1274
703 2841
482 974
3654 312
1721 824
482 119
482 415
3462 1328
482 39
482 53
124 2078
3655 786
189 221
2067 3349
3656 1343
3656 957
2271 826
395 430
395 210
395 531
3654 7
588 276
3656 1043
2067 1593
3349 1593
2850 34
2214 73
492 422
29 2850
951 2850
3 2850
2781 40
2214 34
3654 123
2214 19
2850 11
3657 731
3657 1336
183 230
183 145
609 2134
117 278
422 219
422 1126
492 219
492 1126
2214 62
620 2185
613 2134
620 8
189 165
3537 165
3258 2185
2741 468
1280 2741
3258 8
613 609
482 220
2841 1274
53 609
53 2134
145 3370
250 145
250 3370
53 613
8 2185
864 1126
864 422
864 492
1292 765
1292 1908
1292 70
1292 338
1908 765
765 70
11 3258
1908 70
620 3258
431 29
19 1292
1607 1908
1607 70
895 1657
1607 1292
3658 3637
3258 3
876 2185
876 8
876 620
132 12
3659 743
3659 1090
1090 743
876 3
1544 11
2874 1595
2874 70
885 100
468 1984
149 454
3 454
613 25
3661 1578
2976 1658
1052 1658
362 862
482 613
482 2134
1780 1435
1780 627
1780 3470
1435 3470
627 3470
238 720
468 2045
482 609
2041 11
71 558
974 843
3 2185
133 2292
124 2336
857 230
1802 2022
3662 2022
3389 448
329 153
613 650
1802 3662
166 1116
166 1009
498 455
1536 974
1536 217
613 448
650 448
862 1279
1742 2259
73 477
477 388
477 71
388 71
24 448
24 613
782 6
38 782
71 782
498 1009
498 1116
1742 1279
132 1279
7 121
456 471
3389 613
121 3663
3663 7
3389 650
30 116
455 1009
217 1116
217 1009
2134 220
561 166
561 455
207 33
13 335
6 985
20 135
427 1714
455 166
2134 338
1116 492
2684 2510
69 3076
492 1009
561 1009
2781 3076
2134 974
499 3076
70 782
398 1295
721 1295
721 669
609 220
609 974
609 338
2510 3584
514 72
514 126
72 126
73 1391
609 1614
650 116
826 1028
2134 415
2134 39
3664 6843
1416 116
609 39
1687 159
1687 278
416 945
416 58
3408 3867
3665 1744
690 628
132 3194
609 415
228 296
367 1246
3666 210
222 1933
609 119
246 2669
2134 119
406 635
2134 1614
3667 6844
2730 416
112 1634
30 665
30 471
30 456
2187 1468
1634 2204
24 3389
