0.00030536795 -0.0012730688 -0.023803947 0.14043519 
-0.0010118673 0.0015118663 -0.0067812414 -0.03773746 
-0.0012916079 -0.0029780534 -0.013887448 0.103105105 
-0.0007425198 0.0 0.0 0.0 
-0.0003174307 0.0 0.0 0.0 
-0.0034074027 0.0 0.0 0.0 
-0.0020582308 0.0 0.0 0.0 
0.0009790357 0.0 0.0 0.0 
0.0019651179 0.0 0.0 0.0 
-0.0068917735 0.0 0.0 0.0 
-0.0008034504 0.0 0.0 0.0 
0.0011875175 0.0 0.0 0.0 
-0.0023013735 0.0 0.0 0.0 
-0.0048370315 -0.018993005 0.11447945 -0.31712914 
-0.0010524263 0.0 0.0 0.0 
-9.199512e-05 0.0 0.0 0.0 
-0.0027697803 0.0 0.0 0.0 
-0.0021495267 0.0 0.0 0.0 
0.000867309 0.0 0.0 0.0 
-0.005174236 0.0 0.0 0.0 
0.0027715587 0.0 0.0 0.0 
0.0015876435 0.0 0.0 0.0 
0.0024791325 0.0 0.0 0.0 
-0.00040056978 0.0 0.0 0.0 
0.002255946 0.0066968086 -0.032634065 0.13967857 
-0.0014799857 0.0 0.0 0.0 
-0.0044384534 0.0 0.0 0.0 
0.002669232 0.0 0.0 0.0 
-0.0023702085 0.0 0.0 0.0 
0.0015357718 0.0 0.0 0.0 
0.0018579605 0.0 0.0 0.0 
-0.0008801953 0.0 0.0 0.0 
0.0010677993 0.0 0.0 0.0 
0.0025175218 0.0 0.0 0.0 
0.0026089866 0.0 0.0 0.0 
-0.0031921573 0.022351556 -0.17051521 1.9502985 
0.0024206727 0.0 0.0 0.0 
-0.00015203882 0.0 0.0 0.0 
-0.005541506 0.0 0.0 0.0 
0.0019312834 0.0 0.0 0.0 
0.0018842521 0.0 0.0 0.0 
-0.0019876694 0.0 0.0 0.0 
-0.0028260686 0.0 0.0 0.0 
0.0029654952 0.0 0.0 0.0 
0.0025982233 0.0 0.0 0.0 
0.0007231309 0.0 0.0 0.0 
0.00057083427 0.0025388964 -0.012776669 0.10206507 
0.0032267866 0.0 0.0 0.0 
0.0003441253 0.0 0.0 0.0 
0.006098512 0.0 0.0 0.0 
0.0028720999 0.0 0.0 0.0 
0.0025554325 0.0 0.0 0.0 
-0.002592372 0.0 0.0 0.0 
-0.0048666224 0.0 0.0 0.0 
-0.0020007992 0.0 0.0 0.0 
-0.0010885418 0.0 0.0 0.0 
0.0010357888 0.0 0.0 0.0 
-0.0013281868 0.006638821 -0.052439917 0.41505444 
0.0028752047 0.0 0.0 0.0 
0.00023237315 0.0 0.0 0.0 
-0.0032933955 0.0 0.0 0.0 
-0.003658497 0.0 0.0 0.0 
0.005073308 0.0 0.0 0.0 
0.002138143 0.0 0.0 0.0 
-0.0019211015 0.0 0.0 0.0 
-0.0022273764 0.0 0.0 0.0 
0.002101925 0.0 0.0 0.0 
0.000315782 0.0 0.0 0.0 
0.0001548581 0.0017055059 -0.006672839 0.058184657 
0.0008718816 0.0 0.0 0.0 
-0.00059683464 0.0 0.0 0.0 
0.0029815645 0.0 0.0 0.0 
-0.0010871205 0.0 0.0 0.0 
0.0025299152 0.0 0.0 0.0 
-0.0053360295 0.0 0.0 0.0 
0.0050839474 0.0 0.0 0.0 
0.0035324355 0.0 0.0 0.0 
-0.001227513 0.0 0.0 0.0 
-0.0026521133 0.0 0.0 0.0 
0.003267904 -0.0013281868 -0.0015171762 -0.025465958 
0.00057694054 0.0 0.0 0.0 
-0.00013959919 0.0 0.0 0.0 
0.0013618548 0.0 0.0 0.0 
0.0015156047 0.0 0.0 0.0 
0.0020905328 0.0 0.0 0.0 
-0.0028209656 0.0 0.0 0.0 
-0.0018212919 0.0 0.0 0.0 
-0.0019702401 0.0 0.0 0.0 
0.002221674 0.0 0.0 0.0 
0.0013391173 0.0 0.0 0.0 
0.002460952 0.007338629 0.010937735 -0.058192335 
-0.0038680048 0.0 0.0 0.0 
-0.0026885055 0.0 0.0 0.0 
-0.005003718 0.0 0.0 0.0 
-0.009072224 0.0 0.0 0.0 
0.0001354511 0.0 0.0 0.0 
0.0015730138 0.0 0.0 0.0 
-0.00022643061 0.0 0.0 0.0 
0.00051685347 0.0 0.0 0.0 
0.0021469465 0.0 0.0 0.0 
0.00089073996 0.0 0.0 0.0 
-0.0013687569 -0.010314529 0.12069113 -0.1775519 
-0.0023401172 0.0 0.0 0.0 
0.00057246856 0.0 0.0 0.0 
-0.0012791185 0.0 0.0 0.0 
-0.0031774815 0.0 0.0 0.0 
-0.0004623896 0.0 0.0 0.0 
0.0006305876 0.0 0.0 0.0 
-0.0019030541 0.0 0.0 0.0 
-0.0027817376 0.0 0.0 0.0 
0.0015358439 0.0 0.0 0.0 
0.0013589897 0.0 0.0 0.0 
-0.0015323947 8.0654165e-05 0.018689418 -0.084955886 
-0.003504429 -0.0027589942 0.010793868 0.055747166 
0.0010656794 0.0 0.0 0.0 
0.0026328329 0.0 0.0 0.0 
-0.0016941883 0.0 0.0 0.0 
-0.0050781765 0.0 0.0 0.0 
0.0027858405 0.0 0.0 0.0 
-0.004841812 0.0 0.0 0.0 
0.0043209484 0.0 0.0 0.0 
-0.0023370099 0.0 0.0 0.0 
0.00076855096 0.0 0.0 0.0 
0.0034024671 0.0 0.0 0.0 
-0.0032487076 -0.0018540088 0.013285296 -0.05697513 
-0.0013706618 0.0 0.0 0.0 
0.00436085 0.0 0.0 0.0 
0.0025026517 0.0 0.0 0.0 
-0.0019213412 0.0 0.0 0.0 
0.0014440665 0.0 0.0 0.0 
0.0010395176 0.0 0.0 0.0 
0.0039391667 0.0 0.0 0.0 
0.005634654 0.0 0.0 0.0 
0.0025955946 0.0 0.0 0.0 
-0.00030861018 0.0 0.0 0.0 
-0.0015241256 -0.006007702 0.011988108 0.07179146 
0.0009971515 0.0 0.0 0.0 
-0.001675423 0.0 0.0 0.0 
-0.0014707057 0.0 0.0 0.0 
0.00068925164 0.0 0.0 0.0 
-0.0028778422 0.0 0.0 0.0 
-0.001532246 0.0 0.0 0.0 
0.0020241379 0.0 0.0 0.0 
-0.00095428067 0.0 0.0 0.0 
0.0022513543 0.0 0.0 0.0 
0.0047091288 0.0 0.0 0.0 
0.004066815 -0.0027589942 0.008251177 0.055747163 
0.0010965143 0.0 0.0 0.0 
-0.0022151459 0.0 0.0 0.0 
-0.005030495 0.0 0.0 0.0 
-0.00010738404 0.0 0.0 0.0 
-0.0009661682 0.0 0.0 0.0 
-0.0016909553 0.0 0.0 0.0 
0.0013037068 0.0 0.0 0.0 
0.001009352 0.0 0.0 0.0 
-0.0016133399 0.0 0.0 0.0 
-0.0026059407 0.0 0.0 0.0 
0.0015106845 -0.0008234313 0.009457258 -0.06111017 
-0.0012436144 0.0 0.0 0.0 
-0.002994931 0.0 0.0 0.0 
-0.0041384036 0.0 0.0 0.0 
0.0038166777 0.0 0.0 0.0 
-0.003391391 0.0 0.0 0.0 
0.0020394954 0.0 0.0 0.0 
-1.2650516e-05 0.0 0.0 0.0 
-0.0006908069 0.0 0.0 0.0 
0.00037234335 0.0 0.0 0.0 
-0.003287352 0.0 0.0 0.0 
-0.0044850428 -0.006727893 -0.0043474133 0.19317076 
-7.484804e-05 0.0 0.0 0.0 
0.00096533145 0.0 0.0 0.0 
-0.0032918353 0.0 0.0 0.0 
0.0010530634 0.0 0.0 0.0 
0.0014140288 0.0 0.0 0.0 
-0.005451036 0.0 0.0 0.0 
0.0027354248 0.0 0.0 0.0 
-0.0018200326 0.0 0.0 0.0 
0.004850974 0.0 0.0 0.0 
0.0039216154 0.0 0.0 0.0 
0.0004016238 0.0018263747 -0.0013778391 0.017628811 
-0.0018138794 0.0 0.0 0.0 
0.001223045 0.0 0.0 0.0 
0.0017628435 0.0 0.0 0.0 
-0.0002809538 0.0 0.0 0.0 
0.0021341017 0.0 0.0 0.0 
-0.0055380138 0.0 0.0 0.0 
0.0010861767 0.0 0.0 0.0 
0.00059456355 0.0 0.0 0.0 
0.003911718 0.0 0.0 0.0 
-0.003006572 0.0 0.0 0.0 
0.0016480004 -0.0013657826 0.02523299 -0.09936032 
0.0020113294 0.0 0.0 0.0 
-0.0031471085 0.0 0.0 0.0 
-0.00093345775 0.0 0.0 0.0 
-0.0032377667 0.0 0.0 0.0 
-0.00073031336 0.0 0.0 0.0 
-0.00077969575 0.0 0.0 0.0 
0.0028327813 0.0 0.0 0.0 
-0.003557777 0.0 0.0 0.0 
0.0016011271 0.0 0.0 0.0 
-0.0009913897 0.0 0.0 0.0 
0.001858978 0.0028277081 -0.007446578 0.033648476 
-0.0010713428 0.0 0.0 0.0 
0.0025880404 0.0 0.0 0.0 
0.0014125983 0.0 0.0 0.0 
0.0020648853 0.0 0.0 0.0 
-0.0012118375 0.0 0.0 0.0 
0.00054516806 0.0 0.0 0.0 
-0.0016567986 0.0 0.0 0.0 
-0.0011281342 0.0 0.0 0.0 
-0.0013818856 0.0 0.0 0.0 
0.001762122 0.0 0.0 0.0 
0.0007872997 0.0005556622 -0.031826463 0.11478231 
-0.0007027034 0.0 0.0 0.0 
-0.0016308541 0.0 0.0 0.0 
0.0026991682 0.0 0.0 0.0 
-0.0048211957 0.0 0.0 0.0 
-0.0015773786 0.0 0.0 0.0 
0.0033692177 0.0 0.0 0.0 
-0.002359926 0.0 0.0 0.0 
-0.0044856435 0.0 0.0 0.0 
0.00040180734 0.0 0.0 0.0 
-0.0033985367 0.0 0.0 0.0 
0.000730564 0.013729046 -0.02309191 0.25984633 
0.004119316 -0.0055875997 0.033648472 -0.21552183 
-0.00272844 0.0 0.0 0.0 
0.0002952577 0.0 0.0 0.0 
0.0008134571 0.0 0.0 0.0 
-0.001874722 0.0 0.0 0.0 
0.0016861038 0.0 0.0 0.0 
0.0014594697 0.0 0.0 0.0 
-0.00023147334 0.0 0.0 0.0 
0.0009103936 0.0 0.0 0.0 
-0.0015448339 0.0 0.0 0.0 
0.0021993208 0.0 0.0 0.0 
0.005901545 0.0028579535 -0.00065143406 0.049004674 
0.0042799483 0.0 0.0 0.0 
0.0031735932 0.0 0.0 0.0 
0.0020246159 0.0 0.0 0.0 
0.00051382254 0.0 0.0 0.0 
0.0011155885 0.0 0.0 0.0 
-0.0006094042 0.0 0.0 0.0 
-0.0006281935 0.0 0.0 0.0 
0.0010793016 0.0 0.0 0.0 
-0.0031861986 0.0 0.0 0.0 
0.0010383034 0.0 0.0 0.0 
-0.00064223126 -0.0008324535 0.021064311 0.04098711 
1.6804033e-06 0.0 0.0 0.0 
-0.004813848 0.0 0.0 0.0 
0.004056257 0.0 0.0 0.0 
-0.005238235 0.0 0.0 0.0 
-0.000816023 0.0 0.0 0.0 
-0.00041113867 0.0 0.0 0.0 
-0.007855959 0.0 0.0 0.0 
-3.6792164e-05 0.0 0.0 0.0 
0.0014575975 0.0 0.0 0.0 
0.0006713078 0.0 0.0 0.0 
0.00089918653 0.0001658379 -0.012418521 0.0046054916 
0.0011448655 0.0 0.0 0.0 
0.0021665068 0.0 0.0 0.0 
0.0005850827 0.0 0.0 0.0 
-0.0034411957 0.0 0.0 0.0 
0.0020926388 0.0 0.0 0.0 
0.0016632912 0.0 0.0 0.0 
0.0012145027 0.0 0.0 0.0 
-0.0003628925 0.0 0.0 0.0 
0.00047143234 0.0 0.0 0.0 
-0.008039491 0.0 0.0 0.0 
0.00050475553 0.015090919 -0.03932201 0.31532845 
-0.001040485 0.0 0.0 0.0 
0.004784566 0.0 0.0 0.0 
-0.0031966933 0.0 0.0 0.0 
-0.0027008841 0.0 0.0 0.0 
-0.001867946 0.0 0.0 0.0 
-0.0013029929 0.0 0.0 0.0 
0.00019312734 0.0 0.0 0.0 
-0.0007430626 0.0 0.0 0.0 
-0.0013217586 0.0 0.0 0.0 
-0.002878062 0.0 0.0 0.0 
0.004259846 0.0015974621 0.0004782274 0.0073452434 
0.006545412 0.0 0.0 0.0 
-0.0023591865 0.0 0.0 0.0 
0.004059918 0.0 0.0 0.0 
0.002214 0.0 0.0 0.0 
-0.0048864298 0.0 0.0 0.0 
-0.0027086993 0.0 0.0 0.0 
0.0015579036 0.0 0.0 0.0 
0.0019303436 0.0 0.0 0.0 
0.0017251199 0.0 0.0 0.0 
0.00037971875 0.0 0.0 0.0 
0.0015974621 0.004738074 0.0073452434 0.0006205961 
-0.0011528026 0.0 0.0 0.0 
-0.0017283306 0.0 0.0 0.0 
0.002749906 0.0 0.0 0.0 
0.0037753312 0.0 0.0 0.0 
-0.001837281 0.0 0.0 0.0 
0.0007575254 0.0 0.0 0.0 
0.0019326598 0.0 0.0 0.0 
0.0012773769 0.0 0.0 0.0 
0.0033104208 0.0 0.0 0.0 
-0.001747955 0.0 0.0 0.0 
-0.0011385536 -0.002769019 0.0151887145 -0.037923887 
0.004500782 0.0 0.0 0.0 
0.0018846166 0.0 0.0 0.0 
0.0051180245 0.0 0.0 0.0 
0.002403417 0.0 0.0 0.0 
-0.0022083945 0.0 0.0 0.0 
-0.00410916 0.0 0.0 0.0 
0.004841407 0.0 0.0 0.0 
-0.0013338819 0.0 0.0 0.0 
0.0010476687 0.0 0.0 0.0 
0.0011400128 0.0 0.0 0.0 
0.00055273465 -0.0077705993 0.026172053 0.21630323 
0.00033585622 0.0 0.0 0.0 
0.0004007379 0.0 0.0 0.0 
-0.00013562347 0.0 0.0 0.0 
-0.0023443757 0.0 0.0 0.0 
0.000197374 0.0 0.0 0.0 
0.00057947333 0.0 0.0 0.0 
0.0044699763 0.0 0.0 0.0 
-0.0014723282 0.0 0.0 0.0 
-7.903535e-05 0.0 0.0 0.0 
0.00045669146 0.0 0.0 0.0 
-0.0013066779 -0.0007845826 -0.003773827 0.1117516 
-0.0010113623 0.0 0.0 0.0 
0.00012561484 0.0 0.0 0.0 
0.00090553623 0.0 0.0 0.0 
-0.0032852644 0.0 0.0 0.0 
0.000120613164 0.0 0.0 0.0 
0.0011699836 0.0 0.0 0.0 
-0.0016878285 0.0 0.0 0.0 
-0.0034618806 0.0 0.0 0.0 
-0.0018136887 0.0 0.0 0.0 
-0.00019518772 0.0 0.0 0.0 
0.0025645748 -0.0007006482 0.02705009 -0.07605602 
-0.00027469828 -0.002042121 0.0052616727 0.023012146 
0.004834872 0.0 0.0 0.0 
0.0018541459 0.0 0.0 0.0 
-0.0023026795 0.0 0.0 0.0 
-0.00036022466 0.0 0.0 0.0 
0.004303845 0.0 0.0 0.0 
-0.0024294227 0.0 0.0 0.0 
-0.00083971536 0.0 0.0 0.0 
0.0013633254 0.0 0.0 0.0 
0.0044830865 0.0 0.0 0.0 
0.0020226636 0.0 0.0 0.0 
-0.00070493476 0.0022633045 0.019279197 0.11213339 
-0.0010950346 0.0 0.0 0.0 
-3.1559463e-07 0.0 0.0 0.0 
-0.0010816505 0.0 0.0 0.0 
-0.0016000096 0.0 0.0 0.0 
0.00027689303 0.0 0.0 0.0 
0.0018476602 0.0 0.0 0.0 
-0.0020478352 0.0 0.0 0.0 
0.00026752206 0.0 0.0 0.0 
-0.00059899234 0.0 0.0 0.0 
0.002107368 0.0 0.0 0.0 
0.0023115766 0.0047856374 0.025268797 -0.32657197 
-0.0009730422 0.0 0.0 0.0 
-0.00051225844 0.0 0.0 0.0 
0.0034369132 0.0 0.0 0.0 
0.0040400326 0.0 0.0 0.0 
0.0014393349 0.0 0.0 0.0 
-0.0013912485 0.0 0.0 0.0 
0.0035803244 0.0 0.0 0.0 
0.0033414664 0.0 0.0 0.0 
-0.002151683 0.0 0.0 0.0 
0.002506111 0.0 0.0 0.0 
0.0027307873 -0.00021007122 0.008904718 0.016375212 
-0.00027851193 0.0 0.0 0.0 
0.002205736 0.0 0.0 0.0 
-0.0014202449 0.0 0.0 0.0 
-0.0029584093 0.0 0.0 0.0 
0.0021411218 0.0 0.0 0.0 
-0.00013593255 0.0 0.0 0.0 
-0.002224987 0.0 0.0 0.0 
0.0025247184 0.0 0.0 0.0 
0.0042841467 0.0 0.0 0.0 
0.0048113726 0.0 0.0 0.0 
0.0031381203 -0.008250055 0.06348358 -0.094635054 
-0.00033129373 0.0 0.0 0.0 
-0.002190473 0.0 0.0 0.0 
0.0002944976 0.0 0.0 0.0 
0.0006265548 0.0 0.0 0.0 
-0.0017176596 0.0 0.0 0.0 
-0.0023782344 0.0 0.0 0.0 
0.00024774636 0.0 0.0 0.0 
-0.0011236629 0.0 0.0 0.0 
0.001376094 0.0 0.0 0.0 
0.009172828 0.0 0.0 0.0 
0.002548923 0.0010171533 0.0020895302 -0.22670314 
0.00016442384 0.0 0.0 0.0 
-0.0009704946 0.0 0.0 0.0 
0.0037085782 0.0 0.0 0.0 
-0.0010476675 0.0 0.0 0.0 
0.005499604 0.0 0.0 0.0 
0.003604871 0.0 0.0 0.0 
-0.0020329177 0.0 0.0 0.0 
-0.0019527461 0.0 0.0 0.0 
-0.0009406811 0.0 0.0 0.0 
-0.0002285448 0.0 0.0 0.0 
-0.00085170567 0.007377043 -0.003161828 -0.0476773 
-0.0009317365 0.0 0.0 0.0 
0.0016684269 0.0 0.0 0.0 
0.00043568294 0.0 0.0 0.0 
-0.00085945043 0.0 0.0 0.0 
-0.0012948296 0.0 0.0 0.0 
-0.0010984186 0.0 0.0 0.0 
-0.0027976846 0.0 0.0 0.0 
-0.0047748294 0.0 0.0 0.0 
0.0033426182 0.0 0.0 0.0 
-7.5538887e-06 0.0 0.0 0.0 
0.003379139 -0.0036867897 0.0036162147 0.014766853 
-0.00010230712 0.0 0.0 0.0 
0.004678023 0.0 0.0 0.0 
0.0037250489 0.0 0.0 0.0 
-0.0024479828 0.0 0.0 0.0 
-0.0021854867 0.0 0.0 0.0 
-0.00014953851 0.0 0.0 0.0 
0.00063422765 0.0 0.0 0.0 
0.000850971 0.0 0.0 0.0 
-0.0012507825 0.0 0.0 0.0 
0.0010396031 0.0 0.0 0.0 
-0.005023022 0.0034037493 0.0005608257 0.017914088 
0.0019762302 0.0 0.0 0.0 
0.0028557444 0.0 0.0 0.0 
-0.0006472424 0.0 0.0 0.0 
0.0013156233 0.0 0.0 0.0 
-0.00038510948 0.0 0.0 0.0 
-0.0016112212 0.0 0.0 0.0 
-0.0024898974 0.0 0.0 0.0 
-4.9639693e-05 0.0 0.0 0.0 
0.002213383 0.0 0.0 0.0 
-0.0020630544 0.0 0.0 0.0 
0.0023003214 -0.00032988313 0.006486532 -0.0669509 
0.00082458684 0.0 0.0 0.0 
-0.0004475289 0.0 0.0 0.0 
-0.00069029426 0.0 0.0 0.0 
0.0021946381 0.0 0.0 0.0 
0.0022701728 0.0 0.0 0.0 
-7.144418e-05 0.0 0.0 0.0 
0.0029942545 0.0 0.0 0.0 
-0.00067770795 0.0 0.0 0.0 
0.0016804499 0.0 0.0 0.0 
-0.002533197 0.0 0.0 0.0 
0.00073401275 0.0019070288 -0.010256475 -0.08911009 
-4.1066756e-05 0.00040610088 -0.0039087064 -0.0068091154 
-0.004308071 0.0 0.0 0.0 
-0.0026656224 0.0 0.0 0.0 
0.00087179977 0.0 0.0 0.0 
0.0027635724 0.0 0.0 0.0 
-0.00097401644 0.0 0.0 0.0 
-5.5845252e-05 0.0 0.0 0.0 
-0.0010119773 0.0 0.0 0.0 
-0.0030567816 0.0 0.0 0.0 
0.004461891 0.0 0.0 0.0 
0.0030766802 0.0 0.0 0.0 
0.00059263106 0.0018263747 -0.0019072508 0.01755583 
-0.00073521835 0.0 0.0 0.0 
-0.0016870191 0.0 0.0 0.0 
-2.829138e-05 0.0 0.0 0.0 
0.0038869346 0.0 0.0 0.0 
-0.0039636157 0.0 0.0 0.0 
-0.000884871 0.0 0.0 0.0 
0.0010260977 0.0 0.0 0.0 
-0.005472316 0.0 0.0 0.0 
-0.0034883746 0.0 0.0 0.0 
-0.0039935964 0.0 0.0 0.0 
-0.00010755989 -0.007659198 -0.026009878 0.16268682 
-0.0019632035 0.0 0.0 0.0 
-0.002526472 0.0 0.0 0.0 
0.005049617 0.0 0.0 0.0 
0.0018676859 0.0 0.0 0.0 
-0.00075434084 0.0 0.0 0.0 
-0.00078467536 0.0 0.0 0.0 
0.00082402525 0.0 0.0 0.0 
-0.004396397 0.0 0.0 0.0 
0.0006418109 0.0 0.0 0.0 
-0.0055196323 0.0 0.0 0.0 
0.00031065178 0.003392222 0.033838347 -0.0076720268 
-0.00039590028 0.0 0.0 0.0 
0.00081690995 0.0 0.0 0.0 
-0.0025253824 0.0 0.0 0.0 
-0.0004734506 0.0 0.0 0.0 
0.00020901306 0.0 0.0 0.0 
-0.0017434971 0.0 0.0 0.0 
0.0042801294 0.0 0.0 0.0 
0.0025078694 0.0 0.0 0.0 
0.00031487813 0.0 0.0 0.0 
-0.0029025322 0.0 0.0 0.0 
-0.004095544 -0.0012512095 0.110474944 0.0944159 
-0.0020234904 0.0 0.0 0.0 
-0.0021648358 0.0 0.0 0.0 
0.00035589378 0.0 0.0 0.0 
-0.0009921829 0.0 0.0 0.0 
0.004713434 0.0 0.0 0.0 
0.0014871295 0.0 0.0 0.0 
0.0038358872 0.0 0.0 0.0 
0.0021754254 0.0 0.0 0.0 
-1.601893e-05 0.0 0.0 0.0 
0.002135431 0.0 0.0 0.0 
-0.002745689 -0.007252031 0.04132049 0.041616 
-0.0008995864 0.0 0.0 0.0 
-0.0014175316 0.0 0.0 0.0 
-0.0003844247 0.0 0.0 0.0 
0.00075909926 0.0 0.0 0.0 
-0.0036672947 0.0 0.0 0.0 
-0.0006455396 0.0 0.0 0.0 
0.0015172242 0.0 0.0 0.0 
-0.003272001 0.0 0.0 0.0 
-0.0032089 0.0 0.0 0.0 
-0.0043914253 0.0 0.0 0.0 
0.001775589 -0.00027171036 0.018253429 0.013373759 
0.003715197 0.0 0.0 0.0 
0.0023759764 0.0 0.0 0.0 
0.0058711744 0.0 0.0 0.0 
0.0032855105 0.0 0.0 0.0 
-0.002424144 0.0 0.0 0.0 
-0.0019341293 0.0 0.0 0.0 
-0.0006074182 0.0 0.0 0.0 
-0.0007386421 0.0 0.0 0.0 
0.0007222437 0.0 0.0 0.0 
0.00013679481 0.0 0.0 0.0 
-0.0005442374 -0.0034210212 0.0022302996 0.039105393 
-0.0004519423 0.0 0.0 0.0 
-0.0015693686 0.0 0.0 0.0 
0.0007602266 0.0 0.0 0.0 
-0.0009516944 0.0 0.0 0.0 
-0.0015747679 0.0 0.0 0.0 
0.0016055377 0.0 0.0 0.0 
-0.0056846878 0.0 0.0 0.0 
0.00081392087 0.0 0.0 0.0 
-0.0036401614 0.0 0.0 0.0 
-0.0031786535 0.0 0.0 0.0 
-0.0037963972 0.0015118663 -0.0059147854 -0.026788872 
0.0008749615 0.0 0.0 0.0 
0.0008995409 0.0 0.0 0.0 
-0.0011860274 0.0 0.0 0.0 
0.0006763935 0.0 0.0 0.0 
-0.0001491078 0.0 0.0 0.0 
0.0008108088 0.0 0.0 0.0 
-0.0009048656 0.0 0.0 0.0 
-0.00042817777 0.0 0.0 0.0 
0.0012846831 0.0 0.0 0.0 
-0.0005829142 0.0 0.0 0.0 
0.0035803744 0.00038604997 0.012063565 -0.0595076 
-1.7001115e-05 0.0 0.0 0.0 
-0.00087664515 0.0 0.0 0.0 
0.00014614314 0.0 0.0 0.0 
0.0009543173 0.0 0.0 0.0 
-0.0005752753 0.0 0.0 0.0 
0.00188189 0.0 0.0 0.0 
0.0006971647 0.0 0.0 0.0 
-0.004560708 0.0 0.0 0.0 
-0.0042930585 0.0 0.0 0.0 
0.002888359 0.0 0.0 0.0 
-0.00073048123 8.0654165e-05 -0.0031693224 -0.089525454 
-0.0020089028 0.0015118663 -0.006755776 -0.021920267 
-0.00073977764 0.0 0.0 0.0 
-0.0013507402 0.0 0.0 0.0 
0.0018416919 0.0 0.0 0.0 
-0.0028174797 0.0 0.0 0.0 
-0.0003075692 0.0 0.0 0.0 
-0.0018189579 0.0 0.0 0.0 
0.0030883655 0.0 0.0 0.0 
-0.00021429548 0.0 0.0 0.0 
0.000731841 0.0 0.0 0.0 
0.00049660756 0.0 0.0 0.0 
-0.0017474744 0.0015118663 -0.0050083026 -0.021920266 
-0.0021102459 0.0 0.0 0.0 
0.0046194657 0.0 0.0 0.0 
0.004058376 0.0 0.0 0.0 
-0.00541831 0.0 0.0 0.0 
0.0025326663 0.0 0.0 0.0 
0.0017593238 0.0 0.0 0.0 
0.00030505544 0.0 0.0 0.0 
-0.0006256872 0.0 0.0 0.0 
0.0051230267 0.0 0.0 0.0 
-0.0014344068 0.0 0.0 0.0 
-0.0035028434 0.0015118663 -0.0015054592 -0.021920267 
-0.0039899927 0.0 0.0 0.0 
-0.0027850564 0.0 0.0 0.0 
-0.0015479511 0.0 0.0 0.0 
-0.00076476875 0.0 0.0 0.0 
0.0037200009 0.0 0.0 0.0 
-0.0010847452 0.0 0.0 0.0 
-0.0021446743 0.0 0.0 0.0 
0.0032171356 0.0 0.0 0.0 
0.0010480486 0.0 0.0 0.0 
0.0011706777 0.0 0.0 0.0 
-0.0011846037 0.0015118663 -0.00032085367 -0.021920264 
0.0024942304 0.0 0.0 0.0 
-0.0032661937 0.0 0.0 0.0 
0.0007708172 0.0 0.0 0.0 
-0.00080842635 0.0 0.0 0.0 
0.0023482663 0.0 0.0 0.0 
0.0033529196 0.0 0.0 0.0 
0.0038226654 0.0 0.0 0.0 
0.003202999 0.0 0.0 0.0 
-0.00019476561 0.0 0.0 0.0 
0.0021879126 0.0 0.0 0.0 
-0.0003314597 -0.0010646009 0.042036124 0.062913895 
-5.9328922e-05 0.0 0.0 0.0 
-0.0019335045 0.0 0.0 0.0 
0.0017904408 0.0 0.0 0.0 
0.0009014341 0.0 0.0 0.0 
-0.0009963159 0.0 0.0 0.0 
-0.0067762653 0.0 0.0 0.0 
0.0055214525 0.0 0.0 0.0 
0.0011542583 0.0 0.0 0.0 
0.00076766656 0.0 0.0 0.0 
-0.0029957015 0.0 0.0 0.0 
0.0009598849 -0.005029211 -0.00050861575 0.20681518 
0.0024696854 0.0 0.0 0.0 
0.0028297466 0.0 0.0 0.0 
0.0046222066 0.0 0.0 0.0 
-0.003068162 0.0 0.0 0.0 
-0.0042599197 0.0 0.0 0.0 
-0.005037658 0.0 0.0 0.0 
0.000260377 0.0 0.0 0.0 
0.0017259902 0.0 0.0 0.0 
-0.00036267727 0.0 0.0 0.0 
-0.00078347884 0.0 0.0 0.0 
0.0020760426 -0.0027589942 0.0012783203 0.040144872 
-0.001642218 0.0 0.0 0.0 
0.001181655 0.0 0.0 0.0 
-0.0021490986 0.0 0.0 0.0 
0.0019302481 0.0 0.0 0.0 
0.0013925931 0.0 0.0 0.0 
0.002092615 0.0 0.0 0.0 
0.0011616624 0.0 0.0 0.0 
-0.0043202303 0.0 0.0 0.0 
7.8928766e-05 0.0 0.0 0.0 
-0.004092955 0.0 0.0 0.0 
0.003534268 -0.006895587 -0.005203452 -0.036630407 
0.0010682407 0.0 0.0 0.0 
-0.00042507032 0.0 0.0 0.0 
-0.0013780077 0.0 0.0 0.0 
0.0016929924 0.0 0.0 0.0 
0.0008987614 0.0 0.0 0.0 
-0.002359782 0.0 0.0 0.0 
-0.00078823004 0.0 0.0 0.0 
-0.0015458413 0.0 0.0 0.0 
-0.005037346 0.0 0.0 0.0 
-0.0029986526 0.0 0.0 0.0 
-0.00030878236 0.0013123238 0.026274484 -0.11019115 
0.0033722816 0.0 0.0 0.0 
-0.0011294339 0.0 0.0 0.0 
-3.289973e-05 0.0 0.0 0.0 
-0.0019717116 0.0 0.0 0.0 
0.00017740972 0.0 0.0 0.0 
-0.003305805 0.0 0.0 0.0 
-0.0058137444 0.0 0.0 0.0 
0.0016706663 0.0 0.0 0.0 
-4.723722e-05 0.0 0.0 0.0 
-0.0011109787 0.0 0.0 0.0 
-0.0019623209 0.00030536795 -0.002658783 -0.019608708 
-0.0017676199 0.0 0.0 0.0 
-0.0032027112 0.0 0.0 0.0 
0.0041241203 0.0 0.0 0.0 
-0.0027220503 0.0 0.0 0.0 
-0.00481766 0.0 0.0 0.0 
-0.0008674109 0.0 0.0 0.0 
0.0050243754 0.0 0.0 0.0 
0.0073573696 0.0 0.0 0.0 
-0.0011753961 0.0 0.0 0.0 
-0.0012397701 0.0 0.0 0.0 
-0.0037695167 0.0015118663 0.00024585333 -0.010936344 
-0.0006407531 0.0017055059 -0.0065368423 0.04171767 
-0.0020028304 0.0 0.0 0.0 
-0.0006823092 0.0 0.0 0.0 
-0.0034807764 0.0 0.0 0.0 
-0.0011944978 0.0 0.0 0.0 
0.0008958468 0.0 0.0 0.0 
0.00063444773 0.0 0.0 0.0 
-0.0028481958 0.0 0.0 0.0 
0.0002805392 0.0 0.0 0.0 
-0.002229557 0.0 0.0 0.0 
0.0029471645 0.0 0.0 0.0 
-0.0013784843 0.0010859031 -0.010791473 0.10059994 
0.0043010595 0.0 0.0 0.0 
-0.0043503433 0.0 0.0 0.0 
-0.0033469298 0.0 0.0 0.0 
0.0013163239 0.0 0.0 0.0 
0.0012157267 0.0 0.0 0.0 
-4.796014e-05 0.0 0.0 0.0 
-0.001852555 0.0 0.0 0.0 
0.001460679 0.0 0.0 0.0 
0.0007811592 0.0 0.0 0.0 
0.0043881717 0.0 0.0 0.0 
-0.0013513888 -0.0013784843 0.002437292 -0.010791471 
-0.00062941504 0.0 0.0 0.0 
0.004462596 0.0 0.0 0.0 
-0.001756704 0.0 0.0 0.0 
0.0022641297 0.0 0.0 0.0 
-0.0017000944 0.0 0.0 0.0 
0.0005596342 0.0 0.0 0.0 
-0.00063981896 0.0 0.0 0.0 
0.00075447845 0.0 0.0 0.0 
-0.002937348 0.0 0.0 0.0 
-0.000790772 0.0 0.0 0.0 
0.005085034 0.0030417384 -0.0131153045 0.0559237 
-0.0019245048 0.0 0.0 0.0 
-6.3144944e-05 0.0 0.0 0.0 
0.0045299046 0.0 0.0 0.0 
-0.0012279669 0.0 0.0 0.0 
8.585782e-05 0.0 0.0 0.0 
0.004117495 0.0 0.0 0.0 
-0.0011786706 0.0 0.0 0.0 
-0.00024340421 0.0 0.0 0.0 
0.0028655734 0.0 0.0 0.0 
-0.000159286 0.0 0.0 0.0 
0.0012201436 0.0039923093 0.036642812 0.08594908 
0.0031708642 0.0 0.0 0.0 
-0.005414272 0.0 0.0 0.0 
0.0019271643 0.0 0.0 0.0 
-0.0022561026 0.0 0.0 0.0 
0.00039867402 0.0 0.0 0.0 
-0.00029797465 0.0 0.0 0.0 
0.0005635646 0.0 0.0 0.0 
-0.00096007023 0.0 0.0 0.0 
0.001677889 0.0 0.0 0.0 
0.0009689624 0.0 0.0 0.0 
-0.0037104227 8.0654165e-05 0.0097277835 -0.07307716 
0.00054277567 0.0 0.0 0.0 
-0.00423983 0.0 0.0 0.0 
0.002334817 0.0 0.0 0.0 
-0.0050775507 0.0 0.0 0.0 
0.001394052 0.0 0.0 0.0 
-0.0016909742 0.0 0.0 0.0 
0.0062342426 0.0 0.0 0.0 
-0.0024417846 0.0 0.0 0.0 
0.001733144 0.0 0.0 0.0 
-0.0028527065 0.0 0.0 0.0 
0.0004345852 -0.0011930934 0.036845185 -0.24051824 
-0.0004510241 0.0 0.0 0.0 
-0.0037796225 0.0 0.0 0.0 
-0.004232957 0.0 0.0 0.0 
-0.00014125621 0.0 0.0 0.0 
-0.0054895543 0.0 0.0 0.0 
-0.0021454203 0.0 0.0 0.0 
0.0012593146 0.0 0.0 0.0 
-0.00094598497 0.0 0.0 0.0 
0.0003218332 0.0 0.0 0.0 
0.004259029 0.0 0.0 0.0 
-0.0028765227 -0.0014312122 0.008213448 -0.06557109 
-0.0007865488 0.0 0.0 0.0 
-0.0018456461 0.0 0.0 0.0 
-0.0032031753 0.0 0.0 0.0 
-0.0054546283 0.0 0.0 0.0 
0.00075093313 0.0 0.0 0.0 
-0.00432379 0.0 0.0 0.0 
-0.0016299244 0.0 0.0 0.0 
0.0017682808 0.0 0.0 0.0 
-0.001592771 0.0 0.0 0.0 
0.0010018261 0.0 0.0 0.0 
-0.0012836432 -0.0039092503 0.09357116 -0.21537727 
-0.005983676 0.0 0.0 0.0 
0.002823278 0.0 0.0 0.0 
0.003712985 0.0 0.0 0.0 
-0.0032585033 0.0 0.0 0.0 
-0.004407044 0.0 0.0 0.0 
0.008145831 0.0 0.0 0.0 
0.0031058628 0.0 0.0 0.0 
-0.0002900695 0.0 0.0 0.0 
-0.0016802441 0.0 0.0 0.0 
-3.2369328e-05 0.0 0.0 0.0 
0.0004584179 -0.0014312122 0.009038672 -0.06555465 
-0.00059459644 0.0 0.0 0.0 
-0.004359841 0.0 0.0 0.0 
0.005774381 0.0 0.0 0.0 
-0.003163677 0.0 0.0 0.0 
0.0024787239 0.0 0.0 0.0 
-0.006237118 0.0 0.0 0.0 
0.002561352 0.0 0.0 0.0 
-0.0036586954 0.0 0.0 0.0 
-0.002569754 0.0 0.0 0.0 
0.0010773207 0.0 0.0 0.0 
0.0041401405 0.0015118663 -0.00018386357 -0.010936344 
0.0009020586 0.000934826 -0.015832447 0.013161844 
-0.0022118853 0.0 0.0 0.0 
-0.0012030498 0.0 0.0 0.0 
-0.0026958103 0.0 0.0 0.0 
0.0046777087 0.0 0.0 0.0 
-0.0009795091 0.0 0.0 0.0 
-0.0023354234 0.0 0.0 0.0 
-0.002546704 0.0 0.0 0.0 
0.003217183 0.0 0.0 0.0 
0.0012530463 0.0 0.0 0.0 
-0.0007333931 0.0 0.0 0.0 
0.00021280347 0.000934826 -0.01604525 0.013161843 
-0.00085097045 0.0 0.0 0.0 
-0.003012175 0.0 0.0 0.0 
-0.0015311468 0.0 0.0 0.0 
-0.0006785716 0.0 0.0 0.0 
0.003310507 0.0 0.0 0.0 
0.0026520127 0.0 0.0 0.0 
-0.0009767733 0.0 0.0 0.0 
-0.0029547294 0.0 0.0 0.0 
0.004314958 0.0 0.0 0.0 
-0.0016575803 0.0 0.0 0.0 
-0.0022329884 0.006067996 0.058840588 0.105435275 
-0.0022651707 0.0 0.0 0.0 
0.0022190728 0.0 0.0 0.0 
-0.0016745849 0.0 0.0 0.0 
0.00021155537 0.0 0.0 0.0 
0.0025745684 0.0 0.0 0.0 
-0.0007103488 0.0 0.0 0.0 
-0.0010810789 0.0 0.0 0.0 
0.005958157 0.0 0.0 0.0 
0.0007352861 0.0 0.0 0.0 
-0.0017849895 0.0 0.0 0.0 
0.0058962847 -0.0046233693 0.024324765 -0.17789412 
0.0010842767 0.0 0.0 0.0 
0.004118114 0.0 0.0 0.0 
0.0013029687 0.0 0.0 0.0 
-0.0010038433 0.0 0.0 0.0 
-0.00014775437 0.0 0.0 0.0 
-0.004248139 0.0 0.0 0.0 
-0.0014263764 0.0 0.0 0.0 
0.0041303965 0.0 0.0 0.0 
-0.002784963 0.0 0.0 0.0 
0.0059131784 0.0 0.0 0.0 
-0.0024229689 -0.0071717715 0.04341823 0.17192946 
-0.00035063474 0.0 0.0 0.0 
0.0040264525 0.0 0.0 0.0 
0.00072241353 0.0 0.0 0.0 
-0.0029562954 0.0 0.0 0.0 
-0.003519875 0.0 0.0 0.0 
0.0014851909 0.0 0.0 0.0 
0.0019482855 0.0 0.0 0.0 
0.00076599914 0.0 0.0 0.0 
-0.00013330593 0.0 0.0 0.0 
-0.0010041134 0.0 0.0 0.0 
0.0037808418 0.007756033 0.16456157 -0.264082 
0.00066017016 0.0 0.0 0.0 
0.0006533104 0.0 0.0 0.0 
0.0026589648 0.0 0.0 0.0 
-0.003184938 0.0 0.0 0.0 
0.00012604667 0.0 0.0 0.0 
0.0026350385 0.0 0.0 0.0 
-0.00036024777 0.0 0.0 0.0 
0.0022742962 0.0 0.0 0.0 
0.005901315 0.0 0.0 0.0 
-0.0026842873 0.0 0.0 0.0 
6.45205e-06 0.007245536 -0.109905735 0.8931468 
-0.00198492 0.0 0.0 0.0 
0.0026231555 0.0 0.0 0.0 
-0.0028117318 0.0 0.0 0.0 
-0.0002761279 0.0 0.0 0.0 
0.002225211 0.0 0.0 0.0 
0.0022352526 0.0 0.0 0.0 
0.0035272539 0.0 0.0 0.0 
0.0032525742 0.0 0.0 0.0 
0.0049540596 0.0 0.0 0.0 
0.0021228108 0.0 0.0 0.0 
0.0016057676 -0.0034551932 0.0665355 -0.15844265 
-0.0045742183 0.0 0.0 0.0 
-0.0026691847 0.0 0.0 0.0 
0.0015945422 0.0 0.0 0.0 
-0.001917981 0.0 0.0 0.0 
0.0038532552 0.0 0.0 0.0 
-6.318134e-05 0.0 0.0 0.0 
0.0038705936 0.0 0.0 0.0 
0.00038033948 0.0 0.0 0.0 
0.00031040498 0.0 0.0 0.0 
-0.0006788828 0.0 0.0 0.0 
-0.0011644755 0.0012201436 0.0069616362 0.034200173 
-0.0005703733 0.0 0.0 0.0 
5.828583e-06 0.0 0.0 0.0 
-0.004892679 0.0 0.0 0.0 
-0.0025493833 0.0 0.0 0.0 
-0.0016863152 0.0 0.0 0.0 
0.0028516012 0.0 0.0 0.0 
-0.0020532452 0.0 0.0 0.0 
0.003539188 0.0 0.0 0.0 
-0.00046580992 0.0 0.0 0.0 
0.0016651907 0.0 0.0 0.0 
0.0004083467 -0.0008219774 0.00876708 0.033820115 
0.0018408393 0.0 0.0 0.0 
-0.0011633534 0.0 0.0 0.0 
0.004113838 0.0 0.0 0.0 
0.0042507076 0.0 0.0 0.0 
-0.0028715609 0.0 0.0 0.0 
0.0023389403 0.0 0.0 0.0 
-0.0006250293 0.0 0.0 0.0 
-0.00020787027 0.0 0.0 0.0 
0.0002238698 0.0 0.0 0.0 
-0.00380366 0.0 0.0 0.0 
0.0009291054 0.0011819832 -0.0044142115 -0.08986791 
0.0028406316 -0.0059415344 0.008014692 -0.05170337 
0.0041962718 0.0 0.0 0.0 
-0.0025163179 0.0 0.0 0.0 
-0.00026832306 0.0 0.0 0.0 
0.0042703934 0.0 0.0 0.0 
0.0018195988 0.0 0.0 0.0 
-0.0021022854 0.0 0.0 0.0 
0.0023117182 0.0 0.0 0.0 
6.60381e-06 0.0 0.0 0.0 
-0.0005012698 0.0 0.0 0.0 
-0.0005829981 0.0 0.0 0.0 
0.00080345914 0.005334007 -0.0047640135 0.030402258 
0.0032034651 0.0 0.0 0.0 
0.0007174202 0.0 0.0 0.0 
-0.0018609494 0.0 0.0 0.0 
0.0015021389 0.0 0.0 0.0 
0.006224323 0.0 0.0 0.0 
0.00068220764 0.0 0.0 0.0 
-0.0010532105 0.0 0.0 0.0 
-0.0019916159 0.0 0.0 0.0 
-0.0024742305 0.0 0.0 0.0 
-0.0013780124 0.0 0.0 0.0 
-0.006926001 0.0054013324 0.002913551 0.0071333796 
-0.00020374519 0.0 0.0 0.0 
0.0025379532 0.0 0.0 0.0 
0.00046439524 0.0 0.0 0.0 
-0.0032571068 0.0 0.0 0.0 
0.0022038983 0.0 0.0 0.0 
-0.0020679885 0.0 0.0 0.0 
0.0039480035 0.0 0.0 0.0 
-0.0015669825 0.0 0.0 0.0 
-0.0020549283 0.0 0.0 0.0 
-0.0010309586 0.0 0.0 0.0 
-0.0023250417 -0.0013930023 -0.00061181746 0.011758373 
0.0015254412 0.0 0.0 0.0 
-0.0040195766 0.0 0.0 0.0 
-3.949176e-05 0.0 0.0 0.0 
-0.0010819851 0.0 0.0 0.0 
-0.0042694444 0.0 0.0 0.0 
0.0016433536 0.0 0.0 0.0 
-0.0033673125 0.0 0.0 0.0 
0.004344519 0.0 0.0 0.0 
0.0028816604 0.0 0.0 0.0 
-0.005161415 0.0 0.0 0.0 
-0.0013930023 -0.0077674384 0.010688245 0.031241894 
-0.0020042064 0.0 0.0 0.0 
0.003425296 0.0 0.0 0.0 
-0.0034453326 0.0 0.0 0.0 
0.0020293007 0.0 0.0 0.0 
-0.0018927593 0.0 0.0 0.0 
0.001895664 0.0 0.0 0.0 
-0.0018877761 0.0 0.0 0.0 
0.0011696361 0.0 0.0 0.0 
-0.0019902652 0.0 0.0 0.0 
0.0006798341 0.0 0.0 0.0 
-0.000662027 -0.011325713 0.013460701 -0.04213074 
-0.0022964987 0.0 0.0 0.0 
-0.0026451962 0.0 0.0 0.0 
-0.0032260197 0.0 0.0 0.0 
0.0010749162 0.0 0.0 0.0 
-0.002313953 0.0 0.0 0.0 
0.0005996555 0.0 0.0 0.0 
0.0011664256 0.0 0.0 0.0 
-0.004233627 0.0 0.0 0.0 
-0.0030429203 0.0 0.0 0.0 
-0.00017922175 0.0 0.0 0.0 
7.475629e-05 -0.00420632 0.004407407 -0.07039274 
0.003480801 0.0 0.0 0.0 
0.0060683475 0.0 0.0 0.0 
-0.0014167286 0.0 0.0 0.0 
-0.00064743386 0.0 0.0 0.0 
-0.0011897815 0.0 0.0 0.0 
-0.0030499678 0.0 0.0 0.0 
-0.0033678664 0.0 0.0 0.0 
-0.0016796128 0.0 0.0 0.0 
0.000119408905 0.0 0.0 0.0 
-0.0015714221 0.0 0.0 0.0 
-0.0021130806 7.475629e-05 -0.0014312122 0.0030992306 
0.0006120878 0.0 0.0 0.0 
0.002927361 0.0 0.0 0.0 
0.005241258 0.0 0.0 0.0 
-0.0040288772 0.0 0.0 0.0 
-0.005474543 0.0 0.0 0.0 
-0.00026467477 0.0 0.0 0.0 
0.0023715913 0.0 0.0 0.0 
0.0004075833 0.0 0.0 0.0 
0.00017713275 0.0 0.0 0.0 
-1.3283946e-05 0.0 0.0 0.0 
0.00068287225 -0.0050763017 0.031225543 -0.21035302 
0.0014968512 0.0 0.0 0.0 
0.0008483886 0.0 0.0 0.0 
0.0028103113 0.0 0.0 0.0 
-0.0023283956 0.0 0.0 0.0 
0.0023593558 0.0 0.0 0.0 
0.006294823 0.0 0.0 0.0 
-0.00081125554 0.0 0.0 0.0 
-0.00043876466 0.0 0.0 0.0 
-0.0020277116 0.0 0.0 0.0 
-0.0023581681 0.0 0.0 0.0 
0.00065654994 0.00028702104 0.020931289 0.32521698 
-0.0018497135 0.0 0.0 0.0 
0.0016148385 0.0 0.0 0.0 
0.0052836263 0.0 0.0 0.0 
-0.003053725 0.0 0.0 0.0 
0.00047518942 0.0 0.0 0.0 
0.0017170788 0.0 0.0 0.0 
0.002572745 0.0 0.0 0.0 
-0.0036468578 0.0 0.0 0.0 
0.001186131 0.0 0.0 0.0 
-0.0005726593 0.0 0.0 0.0 
-0.00032988313 0.011426823 -0.07471651 0.703146 
-0.00043400953 -0.009251768 0.019540949 -0.10652406 
0.0054711318 0.01890599 -0.0222921 0.5163399 
-0.0002544468 -0.004616917 0.023318395 -0.2077432 
-0.0013721394 0.009737353 -0.019786792 0.12949131 
0.0025607008 0.0021848693 0.011163453 0.14926508 
-0.000940349 -0.0015348434 -0.0030160574 0.08458334 
-0.00070164824 6.45205e-06 0.0023231497 -0.0408285 
0.002567073 6.45205e-06 -0.0002439227 -0.040828496 
-0.003941331 0.0023422646 0.009181608 -0.03740539 
0.0025599215 0.0019475567 -0.033996318 0.07694548 
-0.00010007431 -0.0044621243 -0.0011729943 -0.019036457 
0.0017764154 -0.003180929 0.0097283665 -0.1998927 
-0.002737664 6.45205e-06 0.0038751494 -0.04994245 
-0.0012358015 0.0039208666 0.0034023141 -0.037996974 
0.00050881243 -0.0015811345 -0.003181409 0.01698757 
-0.001881689 6.45205e-06 0.0071514393 -0.0467272 
-0.00013953005 -0.00887632 0.02700483 0.13628972 
0.0008156769 -0.0011170952 -0.011756249 0.028413737 
-0.0050334777 0.0025607008 0.0077204583 0.0035724957 
-0.002114261 0.0025607008 0.009834719 0.0035724947 
-0.00019019855 -0.0048370315 -0.0041745193 0.057248823 
0.0008475077 0.014629489 0.01173804 0.45309287 
-0.0019900405 0.00080404885 0.00017783046 -0.013683522 
-0.0006036811 -0.0006322358 0.020774482 -0.109488495 
-0.0008469615 -0.00045889476 -0.0043605566 0.27665162 
-0.0018617507 -0.010495076 0.120064095 0.30564258 
0.003429363 -0.0008469615 -0.00247003 -0.0034921514 
-0.0027093673 -0.0041094567 0.003241511 0.36317673 
-0.0005629059 -0.010990964 0.030486634 -0.08713762 
-0.0019805173 8.710625e-05 0.00380312 -0.116119295 
-0.00072171615 6.45205e-06 0.0040162983 -0.041680284 
-0.0021821503 6.45205e-06 0.008178968 -0.041760936 
-0.002620591 0.00050475553 0.00965852 -0.03600864 
-0.003647878 0.0021986132 -0.0021379273 -0.09926198 
0.003319562 0.012616005 -0.005481355 -0.06423295 
0.002077237 -0.00707611 0.03742996 -0.059634835 
0.0055008554 -0.0061707105 -0.021589302 0.10383314 
-0.0038824156 0.005111351 0.017712403 -0.10954406 
0.0008083619 0.0027940436 -0.0020302937 0.03543391 
0.0039754105 -0.0038824156 0.0 0.0 
-0.00066262385 0.0018328268 0.015711326 -0.02497997 
0.0005983437 -0.0043509193 -0.01816108 0.0773436 
-0.0024904523 0.0007498374 0.036486443 0.33114356 
0.004947495 -0.003588189 0.0 0.0 
-0.0004136976 -0.0024797902 -0.017712135 0.09167802 
-0.003588189 0.004947495 0.0 0.0 
0.0007164738 0.0013362325 -0.004238409 0.0119309705 
-0.0008923889 0.000489271 -0.0018599397 0.0057553425 
0.0005914543 -0.0005158596 0.08106679 -0.14754593 
0.0038536317 -0.0031163301 -0.009669773 0.06735734 
-0.00071072986 0.00041699212 0.003166607 -0.018163718 
0.0026799832 0.01144257 0.040620975 0.14676449 
0.00019148899 0.0034290107 0.008460876 -0.04200168 
0.00041499684 -0.004095544 -0.011564849 0.07713886 
0.0022642284 0.0024889905 0.012919944 0.19130427 
-0.00042168502 0.0015118663 -0.003219087 -0.020618595 
0.00066905946 -0.004095544 -0.012233907 0.07713886 
0.0030006424 -0.004765269 -0.026918914 0.08481805 
0.0026867334 0.010134894 0.02895904 -0.0268622 
-0.00031505965 -0.002042121 0.0057724193 -0.03213125 
0.00042101098 0.0015118663 -0.003640098 -0.0206186 
-0.0009177978 0.0054711318 0.003921314 -0.009870429 
-0.000875917 -0.0008469615 0.0011851463 0.000379432 
-0.0014719972 -0.0074036364 -0.015587238 0.08068566 
-0.003308092 -0.0026539313 0.020463856 -0.030762004 
0.00017597209 0.0007556651 -0.016572978 0.053399194 
-0.00097236654 -0.0012471054 -0.0032808357 -0.026923837 
0.0028943054 -0.0014312122 0.0040095747 -0.051352326 
-0.0006502047 -0.00076630735 0.0038061708 -0.07973908 
0.0030397098 0.00033076247 0.011680504 0.09062707 
-0.0008640415 -0.00029993994 0.0086298715 -0.008338993 
-0.0017604282 -0.008233705 -0.029091706 0.46712393 
-0.0011063732 0.00030536795 -0.0009926585 -0.018655328 
0.0043779337 -0.011458753 0.051148877 -0.15198956 
-0.0034861283 -0.0021438058 -0.002081179 0.06866422 
-0.004944374 -0.0027103755 -0.0026663174 0.01890892 
0.0021170564 0.00659378 -0.008125149 -0.0014450178 
-0.00025537514 -0.0023341174 0.0064893914 -0.001870309 
0.0022158464 -0.0019217501 -0.01273039 0.04249765 
-0.002863783 0.0043779337 -0.0014679325 0.017855061 
-0.0024958174 0.0013723363 -0.009777663 0.019713197 
-0.0020042758 0.0049374513 0.02075874 0.4162592 
0.004834364 0.004050278 -0.00073020614 -0.0068465886 
0.001975874 -0.005800214 0.027167264 -0.12934649 
-0.0042605265 0.0029163784 -0.0087188035 0.06925439 
-0.0034582238 -0.0031087818 0.038456835 -0.029746272 
0.0006468768 0.0035803744 -0.005279283 0.013247348 
-0.0015815513 6.45205e-06 0.0149449585 -0.045637015 
-0.0014691578 0.0012862871 0.019418327 0.014834503 
0.00079508947 -0.0046169176 0.032200098 -0.14980748 
0.002178772 0.0018454157 0.01922284 0.01079455 
5.85138e-06 -0.0017452615 0.008777922 0.080048636 
0.0014241536 0.001893921 -0.0031394102 -0.0076065296 
0.0011193488 -0.0018914375 0.040676482 0.12999912 
-0.0020769709 0.0017764154 0.0 0.0 
-0.0046170177 0.0054913964 -0.011634075 0.06562062 
0.0027695915 0.011166682 -0.024316434 0.25984228 
-0.0024325638 -0.00667989 0.03075796 0.12898383 
0.0037485398 0.0025599215 0.0022158464 0.0024105597 
0.003242111 -0.0014691578 -0.0052007595 0.0036099658 
0.0005150471 -0.0028033517 0.009123535 -0.06703453 
-0.0074825506 -0.010318423 0.0046937205 0.11822361 
-0.00513516 0.003034051 0.022275297 -0.09914527 
0.0037926002 -0.0051813377 0.009785031 0.00572237 
-0.0007902855 -0.0009800395 0.017417481 -0.042263947 
-0.0011431867 -0.0027589942 -0.0040238686 0.038587227 
-0.00072749786 0.0030487902 0.026945142 -0.029221397 
-0.0010930704 0.0022158464 0.006527991 8.7510794e-05 
-0.00054801605 -0.0021740687 0.0389241 0.05548303 
0.00048472034 -0.0059469375 -0.021064334 0.3312224 
0.0007429351 -0.004253202 -0.026923837 0.060744587 
-0.0032186978 -0.0031292583 -0.013165713 0.109484255 
0.0007552187 -0.008046264 -0.00460938 0.041165918 
-0.00064682186 -0.0032486748 -0.009441564 -0.0034296652 
0.003853528 0.003502415 0.0022839862 0.020126693 
0.0021680016 -0.0021737935 -0.018109467 0.061521456 
-0.0010848715 -0.0059132986 -0.0010174738 0.014115028 
-0.0059132986 0.00045835576 0.026328808 0.081806466 
-0.0036418075 0.00055333413 0.07204923 0.060040362 
0.0009820586 0.00084390957 0.0026553674 0.011103734 
0.0026377635 0.004471707 0.09013492 -0.1226868 
-0.002595314 0.00061172154 -0.016163843 0.09897196 
-0.0005597516 -0.0006480151 0.006762471 0.07399425 
-0.0022357374 0.0018183445 0.0034484512 -0.029342374 
0.00014557302 -0.00086008874 -0.0015186602 0.037401665 
2.4610405e-05 -0.0050678654 0.021565946 -0.0074599516 
0.0009834396 0.0015555392 0.0057418793 0.09198394 
-0.0009775652 -0.0016747754 0.0022663092 0.03881003 
-0.00127954 -0.006487233 0.0022189012 0.0034257146 
-0.0025155977 -0.012763274 0.011983648 0.032108244 
0.0017082909 -0.01337995 -0.009321782 0.07881011 
0.0056675677 -0.018933676 0.012418922 0.09644144 
-0.0011054582 0.010259336 0.008794332 0.13731645 
-0.004055872 -0.0005597516 0.0014958471 -0.002499098 
-0.0019680492 0.005381606 -0.011346108 0.08195436 
-0.0005680012 -0.0031792454 0.07235524 -0.0020695776 
-0.00029838123 0.0025607008 0.012512158 -0.013968139 
-0.00044093927 -0.0068194023 0.071571186 0.02305774 
-0.0008630424 -0.015325412 0.03510321 -0.035835296 
0.004539998 0.004689354 -0.02482092 0.01586867 
0.0002608217 -0.0076212343 0.009265337 0.0034176633 
-0.0022739149 -0.003836345 -0.022243239 0.23177852 
0.0009075768 -0.00294583 0.03124617 -0.14874062 
-0.0015618302 -0.010829347 0.047554303 -0.011690814 
-0.002042121 -0.00048824982 0.0349051 0.72608197 
0.0030322678 -0.00073938066 -0.00035630065 0.0 
-0.0015542718 0.027553268 0.040893514 0.55715245 
-0.0012661511 -0.0013652276 -0.0038838997 0.035992503 
0.0040151724 -0.015100177 0.044028554 0.022288837 
0.0013774873 -0.0063832663 0.026974738 -0.100389026 
-0.0015076083 -0.0047651706 0.023641698 0.095538855 
-0.00014366345 0.004354824 -0.0035424982 0.010199271 
0.0050289417 -0.002973912 -0.011408131 0.054753855 
-0.001857147 0.0022121146 -0.008383537 0.025409844 
0.0013294765 0.0027824133 -0.0025740624 -0.008469217 
0.0041382574 -0.0019332233 0.009994007 -0.06925085 
0.0003247317 0.0015118663 -0.010923086 -0.009673828 
-0.0033995407 -0.00684674 0.0038048 0.0023429077 
-0.0019361424 -0.0013960851 -0.021177 0.08996246 
0.00012386167 0.006052545 -0.03440831 0.10131803 
-0.0043195947 0.006183289 -0.007748779 0.037856728 
-0.0018908614 0.004689264 0.0807282 0.2150966 
-0.0005986566 0.0046638595 0.00077177474 0.0029229196 
-0.0030638522 0.0019391947 -0.01139956 0.11438581 
-0.003583812 -0.00055418914 0.0011373407 0.07533937 
-0.0009984726 0.0020284716 0.0036486862 -0.005017316 
0.0014370845 0.008164656 -0.055271156 0.6236623 
-0.00022182145 0.0073803747 -0.019053504 0.04626569 
-0.00029141325 -0.00029993994 0.004323203 0.00062115095 
0.00044933666 0.01011063 0.033552088 0.06692769 
-0.0012583236 -0.007700793 0.064844415 -0.01108785 
0.0016867688 -0.004904738 0.04051725 0.053063095 
-0.0032073795 0.0011974752 -0.010732628 0.015981372 
0.00017651726 -0.0035073194 0.0028046356 0.00062115095 
-0.00456173 0.0051544467 0.01105896 -0.014597735 
0.001454352 -0.005138084 0.00017182463 0.0023273386 
-0.0019675584 0.011886176 0.024567526 0.10993095 
0.0020283249 0.0014370845 0.008039475 -0.029160524 
0.00047466878 0.0075839953 0.0119382925 0.10100031 
0.004873363 0.0026377635 -0.0022723028 0.011453305 
0.00203849 -0.011583957 0.008891535 0.087970585 
-0.0006943093 -0.0049525853 0.013173144 -0.035768826 
0.0030878282 0.0003940451 0.0032325648 0.009933966 
-0.00079994585 0.0029352664 0.01443916 -0.06376611 
0.0038502556 0.0047666375 -0.012989253 0.0757141 
0.0016528075 0.006193701 -0.025998233 0.46215218 
-0.0011835861 -0.002753485 0.018159896 -0.017103013 
0.002612373 -0.002296844 0.020290406 0.04530862 
-0.0027589942 0.0051633287 0.049328532 0.28274688 
1.7780527e-05 -0.0024615931 0.022984065 -0.05848694 
0.0005206053 -0.0031967822 0.004247984 -0.015307806 
-8.178798e-05 0.0027695915 0.006438299 -0.017955948 
-0.0023300392 0.011338259 -0.0038145059 -0.00058717094 
0.0040948004 -0.009396605 0.011759488 -0.013632613 
0.0028433872 -0.0043699397 0.09044784 0.10552636 
0.000457555 0.0015118663 -0.011634138 -0.0094355475 
-0.0021373434 0.006017991 -0.0073847137 0.017145334 
0.0027303165 0.0042700483 0.036550764 0.21149889 
-0.00092024426 -0.004095544 0.0012352869 0.030551188 
-0.0033073234 -0.0027589942 0.002408808 0.0212465 
-0.0017869947 -0.004095544 0.0030222817 0.030551186 
-0.0056161587 -0.00227417 0.048577044 -0.07228875 
0.0023743426 0.007172083 -0.014055679 0.24992953 
-0.0012269855 0.011857057 0.0042818813 0.03882578 
0.0003975412 -0.007536714 0.01046523 0.011742286 
-0.00030550797 -0.005994113 0.01949016 -0.077221096 
0.00025054935 0.00796784 0.05960726 0.04675882 
-0.0029100063 -0.005365609 0.0070429314 0.040193204 
-0.0032962165 -0.008687107 0.12327096 0.20137423 
0.0016492943 -0.0024881116 0.031277753 0.019945856 
-0.0016179834 0.014039042 -0.028694838 0.39140633 
0.0006479526 -0.0014312122 0.0061444854 -0.047628067 
0.0023406511 -0.0014312122 0.0038038343 -0.047628075 
-0.0025640256 -0.0041781836 0.0093742795 -0.053613875 
0.0011302545 -0.0016408709 0.010277816 -0.033828724 
-0.0012973223 -0.0022357374 0.00089709985 0.0028142836 
-0.00025508486 -0.0012195909 -0.004501938 0.0037051886 
0.00017182463 -0.0015310792 0.006115089 0.06283596 
0.004206695 -0.0016899261 0.0046854876 0.020858169 
-0.005053122 -0.0046823733 0.0027460582 0.03595921 
-0.0019772146 -0.004960094 0.06590616 0.08331229 
0.001853609 -0.0030491957 0.017242298 -0.06613509 
0.0014551209 0.0002608217 -0.0038281865 0.021875713 
9.0892085e-05 0.00044717197 -0.0021236595 -0.04522849 
-0.00020965874 0.0012393482 0.041128162 -0.048710104 
-0.0017365846 -0.0043120813 0.046283364 0.05296331 
-0.0035171416 -0.00086801883 0.008435801 0.05362843 
0.0030542929 0.009411768 -0.010418218 0.071232684 
0.0036099658 -0.01196553 0.09901876 0.16986153 
-0.0017550762 0.00030536795 0.004670822 0.0019843867 
-0.0005378081 0.03519419 0.043004707 0.13544111 
-0.0027469716 0.014322673 -0.009929696 0.18452874 
-0.00015047769 -0.002595314 -0.0039244723 -0.030474057 
-0.0018961965 -0.0012471279 -0.00083259726 0.0065399483 
-0.00045938432 0.0067010685 0.00056918757 0.08253988 
-0.002711948 -0.0027589942 0.0017689537 0.002948082 
0.0006438455 -0.008306258 0.008840579 -0.012714208 
0.0016256204 0.0068049375 -0.0022898978 0.002364616 
0.0014536614 0.0017344983 0.021199351 -0.001297408 
0.002414938 0.000835435 0.045312643 0.085945934 
-0.0032686975 0.001091543 0.008925508 -0.008848741 
0.0009287167 0.0106555205 0.008618167 -0.007215582 
-0.0023940606 -0.0029616163 0.01769736 0.0026413354 
0.003984545 0.015151842 0.033413976 0.063733146 
-0.0014312122 0.01136305 -0.060618743 0.46516782 
0.0014327151 0.0028353508 0.006734218 -0.027349792 
0.0020948185 -4.2405445e-05 0.010766348 0.016585957 
0.004160372 -0.0015542718 0.016253334 0.032854814 
-0.0005088112 -0.0012936501 0.014483563 0.05745258 
-0.001932062 0.002140808 0.003967507 0.03001292 
0.0011724327 0.0013294765 -0.0004441029 0.0 
-0.00070592837 -0.0014698998 0.015409613 0.03504558 
-0.00032937396 -0.00042256573 0.023833998 -0.042658627 
0.00019629284 0.003502415 -0.0016307229 0.0046460405 
-0.00085028895 -0.010748396 0.033605926 0.019511547 
0.00034676757 -0.0014312122 0.0005945284 -0.054790005 
-0.0022594614 -0.00032988313 0.006448939 0.0149408365 
-0.0026065456 0.0040151724 -0.0058334875 0.0009860545 
-0.0006006625 0.0015808186 0.018238135 0.036021303 
0.001276685 -0.0026862565 -0.0046184096 0.024629172 
0.00077177474 0.012044044 0.013083394 0.11644824 
0.00078213104 0.002525864 -0.0057255635 0.023920007 
0.0024447732 0.00051172666 0.0 0.0 
0.00051172666 0.0024447732 0.0 0.0 
0.002277765 -0.0015655711 0.0067156497 0.013392622 
-0.0017055842 -0.005058688 0.014935177 0.05067912 
0.0009542155 -0.0014312122 -0.00035968702 -0.054790005 
0.0013546302 -0.00524572 -0.027139636 0.08551506 
0.0017696341 -0.0018277906 0.012813012 0.07148167 
-0.001647173 0.005755352 -0.003003574 0.014496468 
-0.0012950152 0.0015697356 0.0 0.0 
0.0015697356 -0.0012950152 0.0 0.0 
-0.0059343325 -0.0018149829 -0.0005378081 0.022300435 
0.004320235 0.00047466878 0.0028433872 0.00040597375 
0.0023252952 -0.016048064 0.06401147 0.084980465 
-0.00082090567 -0.0025155977 0.0 0.0 
-0.0012556902 0.001416109 0.0024894425 0.002293392 
0.0018263747 -4.8454385e-05 0.019931406 0.0967249 
0.001416109 0.0012337521 0.002293392 -0.0078061065 
0.0013388541 0.0005461909 0.0072772508 0.018362494 
-0.0017247413 0.0013388541 0.0 0.0 
0.00028281825 -4.6332367e-05 0.0136597715 0.015399906 
-0.00017345788 -0.00045938432 0.005776247 0.011709897 
-0.0005128023 -0.0006752763 0.020228032 0.005016516 
-7.754601e-05 -0.0007892675 0.014501123 0.016081635 
0.0033494516 -0.004615755 -0.015275072 0.018582039 
-0.00027084874 0.0042543365 0.0027944674 0.0016657286 
0.00026235703 0.00048472034 -0.0036534534 -0.00817925 
0.0023792454 0.0018263747 -0.00091329473 0.012698898 
0.0036035157 0.0035974374 0.009252699 -0.0019224659 
-0.0030152544 0.00075234636 0.00606567 0.0034768204 
0.0023453962 -0.004118614 -0.005836941 -0.0073455586 
0.0043590604 0.00411061 0.0003968702 0.0046437117 
-0.002665042 0.0054145153 0.066630155 0.003390789 
-0.00037159395 0.0040151724 -0.008516187 -0.0006296992 
0.0034675621 -0.0072872424 -0.0036615357 0.0016310872 
-0.004008251 0.0034675621 -0.0075928695 0.003250629 
-0.0020264946 0.0040151724 0.0 0.0 
-8.262296e-05 -0.0029616163 0.014478603 0.007887406 
0.0010166301 -0.007759002 0.0023230356 0.03267013 
-7.065728e-05 0.0044895075 0.014020488 0.065557525 
0.00036304473 0.0023743426 0.0023638154 -0.0026988955 
0.0011289414 0.0011193488 0.0022844565 -3.2484531e-06 
0.0015982768 -0.0026033423 0.021199865 -0.020242244 
-0.0034155983 -0.004866132 0.047108695 0.0015031444 
-0.0037407181 0.004835665 0.010763939 -0.0064700227 
-0.0015893357 -0.0011874989 0.005597787 -0.017565321 
-0.0045905374 -0.0019772146 0.0044325995 0.0045231846 
0.002328312 -0.0013848024 0.017306803 0.025444452 
0.00056015607 0.0046357554 -0.007044341 -0.007404586 
-0.0040171975 0.007012869 0.006559787 0.0005286676 
0.00046943506 -4.1066756e-05 0.0056675677 -0.01889261 
0.0046779052 -0.0005378081 0.011535664 -0.0035694893 
0.0026989675 -0.0049448945 0.014147613 0.04891383 
-0.003957173 -0.0014312122 0.006952613 0.00063522917 
-1.8513678e-05 0.006130524 0.006856977 0.028911011 
-0.00061407563 0.008887877 0.02292218 0.019827653 
-0.000690816 -0.006418321 0.017059658 0.0072955536 
0.002110121 0.0004102541 0.0 0.0 
0.0016000966 -0.0019478665 0.0059354957 0.009731592 
-0.0035877351 -0.006672038 0.021786395 0.0539728 
-0.0010602125 0.011786734 -0.032067798 0.3570889 
0.0009683097 -0.005493181 0.05326855 -0.023524804 
0.0020339072 -0.0043146433 0.03395312 0.039027277 
0.0024447264 0.0027053475 0.017698187 -0.0035515074 
-0.0008730871 -0.0004633735 0.018825362 0.0013372726 
0.0025344135 0.0023743426 0.0014893948 0.0016045505 
0.0003292976 0.0037808418 -0.0015542718 0.028736074 
-0.0012214562 -0.0022329884 -0.0010859226 0.030093946 
-0.002686936 -0.0015542718 0.010766733 0.012337664 
-0.00035078678 -0.0022329884 -0.0007351358 0.030093944 
-0.0011215637 -0.008071128 0.010223318 -0.0015259879 
-0.00071389263 0.0015118663 -0.007829998 -0.016440563 
0.0033333176 -0.0015542718 0.016336057 0.0023793215 
0.002104597 -0.0015542718 0.01423146 0.0023793217 
-0.005796866 -0.003235538 0.009193003 0.026466953 
-0.0004441029 0.0018822111 -0.0011135632 -0.010819812 
-0.000222344 -0.003457413 0.0073690186 0.03771921 
0.0009490523 -0.0022748634 0.004058253 -9.2328526e-05 
0.002715264 -0.0052563325 0.01580721 0.03539717 
0.0048907413 0.0024395485 -0.0025883415 -0.008251669 
-0.0022958254 0.0022102145 -0.0049778256 0.0 
0.0037100452 0.0025607008 0.0023308655 -0.021893103 
-0.0047674924 -0.00010007431 0.0 0.0 
0.0026618633 0.003151373 0.039464347 0.31311393 
0.0006955785 -0.0015542718 0.007674306 -0.0068626762 
-0.0027460412 0.010800995 0.0076636104 -0.003892243 
0.0072434586 -0.0077824397 0.009255577 -0.010811781 
0.007047492 -0.009589261 0.016670119 0.014778994 
0.0008899545 -0.002013656 0.005835299 -0.0018265116 
0.00371494 0.003319562 0.0 0.0 
-0.001354361 -0.0015542718 -5.3798663e-05 -0.003583812 
-0.0015081507 -0.0015542718 0.001454352 -0.003583812 
-0.0060559036 0.0047892807 0.0034490484 -0.0077457223 
-0.0001270551 -0.007978719 0.0084621105 0.008869939 
-0.0065168566 -0.008149107 0.03072281 0.3222162 
0.005667643 -0.002665042 0.0 0.0 
0.0025773437 0.0018263747 0.0 0.0 
-0.0012603367 -0.0030392504 0.0017763163 0.00056015607 
-0.000305025 -0.006881565 0.0027944674 0.005537944 
-0.003244552 -0.000305025 0.0 0.0 
-0.0009878601 -0.0048370315 0.0 0.0 
0.0013119149 0.0043590604 0.0 0.0 
0.00022710585 0.004389773 -0.00086591777 0.0025675222 
-0.00134205 -0.0032073795 0.0 0.0 
0.0017763163 0.00023027294 0.0012611622 -0.008333864 
0.0022121146 -0.020830657 0.06708831 -0.06638946 
-0.0040038936 -0.0019337242 -0.0028241812 0.0044783494 
-0.0036716955 0.0015149274 0.0031507842 -0.0078061055 
-0.00090639776 0.0014241536 0.0027944674 0.00024157437 
-0.0007401216 -0.0018239128 -0.0015088053 0.0039895456 
0.006124156 -0.0007401216 0.0 0.0 
-0.0013263826 -0.0027093673 -0.0012603367 0.0 
0.00010488615 0.002110121 0.0 0.0 
-0.0010875965 0.0043005627 -0.007465923 -0.03268982 
-0.0010505683 -0.0064362027 -0.019052051 -0.0113563575 
0.0014484868 -0.0051536015 -0.0008704914 -0.00023204554 
-0.00029993994 0.0077658296 -0.008338993 0.007321693 
-0.0021540474 -0.0065168566 0.0 0.0 
0.000819136 -0.0022329884 0.0 0.0 
0.0031598306 0.0024447264 0.0027944674 0.006722547 
-0.00076636707 0.0027944674 0.003556261 -0.0078061055 
-0.0053136772 0.0026674122 0.008869939 -0.0078061055 
-9.585451e-06 0.0027944674 0.008879524 -0.0078061065 
-0.0048383363 -0.00095338025 -0.0034155983 0.001276685 
0.0004778319 -0.0048383363 0.0 0.0 
-0.00087639684 0.0 0.0 0.0 
-0.002476368 0.0 0.0 0.0 
0.0021127784 -0.00029993994 0.0 0.0 
-0.0014296769 0.0 0.0 0.0 
0.0031613777 0.0 0.0 0.0 
0.00050332636 0.0 0.0 0.0 
0.0001758933 0.0 0.0 0.0 
0.0024628323 0.0 0.0 0.0 
0.005349751 0.0 0.0 0.0 
0.002661534 0.0 0.0 0.0 
0.0020749767 0.0 0.0 0.0 
0.0037585073 0.0 0.0 0.0 
-0.0015016486 0.0 0.0 0.0 
-0.0007090545 -0.0027589942 0.0023521967 0.013107296 
0.0020583242 0.0 0.0 0.0 
0.0028926032 0.0 0.0 0.0 
0.00030406733 0.0 0.0 0.0 
0.0012359779 0.0 0.0 0.0 
-0.0040418287 0.0 0.0 0.0 
-0.0038541898 0.0 0.0 0.0 
-0.00033471605 0.0 0.0 0.0 
-0.00034544658 0.0 0.0 0.0 
-0.00020248418 0.0 0.0 0.0 
-0.001969543 0.0 0.0 0.0 
0.000934826 -0.019782193 0.03445501 -0.0010327399 
0.0006669649 0.0 0.0 0.0 
-0.003809093 0.0 0.0 0.0 
-0.003666603 0.0 0.0 0.0 
-0.0074534887 0.0 0.0 0.0 
0.0026061505 0.0 0.0 0.0 
-0.0014979771 0.0 0.0 0.0 
-0.0014242495 0.0 0.0 0.0 
-0.0067818174 0.0 0.0 0.0 
-0.0034027356 0.0 0.0 0.0 
-0.001066924 0.0 0.0 0.0 
0.00073314435 0.000934826 -0.0042166323 -0.00096595415 
-0.00017890784 0.0 0.0 0.0 
-0.0014003583 0.0 0.0 0.0 
-0.0009928554 0.0 0.0 0.0 
-0.001180275 0.0 0.0 0.0 
0.0057229823 0.0 0.0 0.0 
-0.0036952787 0.0 0.0 0.0 
0.002558157 0.0 0.0 0.0 
-0.00059164845 0.0 0.0 0.0 
-0.0010331825 0.0 0.0 0.0 
0.0015264532 0.0 0.0 0.0 
-0.003563654 -0.027325632 0.1047299 -0.21005005 
0.001185962 0.0 0.0 0.0 
0.00026610255 0.0 0.0 0.0 
-0.0024269116 0.0 0.0 0.0 
-0.0027251295 0.0 0.0 0.0 
0.002075683 0.0 0.0 0.0 
0.0021131877 0.0 0.0 0.0 
-0.0032279391 0.0 0.0 0.0 
-0.0024561032 0.0 0.0 0.0 
0.0022731752 0.0 0.0 0.0 
-0.00039786825 0.0 0.0 0.0 
0.0019350055 -0.010214921 0.015863929 0.007663369 
0.003818702 0.0 0.0 0.0 
0.00055594405 0.0 0.0 0.0 
-0.0032897007 0.0 0.0 0.0 
0.0010652987 0.0 0.0 0.0 
0.0017811271 0.0 0.0 0.0 
0.00013234148 0.0 0.0 0.0 
-0.0003031976 0.0 0.0 0.0 
-0.002140552 0.0 0.0 0.0 
-0.00011481957 0.0 0.0 0.0 
-0.0023602787 0.0 0.0 0.0 
-0.0005770783 0.022113968 0.033920646 0.14022239 
0.00077523466 -0.0005085111 0.010464607 0.10988332 
0.0051464196 0.0 0.0 0.0 
-0.0033293723 0.0 0.0 0.0 
0.00083532097 0.0 0.0 0.0 
0.0024250601 0.0 0.0 0.0 
-0.0015052385 0.0 0.0 0.0 
-0.0013727865 0.0 0.0 0.0 
-0.0010011831 0.0 0.0 0.0 
0.0009047049 0.0 0.0 0.0 
0.0022998478 0.0 0.0 0.0 
-0.0013271763 0.0 0.0 0.0 
-0.0018007437 -0.007840863 0.06062699 -0.16336654 
-0.0014018861 0.0 0.0 0.0 
-0.0046515046 0.0 0.0 0.0 
0.0029963965 0.0 0.0 0.0 
-0.00113477 0.0 0.0 0.0 
-0.0017955841 0.0 0.0 0.0 
-0.002083641 0.0 0.0 0.0 
0.00044203043 0.0 0.0 0.0 
-0.0010982133 0.0 0.0 0.0 
-0.00261121 0.0 0.0 0.0 
-0.0039987713 0.0 0.0 0.0 
0.0003940451 -0.0026932266 0.019703293 0.04655462 
0.0020093126 0.0 0.0 0.0 
-0.0020735383 0.0 0.0 0.0 
0.005521145 0.0 0.0 0.0 
0.0016304418 0.0 0.0 0.0 
-0.001971166 0.0 0.0 0.0 
0.0016954237 0.0 0.0 0.0 
-0.0004566542 0.0 0.0 0.0 
0.0009541405 0.0 0.0 0.0 
-0.0018809958 0.0 0.0 0.0 
0.0020105971 0.0 0.0 0.0 
-0.00086008874 -0.01918156 0.08194328 -0.15495974 
-0.0027428945 0.0 0.0 0.0 
-0.0031562047 0.0 0.0 0.0 
-9.501099e-05 0.0 0.0 0.0 
-0.0023010524 0.0 0.0 0.0 
0.0017686308 0.0 0.0 0.0 
-0.0061893817 0.0 0.0 0.0 
-0.004005161 0.0 0.0 0.0 
-0.0032567258 0.0 0.0 0.0 
-0.00024916514 0.0 0.0 0.0 
-0.0003412008 0.0 0.0 0.0 
-0.0060478286 -0.00024922896 0.022372168 -0.12828791 
0.0059726625 0.0 0.0 0.0 
0.0019746267 0.0 0.0 0.0 
-0.0016424995 0.0 0.0 0.0 
0.001201023 0.0 0.0 0.0 
-0.00022885746 0.0 0.0 0.0 
0.00020915177 0.0 0.0 0.0 
-0.00089176226 0.0 0.0 0.0 
0.0008533026 0.0 0.0 0.0 
-0.000931128 0.0 0.0 0.0 
-0.0004165 0.0 0.0 0.0 
-0.0031492084 0.0007063156 0.014815077 -0.06623114 
-0.0052635754 0.0 0.0 0.0 
-0.0022660492 0.0 0.0 0.0 
0.002579777 0.0 0.0 0.0 
0.0009507638 0.0 0.0 0.0 
0.0006691767 0.0 0.0 0.0 
0.0012548044 0.0 0.0 0.0 
0.0029274367 0.0 0.0 0.0 
0.0019068642 0.0 0.0 0.0 
-0.0007916684 0.0 0.0 0.0 
-0.0011073871 0.0 0.0 0.0 
-0.000590444 -0.0043233437 0.029132856 0.002573356 
-0.00018169345 0.0 0.0 0.0 
0.0019869616 0.0 0.0 0.0 
-0.00040645275 0.0 0.0 0.0 
-0.0013548639 0.0 0.0 0.0 
0.0010258337 0.0 0.0 0.0 
0.0003749684 0.0 0.0 0.0 
0.0011463299 0.0 0.0 0.0 
-0.0037984871 0.0 0.0 0.0 
-0.0007454764 0.0 0.0 0.0 
-3.7036043e-05 0.0 0.0 0.0 
0.0027944674 0.019579897 -0.00688692 0.24089068 
0.0010139797 0.0 0.0 0.0 
-0.0036068386 0.0 0.0 0.0 
-0.002466839 0.0 0.0 0.0 
0.0031771185 0.0 0.0 0.0 
0.0034201336 0.0 0.0 0.0 
-0.0021098852 0.0 0.0 0.0 
0.0039660633 0.0 0.0 0.0 
0.0023066844 0.0 0.0 0.0 
0.0033626007 0.0 0.0 0.0 
-0.0019055229 0.0 0.0 0.0 
-0.0034715442 -0.004539822 0.012549363 0.08749834 
0.00038577776 0.0 0.0 0.0 
-0.0040769055 0.0 0.0 0.0 
-0.00025296918 0.0 0.0 0.0 
-0.001953723 0.0 0.0 0.0 
0.0006072203 0.0 0.0 0.0 
0.002276993 0.0 0.0 0.0 
0.004089392 0.0 0.0 0.0 
0.0013869313 0.0 0.0 0.0 
0.00064376096 0.0 0.0 0.0 
-0.0058337883 0.0 0.0 0.0 
0.003502415 0.0034345775 0.017336957 0.0057207756 
0.0030304012 0.0 0.0 0.0 
0.00092026166 0.0 0.0 0.0 
0.0020064546 0.0 0.0 0.0 
0.0027924944 0.0 0.0 0.0 
0.0021512643 0.0 0.0 0.0 
-0.0085488735 0.0 0.0 0.0 
-0.001975127 0.0 0.0 0.0 
0.00027744778 0.0 0.0 0.0 
-0.0014081245 0.0 0.0 0.0 
-0.00211086 0.0 0.0 0.0 
-0.00024810896 0.0007833004 0.0054626246 0.0034341156 
-0.0012195909 -0.0066752364 0.014583301 -0.008475032 
0.0005782943 0.0 0.0 0.0 
0.0008880526 0.0 0.0 0.0 
-0.0011568981 0.0 0.0 0.0 
-0.00031257162 0.0 0.0 0.0 
0.0001600136 0.0 0.0 0.0 
0.0044085034 0.0 0.0 0.0 
-0.0016932281 0.0 0.0 0.0 
-0.0036938738 0.0 0.0 0.0 
0.0016425647 0.0 0.0 0.0 
-0.0027873574 0.0 0.0 0.0 
-0.0056436034 -0.001858148 -0.0071017356 0.0067952704 
0.003345516 0.0 0.0 0.0 
-0.00019274632 0.0 0.0 0.0 
-0.0022610852 0.0 0.0 0.0 
0.0016856608 0.0 0.0 0.0 
-0.0040744157 0.0 0.0 0.0 
0.0036951138 0.0 0.0 0.0 
0.007295917 0.0 0.0 0.0 
-0.0021306004 0.0 0.0 0.0 
0.0012592573 0.0 0.0 0.0 
-0.00088228064 0.0 0.0 0.0 
0.0017055059 -0.009710138 0.08366774 -0.18350786 
-0.0056763883 0.0 0.0 0.0 
0.005107375 0.0 0.0 0.0 
0.004144932 0.0 0.0 0.0 
-0.001760776 0.0 0.0 0.0 
0.002990165 0.0 0.0 0.0 
0.0017244926 0.0 0.0 0.0 
0.000582764 0.0 0.0 0.0 
-0.0039427443 0.0 0.0 0.0 
0.00030741934 0.0 0.0 0.0 
-0.0023665843 0.0 0.0 0.0 
0.004179013 -0.0057206107 -0.00673687 0.027061043 
0.002647328 0.0 0.0 0.0 
0.0023672532 0.0 0.0 0.0 
-0.004824537 0.0 0.0 0.0 
0.0039203204 0.0 0.0 0.0 
-0.0022881648 0.0 0.0 0.0 
0.0027207837 0.0 0.0 0.0 
0.0035417585 0.0 0.0 0.0 
-0.0009855826 0.0 0.0 0.0 
-0.0026682403 0.0 0.0 0.0 
0.0053953235 0.0 0.0 0.0 
-0.0029616163 0.015986133 0.028394813 0.12239155 
0.00165686 0.0 0.0 0.0 
-0.0030375666 0.0 0.0 0.0 
-0.00066655996 0.0 0.0 0.0 
-0.00027501278 0.0 0.0 0.0 
-8.426044e-05 0.0 0.0 0.0 
-0.0008639626 0.0 0.0 0.0 
0.004254429 0.0 0.0 0.0 
-0.0023734795 0.0 0.0 0.0 
-0.003061201 0.0 0.0 0.0 
0.0019738588 0.0 0.0 0.0 
-0.007073635 0.0032055147 0.009924741 0.19848141 
0.003190402 0.0 0.0 0.0 
-0.0030898685 0.0 0.0 0.0 
-0.0029841487 0.0 0.0 0.0 
-0.001911521 0.0 0.0 0.0 
-7.0559494e-05 0.0 0.0 0.0 
-0.004528304 0.0 0.0 0.0 
0.0056734746 0.0 0.0 0.0 
-0.002529581 0.0 0.0 0.0 
-0.0044567618 0.0 0.0 0.0 
-0.0008540649 0.0 0.0 0.0 
-0.0027103755 -0.007610691 0.01890892 -0.031964894 
-0.003193339 0.0 0.0 0.0 
0.0021662721 0.0 0.0 0.0 
-0.0031913284 0.0 0.0 0.0 
0.002864585 0.0 0.0 0.0 
-3.5461217e-05 0.0 0.0 0.0 
0.0025494278 0.0 0.0 0.0 
0.0016498506 0.0 0.0 0.0 
-0.0011874054 0.0 0.0 0.0 
0.0011732447 0.0 0.0 0.0 
0.0013832672 0.0 0.0 0.0 
0.00026286318 -0.002042121 0.0040872935 0.014687585 
-0.0032448366 0.0 0.0 0.0 
0.00046747457 0.0 0.0 0.0 
-0.0043687406 0.0 0.0 0.0 
-0.005315558 0.0 0.0 0.0 
-0.0048852395 0.0 0.0 0.0 
-0.002696335 0.0 0.0 0.0 
-0.008387064 0.0 0.0 0.0 
-0.0004138755 0.0 0.0 0.0 
0.004793238 0.0 0.0 0.0 
0.00022900442 0.0 0.0 0.0 
0.004354824 0.0013440307 0.010610354 0.01971975 
-0.0023600124 0.0 0.0 0.0 
-0.0008638003 0.0 0.0 0.0 
0.0012145288 0.0 0.0 0.0 
0.008619671 0.0 0.0 0.0 
0.002637042 0.0 0.0 0.0 
-0.0030061675 0.0 0.0 0.0 
0.00089005043 0.0 0.0 0.0 
-0.0025865415 0.0 0.0 0.0 
-0.0002050685 0.0 0.0 0.0 
0.0018963846 0.0 0.0 0.0 
-0.00042980775 0.009930125 0.013386767 0.12851581 
-0.006114892 0.0 0.0 0.0 
-0.0043294304 0.0 0.0 0.0 
-0.0012157499 0.0 0.0 0.0 
-0.0012292042 0.0 0.0 0.0 
0.00023244295 0.0 0.0 0.0 
0.00078462117 0.0 0.0 0.0 
-0.0012081425 0.0 0.0 0.0 
0.002584723 0.0 0.0 0.0 
-0.0020023836 0.0 0.0 0.0 
-0.00049800065 0.0 0.0 0.0 
0.0016157539 -0.00911474 0.06687996 -0.12004609 
-0.0013729874 -0.004994866 0.011324182 -0.017118402 
0.0018830018 0.0 0.0 0.0 
0.00034226992 0.0 0.0 0.0 
-0.0008071186 0.0 0.0 0.0 
0.0029203384 0.0 0.0 0.0 
-0.00064357335 0.0 0.0 0.0 
0.00028133343 0.0 0.0 0.0 
0.0035042102 0.0 0.0 0.0 
0.001101504 0.0 0.0 0.0 
0.00022819007 0.0 0.0 0.0 
0.00036054396 0.0 0.0 0.0 
0.0052228672 -0.005556025 0.016783282 0.012541302 
0.00022035585 0.0 0.0 0.0 
-0.004923656 0.0 0.0 0.0 
0.00090973027 0.0 0.0 0.0 
-0.0028834045 0.0 0.0 0.0 
-0.0003682634 0.0 0.0 0.0 
-0.003576767 0.0 0.0 0.0 
0.0031258161 0.0 0.0 0.0 
0.00033045837 0.0 0.0 0.0 
0.0025485153 0.0 0.0 0.0 
0.0034843197 0.0 0.0 0.0 
-0.0022400916 -0.0039814245 0.03508866 -0.17097384 
-0.0022584908 0.0 0.0 0.0 
-0.0029734746 0.0 0.0 0.0 
-0.002496842 0.0 0.0 0.0 
0.00012279766 0.0 0.0 0.0 
0.000761147 0.0 0.0 0.0 
0.0005701534 0.0 0.0 0.0 
0.0052166516 0.0 0.0 0.0 
-0.00037368658 0.0 0.0 0.0 
-0.0010850581 0.0 0.0 0.0 
0.0015371795 0.0 0.0 0.0 
-0.002669436 0.0006607288 -0.0006748503 0.101230375 
-0.0032097318 0.0 0.0 0.0 
0.00035534764 0.0 0.0 0.0 
-0.0020629298 0.0 0.0 0.0 
-0.00023598658 0.0 0.0 0.0 
-0.0010919432 0.0 0.0 0.0 
-0.0045492407 0.0 0.0 0.0 
0.0026530465 0.0 0.0 0.0 
-0.00019853482 0.0 0.0 0.0 
0.0065797195 0.0 0.0 0.0 
0.0012691292 0.0 0.0 0.0 
-0.00035630065 -0.0036262022 0.005467565 0.030793792 
-0.002747901 0.0 0.0 0.0 
-0.0037616075 0.0 0.0 0.0 
0.0019570086 0.0 0.0 0.0 
-0.0034943565 0.0 0.0 0.0 
-0.00014168829 0.0 0.0 0.0 
0.00046957214 0.0 0.0 0.0 
-0.0001797349 0.0 0.0 0.0 
0.002601898 0.0 0.0 0.0 
7.726093e-05 0.0 0.0 0.0 
-0.000106241554 0.0 0.0 0.0 
0.0018030361 -0.0038642464 0.04372623 -0.17030549 
0.002716507 0.0 0.0 0.0 
-0.0010574554 0.0 0.0 0.0 
0.0011183205 0.0 0.0 0.0 
-0.003666489 0.0 0.0 0.0 
-0.0009889503 0.0 0.0 0.0 
-0.0028365315 0.0 0.0 0.0 
-0.00338146 0.0 0.0 0.0 
-0.0005648726 0.0 0.0 0.0 
0.0012723943 0.0 0.0 0.0 
-0.0061794193 0.0 0.0 0.0 
-0.0038999792 -0.012171684 0.051839884 -0.21692368 
0.00050483696 0.0 0.0 0.0 
0.0013057704 0.0 0.0 0.0 
-0.0030565476 0.0 0.0 0.0 
0.00054448936 0.0 0.0 0.0 
-0.002499589 0.0 0.0 0.0 
0.0031371438 0.0 0.0 0.0 
-0.0015823774 0.0 0.0 0.0 
-0.00020304212 0.0 0.0 0.0 
0.00240582 0.0 0.0 0.0 
-0.004452461 0.0 0.0 0.0 
-0.0042452584 -0.0028079888 0.0062158066 0.026107829 
0.0011161491 0.0 0.0 0.0 
-0.00010336996 0.0 0.0 0.0 
-0.0006465916 0.0 0.0 0.0 
-0.0029542285 0.0 0.0 0.0 
-0.0048507676 0.0 0.0 0.0 
-0.004454991 0.0 0.0 0.0 
-0.0021375103 0.0 0.0 0.0 
-0.0028696635 0.0 0.0 0.0 
0.002365467 0.0 0.0 0.0 
-0.0033154346 0.0 0.0 0.0 
0.0028868925 -0.008621501 -0.007996326 0.36470208 
0.0014550033 0.0 0.0 0.0 
0.0017411836 0.0 0.0 0.0 
0.0026431375 0.0 0.0 0.0 
0.004337006 0.0 0.0 0.0 
0.0007203083 0.0 0.0 0.0 
0.0021414107 0.0 0.0 0.0 
-0.0028976593 0.0 0.0 0.0 
-0.00017293914 0.0 0.0 0.0 
-0.0041143275 0.0 0.0 0.0 
0.0023682208 0.0 0.0 0.0 
-0.0018425928 -0.0027589942 0.0031614893 0.028039232 
0.0021871754 0.0 0.0 0.0 
0.00011557039 0.0 0.0 0.0 
0.00032881845 0.0 0.0 0.0 
0.00065212103 0.0 0.0 0.0 
-0.00039628826 0.0 0.0 0.0 
0.0021416722 0.0 0.0 0.0 
-0.0010777103 0.0 0.0 0.0 
-0.0030170942 0.0 0.0 0.0 
-0.0007976174 0.0 0.0 0.0 
0.00036393615 0.0 0.0 0.0 
0.0015118663 -0.0077931117 -0.03773745 0.8653797 
0.0010556559 0.0020960257 0.02246771 -0.00038610585 
-0.0036595925 0.0 0.0 0.0 
-0.0020204112 0.0 0.0 0.0 
-0.001112903 0.0 0.0 0.0 
0.0007460755 0.0 0.0 0.0 
-0.0013384019 0.0 0.0 0.0 
-0.0013053064 0.0 0.0 0.0 
0.00016481619 0.0 0.0 0.0 
0.0015748006 0.0 0.0 0.0 
-0.0014948205 0.0 0.0 0.0 
-0.0017972382 0.0 0.0 0.0 
0.0016414151 0.0025569787 0.004762939 0.003242144 
-0.0001469125 0.0 0.0 0.0 
-0.00048636942 0.0 0.0 0.0 
-0.0007237487 0.0 0.0 0.0 
0.0032550076 0.0 0.0 0.0 
-0.0027009633 0.0 0.0 0.0 
-0.00023440571 0.0 0.0 0.0 
-0.005244715 0.0 0.0 0.0 
-0.0011213132 0.0 0.0 0.0 
-0.0067858947 0.0 0.0 0.0 
-0.0049612746 0.0 0.0 0.0 
0.001351309 0.002607701 0.0063313483 0.04684877 
0.0015983679 0.0 0.0 0.0 
0.00021253918 0.0 0.0 0.0 
-0.0027959791 0.0 0.0 0.0 
-0.002085058 0.0 0.0 0.0 
0.0016363612 0.0 0.0 0.0 
0.0033045204 0.0 0.0 0.0 
0.0021688906 0.0 0.0 0.0 
-0.00029564367 0.0 0.0 0.0 
0.0078108488 0.0 0.0 0.0 
-0.0068169124 0.0 0.0 0.0 
-0.002091843 -0.0067981128 0.027759992 -0.047661617 
0.002931953 0.0 0.0 0.0 
0.004739769 0.0 0.0 0.0 
-3.4249017e-05 0.0 0.0 0.0 
-0.0020393352 0.0 0.0 0.0 
0.0012645408 0.0 0.0 0.0 
-0.0009994758 0.0 0.0 0.0 
-0.00049110875 0.0 0.0 0.0 
0.0015653375 0.0 0.0 0.0 
0.0041260323 0.0 0.0 0.0 
0.00073133217 0.0 0.0 0.0 
-0.00073938066 0.002675967 0.0 0.0 
0.0036326344 0.0 0.0 0.0 
0.001479357 0.0 0.0 0.0 
-0.0037251299 0.0 0.0 0.0 
0.00024762182 0.0 0.0 0.0 
-0.0035984481 0.0 0.0 0.0 
0.0032787658 0.0 0.0 0.0 
0.0008555922 0.0 0.0 0.0 
-0.0005313442 0.0 0.0 0.0 
-0.00019411498 0.0 0.0 0.0 
0.00013940939 0.0 0.0 0.0 
0.00040811536 0.01162601 7.009832e-05 0.11779068 
-0.0041252123 0.0 0.0 0.0 
-0.001961464 0.0 0.0 0.0 
-0.0008069804 0.0 0.0 0.0 
0.0013800068 0.0 0.0 0.0 
0.0033891627 0.0 0.0 0.0 
5.9216676e-05 0.0 0.0 0.0 
0.001661215 0.0 0.0 0.0 
-0.0040693176 0.0 0.0 0.0 
0.0018267847 0.0 0.0 0.0 
0.001437954 0.0 0.0 0.0 
0.0013362325 0.0074754986 0.029155022 0.023296721 
0.0010683849 0.0 0.0 0.0 
0.0005773612 0.0 0.0 0.0 
-0.004221109 0.0 0.0 0.0 
-0.0009812317 0.0 0.0 0.0 
0.00050927146 0.0 0.0 0.0 
-0.002155618 0.0 0.0 0.0 
-0.0054882616 0.0 0.0 0.0 
0.0032878546 0.0 0.0 0.0 
0.0038646057 0.0 0.0 0.0 
0.002697577 0.0 0.0 0.0 
0.0012611622 -0.006447742 0.049415212 -0.17181703 
-0.0014866586 0.0 0.0 0.0 
0.003950166 0.0 0.0 0.0 
-9.794322e-06 0.0 0.0 0.0 
-0.0029020207 0.0 0.0 0.0 
-0.0054403762 0.0 0.0 0.0 
-0.003155968 0.0 0.0 0.0 
-0.002866546 0.0 0.0 0.0 
0.002011734 0.0 0.0 0.0 
-0.0012477963 0.0 0.0 0.0 
-0.0014393731 0.0 0.0 0.0 
-0.006489692 0.00019331579 0.027445696 -0.041788444 
0.0047422103 0.0 0.0 0.0 
-0.00064199703 0.0 0.0 0.0 
-0.00013287095 0.0 0.0 0.0 
-0.0018020704 0.0 0.0 0.0 
0.0011205111 0.0 0.0 0.0 
0.0023028676 0.0 0.0 0.0 
0.0015735707 0.0 0.0 0.0 
-0.0027659554 0.0 0.0 0.0 
0.0025937841 0.0 0.0 0.0 
-0.00014264528 0.0 0.0 0.0 
0.003225199 -0.0037825056 0.00780332 0.12174279 
0.0007029489 0.0 0.0 0.0 
0.0044657453 0.0 0.0 0.0 
0.006227282 0.0 0.0 0.0 
0.0038936813 0.0 0.0 0.0 
0.0012496879 0.0 0.0 0.0 
-4.6331177e-05 0.0 0.0 0.0 
-0.0010138681 0.0 0.0 0.0 
-0.00086887984 0.0 0.0 0.0 
0.0039490033 0.0 0.0 0.0 
0.004029581 0.0 0.0 0.0 
