0.00030536795 -0.015836429 -0.032728687 -0.03117482 
-0.0010118673 0.0 0.0 0.0 
-0.0012916079 0.0 0.0 0.0 
-0.0007425198 0.0 0.0 0.0 
-0.0003174307 0.0 0.0 0.0 
-0.0034074027 0.0 0.0 0.0 
-0.0020582308 0.0 0.0 0.0 
0.0009790357 0.0 0.0 0.0 
0.0019651179 2.1219545e-05 -0.0085202195 0.042102512 
-0.0068917735 -0.0011914151 0.011315176 -0.062354475 
-0.0008034504 0.0 0.0 0.0 
0.0011875175 0.0 0.0 0.0 
-0.0023013735 0.008030744 -0.008120065 -0.016610203 
-0.0048370315 -0.008339475 -0.026301697 -0.00025703758 
-0.0010524263 0.0 0.0 0.0 
-9.199512e-05 0.0 0.0 0.0 
-0.0027697803 0.0 0.0 0.0 
-0.0021495267 0.0012490402 0.051379777 0.08906653 
0.000867309 -0.003605566 -0.005133034 -0.024272509 
-0.005174236 -0.0033845052 -0.06421679 0.12126094 
0.0027715587 0.0 0.0 0.0 
0.0015876435 0.0 0.0 0.0 
0.0024791325 -0.007227361 0.03238611 0.037466995 
-0.00040056978 0.0 0.0 0.0 
0.002255946 0.0 0.0 0.0 
-0.0014799857 0.0 0.0 0.0 
-0.0044384534 0.0018428694 0.009722408 -0.020938158 
0.002669232 0.0 0.0 0.0 
-0.0023702085 0.0 0.0 0.0 
0.0015357718 0.0021879126 -0.017336262 0.018180532 
0.0018579605 0.0 0.0 0.0 
-0.0008801953 -0.0055159274 -0.003758599 0.052960392 
0.0010677993 0.0 0.0 0.0 
0.0025175218 0.0 0.0 0.0 
0.0026089866 -0.004379507 0.012034065 0.17537047 
-0.0031921573 -0.030341899 0.032210015 -0.057900637 
0.0024206727 0.0 0.0 0.0 
-0.00015203882 0.0026354247 0.017971285 0.009368833 
-0.005541506 0.008619671 0.00040022703 0.00012279766 
0.0019312834 -0.00092270755 0.0052168155 0.084266625 
0.0018842521 0.0014257701 0.007649195 0.031313844 
-0.0019876694 0.0 0.0 0.0 
-0.0028260686 -0.0033868782 0.0025357623 -0.014916556 
0.0029654952 0.0 0.0 0.0 
0.0025982233 -0.000247058 0.031129599 0.09025265 
0.0007231309 0.0014745665 0.001116436 0.010236662 
0.00057083427 0.0016856608 0.021884566 -0.029016528 
0.0032267866 0.0 0.0 0.0 
0.0003441253 0.0 0.0 0.0 
0.006098512 -0.012583823 0.0074370382 -0.043193355 
0.0028720999 -0.0023567528 -0.00692992 0.037575357 
0.0025554325 0.0 0.0 0.0 
-0.002592372 0.0 0.0 0.0 
-0.0048666224 0.0 0.0 0.0 
-0.0020007992 0.0 0.0 0.0 
-0.0010885418 0.0 0.0 0.0 
0.0010357888 -0.0021454203 0.0056285467 0.031637736 
-0.0013281868 0.013911445 -0.019893391 -0.055805862 
0.0028752047 0.00032228156 -0.0060087293 0.054070458 
0.00023237315 0.0 0.0 0.0 
-0.0032933955 0.0029815957 -0.0076422226 0.037794307 
-0.003658497 -0.002042121 -0.005251847 -0.026007853 
0.005073308 0.0 0.0 0.0 
0.002138143 0.0 0.0 0.0 
-0.0019211015 0.00055535394 -0.03228221 0.012619484 
-0.0022273764 0.0 0.0 0.0 
0.002101925 0.0 0.0 0.0 
0.000315782 0.0025640095 -0.007760678 -0.022065585 
0.0001548581 0.0 0.0 0.0 
0.0008718816 0.0070788916 0.03856895 -0.004648283 
-0.00059683464 0.0 0.0 0.0 
0.0029815645 0.0 0.0 0.0 
-0.0010871205 -0.0013058716 -0.005261035 -0.008995732 
0.0025299152 0.0 0.0 0.0 
-0.0053360295 -0.00087639684 -0.0024544746 0.0 
0.0050839474 -0.0037366827 -0.00014593545 0.002379071 
0.0035324355 0.0 0.0 0.0 
-0.001227513 0.00522107 -0.016869266 0.037730552 
-0.0026521133 0.010871503 -0.0057812 0.0040634917 
0.003267904 0.0 0.0 0.0 
0.00057694054 -0.00011481957 -0.014516782 -0.0018240958 
-0.00013959919 -0.00062508625 0.026986249 0.08266888 
0.0013618548 0.0073128324 0.0042403573 0.1205875 
0.0015156047 0.0 0.0 0.0 
0.0020905328 0.0008093154 0.059194952 -0.022133179 
-0.0028209656 -0.0062665455 -0.010080835 -0.015119803 
-0.0018212919 0.0 0.0 0.0 
-0.0019702401 -0.002747901 -0.005612069 0.010305332 
0.002221674 0.0013391173 -0.0066043176 0.016256236 
0.0013391173 -0.004382644 0.016256236 -0.000588852 
0.002460952 0.0 0.0 0.0 
-0.0038680048 0.0 0.0 0.0 
-0.0026885055 -0.002042121 -0.0025633443 -0.026007848 
-0.005003718 0.0 0.0 0.0 
-0.009072224 0.0011936319 0.0002594688 0.037251987 
0.0001354511 0.0 0.0 0.0 
0.0015730138 0.0 0.0 0.0 
-0.00022643061 0.0 0.0 0.0 
0.00051685347 0.0 0.0 0.0 
0.0021469465 0.0 0.0 0.0 
0.00089073996 0.0 0.0 0.0 
-0.0013687569 -0.009311184 -0.010846561 0.028916538 
-0.0023401172 0.0 0.0 0.0 
0.00057246856 0.0 0.0 0.0 
-0.0012791185 0.0 0.0 0.0 
-0.0031774815 -0.0017000944 0.027494412 -0.013790267 
-0.0004623896 0.0 0.0 0.0 
0.0006305876 0.0 0.0 0.0 
-0.0019030541 0.0 0.0 0.0 
-0.0027817376 0.009971914 0.0018542886 -0.009004369 
0.0015358439 0.0 0.0 0.0 
0.0013589897 0.0 0.0 0.0 
-0.0015323947 0.0 0.0 0.0 
-0.003504429 0.0 0.0 0.0 
0.0010656794 0.0043881717 -0.0012497641 0.043423444 
0.0026328329 0.0024668118 0.020987662 -0.04376168 
-0.0016941883 0.0 0.0 0.0 
-0.0050781765 0.0014112974 -0.020740604 0.021270368 
0.0027858405 0.0 0.0 0.0 
-0.004841812 -0.0033573625 -0.0062763975 -0.0162261 
0.0043209484 0.0 0.0 0.0 
-0.0023370099 -0.0011753961 0.021261929 -0.03868572 
0.00076855096 0.0 0.0 0.0 
0.0034024671 -0.00015203882 -0.0007670425 0.017971285 
-0.0032487076 0.0 0.0 0.0 
-0.0013706618 0.0 0.0 0.0 
0.00436085 -0.0024721876 -0.010539093 -0.012171881 
0.0025026517 0.0 0.0 0.0 
-0.0019213412 1.9231578e-05 0.0062673967 0.12292528 
0.0014440665 0.0 0.0 0.0 
0.0010395176 0.0 0.0 0.0 
0.0039391667 0.0 0.0 0.0 
0.005634654 0.0 0.0 0.0 
0.0025955946 -0.00064355053 -0.019812044 -0.003504362 
-0.00030861018 0.0 0.0 0.0 
-0.0015241256 0.0 0.0 0.0 
0.0009971515 0.0 0.0 0.0 
-0.001675423 0.0032077273 -0.027410341 0.059176918 
-0.0014707057 0.0 0.0 0.0 
0.00068925164 -0.0028260686 -0.0015081507 -0.0016000096 
-0.0028778422 0.0 0.0 0.0 
-0.001532246 0.0 0.0 0.0 
0.0020241379 0.0 0.0 0.0 
-0.00095428067 0.0033363549 0.025971455 -0.10787131 
0.0022513543 0.0 0.0 0.0 
0.0047091288 0.0 0.0 0.0 
0.004066815 0.0 0.0 0.0 
0.0010965143 -0.005750047 0.036155265 0.10234335 
-0.0022151459 0.0021879126 -0.004965344 0.0041723177 
-0.005030495 0.0 0.0 0.0 
-0.00010738404 0.0 0.0 0.0 
-0.0009661682 0.0 0.0 0.0 
-0.0016909553 0.0 0.0 0.0 
0.0013037068 -0.0049205013 0.03740461 -0.019819446 
0.001009352 0.0 0.0 0.0 
-0.0016133399 0.0 0.0 0.0 
-0.0026059407 0.0 0.0 0.0 
0.0015106845 -0.006436994 -0.017814195 0.031259164 
-0.0012436144 0.0 0.0 0.0 
-0.002994931 0.0 0.0 0.0 
-0.0041384036 -0.00024676148 -0.013659661 0.0682722 
0.0038166777 0.0 0.0 0.0 
-0.003391391 0.0 0.0 0.0 
0.0020394954 0.0 0.0 0.0 
-1.2650516e-05 0.0 0.0 0.0 
-0.0006908069 0.0 0.0 0.0 
0.00037234335 0.0 0.0 0.0 
-0.003287352 0.0 0.0 0.0 
-0.0044850428 0.0 0.0 0.0 
-7.484804e-05 0.0 0.0 0.0 
0.00096533145 0.0 0.0 0.0 
-0.0032918353 0.0 0.0 0.0 
0.0010530634 0.00055273465 0.002050199 0.0027940692 
0.0014140288 -0.007437126 -0.008000994 -0.0068873186 
-0.005451036 0.0 0.0 0.0 
0.0027354248 0.0 0.0 0.0 
-0.0018200326 0.0 0.0 0.0 
0.004850974 0.0015681833 0.052483678 0.04583645 
0.0039216154 0.0 0.0 0.0 
0.0004016238 0.0 0.0 0.0 
-0.0018138794 0.0 0.0 0.0 
0.001223045 0.00034676757 0.001788185 0.008774411 
0.0017628435 0.0032550076 0.0056569166 -0.008444895 
-0.0002809538 0.0 0.0 0.0 
0.0021341017 0.0 0.0 0.0 
-0.0055380138 0.0025627587 0.053903017 -0.072105296 
0.0010861767 0.0 0.0 0.0 
0.00059456355 -0.0008730871 -0.0021548122 -0.003927043 
0.003911718 0.0014860586 -0.0065156952 -0.022124846 
-0.003006572 0.003223495 -0.0130042005 0.045932427 
0.0016480004 0.0 0.0 0.0 
0.0020113294 0.0 0.0 0.0 
-0.0031471085 0.0019271643 -0.0059221582 -0.02090181 
-0.00093345775 0.0 0.0 0.0 
-0.0032377667 0.0027528584 0.021239474 -0.0023497865 
-0.00073031336 -0.0011753961 0.022314833 -0.04423233 
-0.00077969575 0.0026377635 0.0015966039 -0.012659728 
0.0028327813 -0.004556856 0.019422725 -0.04356506 
-0.003557777 0.001677889 -0.0024573407 0.002067578 
0.0016011271 -0.002829391 0.0010670053 -0.018464806 
-0.0009913897 0.00043727865 -0.01869119 0.022887984 
0.001858978 -0.0013721394 -0.011596386 0.0013033599 
-0.0010713428 0.0021946381 -0.0053501893 -0.0263814 
0.0025880404 -0.011486194 0.027137289 -0.028597951 
0.0014125983 0.0 0.0 0.0 
0.0020648853 0.0055827517 -0.009221614 -0.050518245 
-0.0012118375 0.0039792964 -0.00090358406 0.0878807 
0.00054516806 -0.002295896 0.0358767 -0.041249454 
-0.0016567986 0.0 0.0 0.0 
-0.0011281342 5.1833107e-05 0.022837453 0.013932774 
-0.0013818856 0.0021879126 0.0006349515 0.005524501 
0.001762122 -0.016656574 0.043913983 0.116165206 
0.0007872997 0.0 0.0 0.0 
-0.0007027034 0.0071085235 -0.0077803954 -0.02201454 
-0.0016308541 0.0 0.0 0.0 
0.0026991682 0.0 0.0 0.0 
-0.0048211957 0.0 0.0 0.0 
-0.0015773786 0.000867309 -0.0020281873 -0.005133034 
0.0033692177 -0.004669753 0.01172327 -0.037303902 
-0.002359926 0.0026175429 -0.0077355653 -0.038479812 
-0.0044856435 0.0 0.0 0.0 
0.00040180734 0.0 0.0 0.0 
-0.0033985367 0.00035534764 0.0054498343 0.00791274 
0.000730564 -0.02763907 0.047439296 -0.10461742 
0.004119316 0.0 0.0 0.0 
-0.00272844 0.0 0.0 0.0 
0.0002952577 0.0 0.0 0.0 
0.0008134571 0.0 0.0 0.0 
-0.001874722 0.0 0.0 0.0 
0.0016861038 0.0 0.0 0.0 
0.0014594697 0.0 0.0 0.0 
-0.00023147334 0.0061539756 -0.00029079174 0.0038189199 
0.0009103936 0.0 0.0 0.0 
-0.0015448339 0.002471206 0.0038454458 0.033428453 
0.0021993208 0.0 0.0 0.0 
0.005901545 0.0 0.0 0.0 
0.0042799483 0.0 0.0 0.0 
0.0031735932 0.004691895 -0.010537595 0.003616035 
0.0020246159 0.0 0.0 0.0 
0.00051382254 0.0009490523 -0.017724048 -0.0009496184 
0.0011155885 0.0 0.0 0.0 
-0.0006094042 -0.01041173 0.021846512 -0.018968556 
-0.0006281935 0.0 0.0 0.0 
0.0010793016 0.0065926583 -0.02121954 0.14679793 
-0.0031861986 0.0 0.0 0.0 
0.0010383034 0.0 0.0 0.0 
-0.00064223126 0.0 0.0 0.0 
1.6804033e-06 0.0 0.0 0.0 
-0.004813848 0.0 0.0 0.0 
0.004056257 0.0 0.0 0.0 
-0.005238235 0.0 0.0 0.0 
-0.000816023 -0.0010119773 0.010522341 -0.025377333 
-0.00041113867 0.0021946381 -0.004939051 -0.0263814 
-0.007855959 -0.00042817777 -0.002922229 0.0009180214 
-3.6792164e-05 -0.00012449641 0.026962593 -0.043586697 
0.0014575975 0.0004778319 0.0011187105 -0.0010982133 
0.0006713078 0.0 0.0 0.0 
0.00089918653 0.0 0.0 0.0 
0.0011448655 0.0 0.0 0.0 
0.0021665068 0.0004859334 -0.018530883 0.08381743 
0.0005850827 0.0 0.0 0.0 
-0.0034411957 0.0 0.0 0.0 
0.0020926388 -0.0048864298 0.0 0.0 
0.0016632912 0.0007222437 0.0021277182 0.01842073 
0.0012145027 -0.001517256 0.03953599 -0.027558472 
-0.0003628925 0.0013267447 -0.013144744 0.013180981 
0.00047143234 -0.0010291081 -0.008614421 -0.00447712 
-0.008039491 0.0 0.0 0.0 
0.00050475553 0.0024288525 0.043830436 -0.039002914 
-0.001040485 0.0 0.0 0.0 
0.004784566 0.0 0.0 0.0 
-0.0031966933 0.0 0.0 0.0 
-0.0027008841 0.0 0.0 0.0 
-0.001867946 0.0011153296 0.017710155 0.007105939 
-0.0013029929 0.0 0.0 0.0 
0.00019312734 0.0037627555 -0.029577449 -0.036578983 
-0.0007430626 0.0 0.0 0.0 
-0.0013217586 0.0010651697 -0.015052851 0.0938586 
-0.002878062 0.0 0.0 0.0 
0.004259846 0.0 0.0 0.0 
0.006545412 0.0 0.0 0.0 
-0.0023591865 0.00040811536 -0.02982639 -0.0024104088 
0.004059918 -0.0009353361 0.01857803 -0.06261322 
0.002214 0.020769315 0.036583055 0.032536957 
-0.0048864298 0.004259146 -4.412385e-05 0.004342626 
-0.0027086993 0.025620118 0.0060425587 0.0723173 
0.0015579036 -0.004100674 -0.0038634883 0.0035985415 
0.0019303436 0.0 0.0 0.0 
0.0017251199 0.0 0.0 0.0 
0.00037971875 0.0 0.0 0.0 
0.0015974621 0.0 0.0 0.0 
-0.0011528026 0.002132608 -0.04003378 -0.0038988227 
-0.0017283306 -0.0024269116 -0.0021570374 0.007801336 
0.002749906 -0.0011753961 0.011586914 -0.04803807 
0.0037753312 0.0 0.0 0.0 
-0.001837281 0.0 0.0 0.0 
0.0007575254 0.0045242067 0.020794593 -0.05393201 
0.0019326598 0.0 0.0 0.0 
0.0012773769 0.0 0.0 0.0 
0.0033104208 0.0 0.0 0.0 
-0.001747955 0.0018083937 -0.00669212 -0.037098415 
-0.0011385536 0.0 0.0 0.0 
0.004500782 0.0034234202 -0.0106089 0.002912843 
0.0018846166 0.0 0.0 0.0 
0.0051180245 0.0048196153 0.019770155 0.105878875 
0.002403417 0.0 0.0 0.0 
-0.0022083945 0.0 0.0 0.0 
-0.00410916 -0.001867946 -0.00087402295 0.016957803 
0.004841407 0.0 0.0 0.0 
-0.0013338819 0.0 0.0 0.0 
0.0010476687 0.0 0.0 0.0 
0.0011400128 0.0 0.0 0.0 
0.00055273465 0.0011819208 0.0060853283 -0.05538246 
0.00033585622 0.009613189 0.050693043 -0.055569857 
0.0004007379 -0.012765375 0.027671788 -0.07275517 
-0.00013562347 0.002889285 -0.009987086 0.018473446 
-0.0023443757 0.0103452755 -0.03470071 -0.009355726 
0.000197374 -0.0012853114 0.0057887156 0.031632565 
0.00057947333 -0.00017412705 0.012626025 -0.16309175 
0.0044699763 0.0035236254 -0.026524179 0.020161621 
-0.0014723282 0.00033585622 0.002250651 0.06435967 
-7.903535e-05 -0.002595314 -0.0042500934 -0.010392979 
0.00045669146 -0.003571955 0.025642317 0.042216975 
-0.0013066779 0.0 0.0 0.0 
-0.0010113623 0.0017682808 -0.003305805 0.0018321646 
0.00012561484 -0.00013593255 0.0027732216 0.0017201456 
0.00090553623 0.0025719139 -0.010964029 -0.026942011 
-0.0032852644 0.0 0.0 0.0 
0.000120613164 0.0 0.0 0.0 
0.0011699836 0.0017696341 -0.0053490875 0.012285197 
-0.0016878285 0.0048113726 0.0165862 0.00035237707 
-0.0034618806 0.0035806599 -0.025047075 0.028780319 
-0.0018136887 0.0 0.0 0.0 
-0.00019518772 0.004813089 0.05055124 -0.0434176 
0.0025645748 0.0 0.0 0.0 
-0.00027469828 0.0 0.0 0.0 
0.004834872 0.0 0.0 0.0 
0.0018541459 0.0 0.0 0.0 
-0.0023026795 -0.003583812 -0.0014741644 -0.0056983666 
-0.00036022466 0.0 0.0 0.0 
0.004303845 0.0022253022 0.050922424 -0.037449557 
-0.0024294227 -0.0050781765 0.0 0.0 
-0.00083971536 0.0 0.0 0.0 
0.0013633254 0.0 0.0 0.0 
0.0044830865 0.00087144645 -0.01806648 0.036221012 
0.0020226636 0.0 0.0 0.0 
-0.00070493476 -0.0040304577 0.00395888 0.0013745464 
-0.0010950346 -0.002359782 0.0026132239 -0.0077829873 
-3.1559463e-07 0.0 0.0 0.0 
-0.0010816505 0.0032494236 0.033217657 -0.00830055 
-0.0016000096 0.00970462 0.007275885 -0.0022582933 
0.00027689303 0.0024236557 -0.006741649 -0.039588775 
0.0018476602 -0.00020965874 0.00077753066 0.0030623577 
-0.0020478352 -1.3147714e-05 -0.00456426 -0.0055973763 
0.00026752206 0.0002803658 -0.01517994 0.011139213 
-0.00059899234 0.0 0.0 0.0 
0.002107368 -0.00037887524 0.0012439112 -0.007881915 
0.0023115766 -0.003265902 0.0049796198 -0.0040758513 
-0.0009730422 0.0 0.0 0.0 
-0.00051225844 0.0 0.0 0.0 
0.0034369132 0.0 0.0 0.0 
0.0040400326 0.0062032696 0.0033695675 0.00056767487 
0.0014393349 0.0 0.0 0.0 
-0.0013912485 0.0 0.0 0.0 
0.0035803244 0.0025340295 0.013226307 -0.006406123 
0.0033414664 -0.00019274632 0.0026010713 0.00032374915 
-0.002151683 0.0038653556 -0.00067770795 -0.0011972233 
0.002506111 0.0008983752 -0.011530722 -0.050810374 
0.0027307873 0.0 0.0 0.0 
-0.00027851193 0.0 0.0 0.0 
0.002205736 0.0 0.0 0.0 
-0.0014202449 -0.0051648514 0.0064375345 -0.07311818 
-0.0029584093 0.0 0.0 0.0 
0.0021411218 0.0 0.0 0.0 
-0.00013593255 0.0028988363 0.0017201456 -0.0047114035 
-0.002224987 0.0 0.0 0.0 
0.0025247184 0.0 0.0 0.0 
0.0042841467 0.0016576579 -0.018849496 -0.019822769 
0.0048113726 0.014412763 0.007093881 0.03746082 
0.0031381203 0.0 0.0 0.0 
-0.00033129373 0.0026089866 0.005996543 0.010267213 
-0.002190473 0.0 0.0 0.0 
0.0002944976 -0.00031646807 0.010132313 0.03352164 
0.0006265548 -0.0007214658 0.0051215757 0.045265183 
-0.0017176596 0.0021191027 0.026971258 -0.049188726 
-0.0023782344 0.0 0.0 0.0 
0.00024774636 -0.0101776635 -0.059533708 0.05143278 
-0.0011236629 0.0 0.0 0.0 
0.001376094 0.002661534 0.0009954041 0.018017113 
0.009172828 -0.0022451826 0.021009903 -0.012379769 
0.002548923 -0.008635623 -0.02607686 -0.011928692 
0.00016442384 0.0 0.0 0.0 
-0.0009704946 0.0 0.0 0.0 
0.0037085782 0.0033722816 -0.03003944 -0.022481482 
-0.0010476675 0.0011580307 0.038104177 -0.05318375 
0.005499604 0.00034676757 -0.001951633 0.009603169 
0.003604871 0.0043429364 -0.0034741093 0.004308682 
-0.0020329177 0.004564589 -0.028720364 0.020042773 
-0.0019527461 0.0 0.0 0.0 
-0.0009406811 -0.0001270551 0.007298572 0.017667845 
-0.0002285448 -0.0032162478 0.024549637 -0.09554379 
-0.00085170567 0.0 0.0 0.0 
-0.0009317365 0.0 0.0 0.0 
0.0016684269 0.0020648853 0.003663775 -0.009923432 
0.00043568294 -0.010262841 -0.014793351 0.06544822 
-0.00085945043 0.0016528075 -0.01757402 0.017856164 
-0.0012948296 -0.00513516 0.0041227294 0.025774073 
-0.0010984186 0.0041510463 0.0004536733 0.038169827 
-0.0027976846 0.0 0.0 0.0 
-0.0047748294 0.0017598611 -0.010470575 0.0025570523 
0.0033426182 -0.0074442085 0.0036376603 0.03282971 
-7.5538887e-06 0.0 0.0 0.0 
0.003379139 0.0 0.0 0.0 
-0.00010230712 0.0 0.0 0.0 
0.004678023 0.0 0.0 0.0 
0.0037250489 0.00054516806 0.004623712 0.026045732 
-0.0024479828 -1.0537682e-05 0.0043479735 0.0087460065 
-0.0021854867 0.0 0.0 0.0 
-0.00014953851 0.0007602266 -0.0025201386 -0.0017517665 
0.00063422765 0.0 0.0 0.0 
0.000850971 0.003206907 -0.005167352 0.028734412 
-0.0012507825 0.0046702297 0.005982725 0.0062484085 
0.0010396031 0.004460653 0.01661044 0.019566283 
-0.005023022 0.0 0.0 0.0 
0.0019762302 0.0 0.0 0.0 
0.0028557444 0.0 0.0 0.0 
-0.0006472424 0.003345516 -0.0032136787 -0.004751008 
0.0013156233 0.00075525977 -0.002249714 0.05584968 
-0.00038510948 0.001416109 -5.9328922e-05 -0.011808247 
-0.0016112212 0.00040811536 -0.023255248 -0.0014908744 
-0.0024898974 0.0033722816 -0.027549544 -0.022481482 
-4.9639693e-05 0.006179203 -0.05725002 0.03436096 
0.002213383 0.0 0.0 0.0 
-0.0020630544 0.0 0.0 0.0 
0.0023003214 0.0 0.0 0.0 
0.00082458684 0.0 0.0 0.0 
-0.0004475289 0.0 0.0 0.0 
-0.00069029426 0.0 0.0 0.0 
0.0021946381 -0.0064215325 -0.0263814 -0.02126769 
0.0022701728 0.0 0.0 0.0 
-7.144418e-05 -0.0049375263 0.016512182 -0.0015923753 
0.0029942545 0.0007441232 0.0021518278 -0.016594037 
-0.00067770795 0.00040390377 -0.018464804 -0.02979959 
0.0016804499 0.0 0.0 0.0 
-0.002533197 0.0 0.0 0.0 
0.00073401275 0.0 0.0 0.0 
-4.1066756e-05 0.0 0.0 0.0 
-0.004308071 0.000260377 -0.009151839 -0.015064522 
-0.0026656224 0.010740869 -0.0067457817 0.011821454 
0.00087179977 0.013485026 -0.012490109 -0.027042814 
0.0027635724 -0.00696862 0.00049670425 0.018401949 
-0.00097401644 0.0 0.0 0.0 
-5.5845252e-05 -0.0011360679 0.004404368 0.0030360557 
-0.0010119773 0.010279348 -0.0312009 -0.0077633876 
-0.0030567816 0.001762122 -0.010788321 0.019542534 
0.004461891 -0.001751265 0.014593953 -0.03057082 
0.0030766802 0.0 0.0 0.0 
0.00059263106 -0.0017000944 0.011053061 -0.03341644 
-0.00073521835 0.002651278 -0.0016569073 0.011028557 
-0.0016870191 0.0 0.0 0.0 
-2.829138e-05 0.0042905114 -0.0313738 0.019504966 
0.0038869346 0.0013264613 -0.008585865 0.08573335 
-0.0039636157 0.0 0.0 0.0 
-0.000884871 -0.003791636 -0.0035732132 0.009382813 
0.0010260977 0.0030293125 0.0043874397 -0.026394075 
-0.005472316 -0.008835662 -0.031903982 0.098014235 
-0.0034883746 0.0 0.0 0.0 
-0.0039935964 -0.0052669165 -0.028890435 -0.03511545 
-0.00010755989 -0.008999629 0.009315653 -0.04092238 
-0.0019632035 0.0016929924 0.0028151819 -0.01732184 
-0.002526472 0.0058004293 -0.0018243968 0.0016045303 
0.005049617 0.0 0.0 0.0 
0.0018676859 0.0034197615 -0.014362451 0.061515313 
-0.00075434084 0.0 0.0 0.0 
-0.00078467536 0.0 0.0 0.0 
0.00082402525 0.013330072 0.02570182 -0.055119134 
-0.004396397 0.0029168818 0.0017127427 0.008436758 
0.0006418109 0.0 0.0 0.0 
-0.0055196323 -0.0013780077 0.0 0.0 
0.00031065178 0.003061844 -0.027964063 0.0023219474 
-0.00039590028 0.0 0.0 0.0 
0.00081690995 -0.0014298662 -0.020480499 0.03003566 
-0.0025253824 0.0 0.0 0.0 
-0.0004734506 -0.0070423996 -0.008058306 -0.00014975434 
0.00020901306 0.0016577207 -0.0165887 0.0539561 
-0.0017434971 0.0 0.0 0.0 
0.0042801294 -0.0023207725 -0.0020122365 -0.050454263 
0.0025078694 -0.0050875396 0.00018239825 -0.002043264 
0.00031487813 0.0018268009 -0.004004156 0.0061502475 
-0.0029025322 0.0 0.0 0.0 
-0.004095544 0.00054224115 -0.032402787 -0.008754386 
-0.0020234904 -0.0102682365 -0.045748293 -0.010850415 
-0.0021648358 0.0 0.0 0.0 
0.00035589378 0.004337006 -0.0034940252 -0.00055182754 
-0.0009921829 0.0042628893 -0.012174698 0.0067263953 
0.004713434 0.0003902259 0.015437859 0.015370652 
0.0014871295 0.0 0.0 0.0 
0.0038358872 0.0 0.0 0.0 
0.0021754254 0.0012002629 0.008656222 0.021494403 
-1.601893e-05 -0.012032489 -0.016200708 -0.017787067 
0.002135431 -0.0073997276 0.0004219066 -0.0018971991 
-0.002745689 -0.006174703 0.017409228 0.009494058 
-0.0008995864 0.0 0.0 0.0 
-0.0014175316 0.0 0.0 0.0 
-0.0003844247 0.0021879126 -0.0013649387 -0.0018916875 
0.00075909926 0.005958157 -0.00034783653 -0.0028774908 
-0.0036672947 0.007654289 0.002601898 0.0036155516 
-0.0006455396 0.0 0.0 0.0 
0.0015172242 0.0 0.0 0.0 
-0.003272001 0.0 0.0 0.0 
-0.0032089 0.0 0.0 0.0 
-0.0043914253 0.0 0.0 0.0 
0.001775589 -0.00029838123 -0.00022885746 -0.003492937 
0.003715197 0.0 0.0 0.0 
0.0023759764 0.0 0.0 0.0 
0.0058711744 0.0 0.0 0.0 
0.0032855105 0.0009262478 -0.027597051 0.024001142 
-0.002424144 0.0 0.0 0.0 
-0.0019341293 0.0 0.0 0.0 
-0.0006074182 -0.0015311468 -0.00017964479 0.006275931 
-0.0007386421 -0.00020402414 0.016209532 -0.014905451 
0.0007222437 -0.0013224883 -0.009142892 0.017994946 
0.00013679481 0.0 0.0 0.0 
-0.0005442374 -0.0018189579 -0.0031913284 -0.0035017794 
-0.0004519423 0.0 0.0 0.0 
-0.0015693686 0.0 0.0 0.0 
0.0007602266 -0.00042234838 0.008557036 -0.01868672 
-0.0009516944 0.0 0.0 0.0 
-0.0015747679 -0.00011481957 -0.013847551 -0.0045108288 
0.0016055377 -0.0027275574 0.0064940164 0.032307316 
-0.0056846878 0.0 0.0 0.0 
0.00081392087 0.0 0.0 0.0 
-0.0036401614 0.0 0.0 0.0 
-0.0031786535 -0.0019670646 0.0055714133 -0.050590247 
-0.0037963972 0.0 0.0 0.0 
0.0008749615 0.0 0.0 0.0 
0.0008995409 0.0 0.0 0.0 
-0.0011860274 0.0 0.0 0.0 
0.0006763935 0.0 0.0 0.0 
-0.0001491078 0.0 0.0 0.0 
0.0008108088 -0.0029858672 -0.019321373 -0.019677721 
-0.0009048656 0.002548923 -0.0018333208 -0.01089825 
-0.00042817777 -0.013103036 -0.031976577 0.0153323 
0.0012846831 -0.00134205 0.0074699568 -0.01144324 
-0.0005829142 0.027172316 0.041468643 -0.070584 
0.0035803744 0.0 0.0 0.0 
-1.7001115e-05 -0.0025865415 0.0 0.0 
-0.00087664515 0.007122949 -0.0022326843 0.017252695 
0.00014614314 0.0 0.0 0.0 
0.0009543173 0.005475063 -0.0022502868 0.065412536 
-0.0005752753 0.0 0.0 0.0 
0.00188189 0.0 0.0 0.0 
0.0006971647 -0.0043667248 -0.0028422913 -0.040895954 
-0.004560708 -0.00650027 -0.040628612 0.08650192 
-0.0042930585 0.0 0.0 0.0 
0.002888359 0.0 0.0 0.0 
-0.00073048123 0.0 0.0 0.0 
-0.0020089028 0.0 0.0 0.0 
-0.00073977764 -0.0036202131 0.009704905 -0.05682715 
-0.0013507402 -1.8248451e-05 -0.015039621 -0.06547654 
0.0018416919 -0.0065673427 0.0 0.0 
-0.0028174797 0.0018416919 -0.003163677 0.0 
-0.0003075692 -0.0024922683 0.041835733 -0.040935613 
-0.0018189579 -0.0037355658 -0.0035017794 0.0035153208 
0.0030883655 0.0 0.0 0.0 
-0.00021429548 -0.0028566646 0.006197223 -0.011677703 
0.000731841 -0.0036834078 -0.01643503 -0.025533479 
0.00049660756 -0.0018476455 -0.0010629096 -0.06611204 
-0.0017474744 0.0 0.0 0.0 
-0.0021102459 0.0033947916 -0.025558982 -0.029160846 
0.0046194657 0.0043881717 -0.006741029 0.03990359 
0.004058376 0.0 0.0 0.0 
-0.00541831 -0.00406065 0.0007462045 -0.026520483 
0.0025326663 -0.0038018536 -0.00013189763 -0.035361625 
0.0017593238 -0.0008638003 0.007028152 -0.015351923 
0.00030505544 -0.0026966548 -0.017825088 0.024842238 
-0.0006256872 -0.0056605404 -0.023101686 -0.054381095 
0.0051230267 -0.0056570205 -0.02262653 -0.014480241 
-0.0014344068 0.0 0.0 0.0 
-0.0035028434 0.001842466 0.00091249077 -0.0072081387 
-0.0039899927 -0.0015361016 -0.018116515 0.02883166 
-0.0027850564 0.0056310277 -0.034145452 0.002738119 
-0.0015479511 0.0032764245 0.044863388 -0.12550837 
-0.00076476875 0.0046663727 -0.003218756 -0.0009106444 
0.0037200009 0.0 0.0 0.0 
-0.0010847452 0.00012279766 -0.0040300195 -0.012566039 
-0.0021446743 0.00080807856 0.013014014 0.0056197066 
0.0032171356 -0.004095544 -0.0028277114 -0.022935381 
0.0010480486 0.0016856608 0.016484346 -0.016324067 
0.0011706777 0.0023743426 0.0040775673 0.009156939 
-0.0011846037 0.0 0.0 0.0 
0.0024942304 0.0 0.0 0.0 
-0.0032661937 0.0 0.0 0.0 
0.0007708172 0.0011183205 -0.0117855575 0.015668796 
-0.00080842635 -0.0005829142 0.017892875 0.051880963 
0.0023482663 -0.0021414428 -0.0128753185 0.0043283966 
0.0033529196 0.0047418885 0.0019325784 0.013345898 
0.0038226654 -0.00134205 0.003647291 -0.011443239 
0.003202999 0.0027069638 0.0006233228 0.00018750923 
-0.00019476561 0.0026796479 -0.006723156 -0.018674131 
0.0021879126 -0.020238943 0.013289429 -0.16289 
-0.0003314597 0.0021879126 -0.009017702 0.015699714 
-5.9328922e-05 -0.018106762 0.00011441298 0.084012225 
-0.0019335045 -0.001745369 0.03998154 -0.02720046 
0.0017904408 0.0027845912 -0.01643981 -0.046475545 
0.0009014341 0.01013962 -0.017954528 -0.09648526 
-0.0009963159 -0.0020735383 0.006117236 -0.0007870216 
-0.0067762653 -4.0512532e-07 -0.043440565 0.027730089 
0.0055214525 0.018125573 -0.058861766 -0.11461416 
0.0011542583 0.007991138 0.0081567 -0.047221392 
0.00076766656 -0.001338406 -0.010190364 -0.024129879 
-0.0029957015 0.0021680016 0.0 0.0 
0.0009598849 -0.0027498147 -0.012976941 -0.04977323 
0.0024696854 -0.00092137954 0.0045584664 -0.015351924 
0.0028297466 -0.00602614 0.0010033194 0.009145348 
0.0046222066 -0.0034364252 -0.0034943565 -0.0017773698 
-0.003068162 -0.000793491 0.0025466336 0.006632492 
-0.0042599197 0.007728966 -0.049099214 -0.006116448 
-0.005037658 -0.0039455127 0.01561816 0.004790443 
0.000260377 -0.0106995385 -0.028337285 -0.04015424 
0.0017259902 -0.0136353215 0.006412142 -0.068486884 
-0.00036267727 0.0006832378 -0.0006568851 -0.07234587 
-0.00078347884 0.00034676757 -0.0005318308 -0.0052084452 
0.0020760426 0.0 0.0 0.0 
-0.001642218 0.001762122 -0.012458491 0.023994207 
0.001181655 0.0014245805 0.037179764 -0.08103647 
-0.0021490986 0.013904079 -0.0047065844 -0.11290392 
0.0019302481 0.0021879126 -0.0013537612 0.0010783835 
0.0013925931 -0.0033377626 -0.013220098 -0.012744402 
0.002092615 0.001249359 0.010563511 0.017280292 
0.0011616624 0.0051734825 -0.00786237 0.0038097827 
-0.0043202303 0.0024791325 -0.0029071309 0.03238611 
7.8928766e-05 -0.011290239 -0.031336226 0.08879697 
-0.004092955 7.8928766e-05 -0.0069588087 0.0035193413 
0.003534268 0.0 0.0 0.0 
0.0010682407 0.0021754254 -0.00073977764 -0.0017000944 
-0.00042507032 0.000260377 -0.00076340116 -0.024762154 
-0.0013780077 -0.0055196323 0.0 0.0 
0.0016929924 -0.0037139757 -0.008756955 -0.12087932 
0.0008987614 -0.0019055229 0.005579381 0.007713046 
-0.002359782 0.0015181892 -0.007782988 0.0015762816 
-0.00078823004 -0.011501141 -0.0022347174 0.07359551 
-0.0015458413 -0.0002742121 -0.033984683 -0.037930038 
-0.005037346 -0.00514569 -0.019418307 -0.029150786 
-0.0029986526 0.0036537978 0.005055484 0.0046785884 
-0.00030878236 0.0 0.0 0.0 
0.0033722816 -0.026871832 -0.022788621 0.023882397 
-0.0011294339 -0.00087639684 -0.0013250408 0.0 
-3.289973e-05 0.00052291574 -0.018039884 0.095638074 
-0.0019717116 -0.0036418075 0.0003319066 0.00014051702 
0.00017740972 0.0009543173 0.007930014 0.0076696207 
-0.003305805 0.016292004 0.027143497 0.09263717 
-0.0058137444 -0.0022850276 0.00467183 -0.034627356 
0.0016706663 0.0018838407 0.009446435 0.09456304 
-4.723722e-05 0.008770685 0.026606165 0.01190858 
-0.0011109787 -0.0014312122 -0.01058058 0.022871692 
-0.0019623209 0.0 0.0 0.0 
-0.0017676199 -0.0005829142 0.008324833 0.030748863 
-0.0032027112 -0.007951662 0.014471859 -0.08080054 
0.0041241203 0.0055214525 0.0046688397 -0.047219165 
-0.0027220503 -0.0031913284 0.0025260756 0.004099578 
-0.00481766 0.00095525477 0.00454296 0.02884211 
-0.0008674109 -0.0058137444 0.0 0.0 
0.0050243754 0.00050872925 0.0 0.0 
0.0073573696 -0.004314757 -0.00012941752 -0.044736706 
-0.0011753961 0.00956412 -0.047329158 0.2972566 
-0.0012397701 -0.0011753961 -0.0021786727 -0.04642918 
-0.0037695167 0.0 0.0 0.0 
-0.0006407531 -0.00073990505 -0.0007572781 0.008324441 
-0.0020028304 0.00057947333 -0.0019845706 0.029285219 
-0.0006823092 -0.0054845805 0.02990483 -0.09374486 
-0.0034807764 0.000608337 -0.001857147 0.0 
-0.0011944978 -0.011189788 -0.022450868 -0.00042332895 
0.0008958468 -0.00086008874 -0.005892869 0.008616796 
0.00063444773 0.0043267948 0.0024583703 0.016254485 
-0.0028481958 -0.0013529458 -0.0024235304 0.0034701047 
0.0002805392 0.0050243754 0.0 0.0 
-0.002229557 0.004576072 0.02402431 0.05314099 
0.0029471645 -0.002595314 0.0017169686 -0.006303436 
-0.0013784843 -0.0069288267 -0.011491773 -0.015179983 
0.0043010595 -0.0034861283 0.00070731156 0.010772885 
-0.0043503433 -0.0022286093 -0.008336648 0.0 
-0.0033469298 -0.0043503433 0.0011183205 -0.008336648 
0.0013163239 0.0021946381 -0.004396397 0.0007222437 
0.0012157267 -0.0011944978 -0.0016505386 -0.026429202 
-4.796014e-05 -0.00029993994 0.0047377306 -0.0031931428 
-0.001852555 0.01130831 -0.018416483 0.07448745 
0.001460679 -0.00413137 0.008483859 -0.032913715 
0.0007811592 0.005146082 -0.01659404 -0.026862627 
0.0043881717 -0.00018408464 0.043423444 -0.041705176 
-0.0013513888 0.0009330923 -0.00029838123 0.0015467315 
-0.00062941504 0.0021879126 -0.0073342016 0.0134769585 
0.004462596 0.0017173777 -0.023051627 -0.02055009 
-0.001756704 0.0045513017 -0.023734853 0.022132976 
0.0022641297 -0.0014203948 0.009447906 -0.01027951 
-0.0017000944 0.024316927 -0.013790267 0.079344474 
0.0005596342 0.004089392 -0.002530218 0.0053016096 
-0.00063981896 -0.0013947265 -0.007349436 -0.017376523 
0.00075447845 -0.0012521301 7.888023e-05 0.06547414 
-0.002937348 0.0021879126 -0.0017712703 0.010445895 
-0.000790772 0.0064837094 0.024062239 0.023798825 
0.005085034 0.0012019814 -0.00017865282 0.0021202858 
-0.0019245048 -0.0010281623 -0.013140244 0.013419985 
-6.3144944e-05 0.00027744778 0.0005206053 -0.0032310672 
0.0045299046 0.0029110434 -0.006337967 0.009598265 
-0.0012279669 0.001493434 -0.010640755 0.0040265187 
8.585782e-05 -0.0038541898 -0.00011481957 -0.0025494574 
0.004117495 -0.0012507825 0.0 0.0 
-0.0011786706 0.004283632 0.00073744985 -0.020410527 
-0.00024340421 0.008859714 -0.007133436 -0.037323643 
0.0028655734 -0.00027067913 0.007696907 -0.0046425783 
-0.000159286 0.0025046011 -0.015113254 0.024852237 
0.0012201436 0.0 0.0 0.0 
0.0031708642 0.003699779 -0.022761567 -0.013635732 
-0.005414272 0.013044093 -0.04440949 0.06285728 
0.0019271643 -0.009069268 -0.02090181 -0.05663479 
-0.0022561026 -0.0016802909 -0.007973461 -0.011164181 
0.00039867402 0.021052368 0.01072217 0.04413636 
-0.00029797465 -0.002196032 0.015282663 -0.03589129 
0.0005635646 0.0064315125 -0.030349124 -0.031470776 
-0.00096007023 -0.012036197 0.008751582 -0.028085519 
0.001677889 -0.004538187 0.004715562 -0.03024415 
0.0009689624 0.003699779 -0.010626294 -0.006593412 
-0.0037104227 0.0 0.0 0.0 
0.00054277567 0.0015118663 -0.01116907 -0.0065934113 
-0.00423983 0.0015118663 -0.0069292407 -0.006593412 
0.002334817 0.0033659611 -0.010336453 -0.004483859 
-0.0050775507 -0.0039031971 0.01122339 0.0076540327 
0.001394052 -0.00096007023 -0.013755897 0.024491856 
-0.0016909742 -0.012553597 0.023992827 -0.018637558 
0.0062342426 -0.00012733322 -0.011040362 0.041994974 
-0.0024417846 -0.016105914 -0.008790288 0.01833029 
0.001733144 0.0043431623 0.0049371533 -0.015984416 
-0.0028527065 -0.0039899927 -0.0049612746 -0.0014816875 
0.0004345852 0.0 0.0 0.0 
-0.0004510241 -0.00020965874 0.0012285548 0.0030623577 
-0.0037796225 0.0008054655 0.023273595 -0.027970122 
-0.004232957 -0.0007401216 -0.006089838 -0.026287567 
-0.00014125621 0.004462596 0.0 0.0 
-0.0054895543 -0.00032988313 0.0009844294 0.00041740312 
-0.0021454203 0.009273322 0.038063217 0.002113225 
0.0012593146 -0.0006823092 -0.004415973 -0.012521347 
-0.00094598497 -0.0007210898 0.018206682 -0.013651775 
0.0003218332 -0.00018535019 0.012612654 0.019174619 
0.004259029 -0.0005775357 -0.0006823092 -0.009011808 
-0.0028765227 0.0 0.0 0.0 
-0.0007865488 0.004259029 0.0 0.0 
-0.0018456461 -0.00087639684 0.0005206053 0.0 
-0.0032031753 0.0023252952 0.0 0.0 
-0.0054546283 -0.0018066621 -0.0009008314 0.008615885 
0.00075093313 0.0024447264 0.0017515337 -0.0036873631 
-0.00432379 -0.0085258 -0.0021732678 -0.01842014 
-0.0016299244 0.006956825 -0.009114228 0.005097065 
0.0017682808 -0.004317167 0.0018321646 0.0348749 
-0.001592771 -0.0034807764 0.0 0.0 
0.0010018261 0.0010071774 0.0062716403 0.06707542 
-0.0012836432 0.0 0.0 0.0 
-0.005983676 0.0015579036 0.0018830018 -0.003863488 
0.002823278 0.00036813458 -0.012133532 0.039656676 
0.003712985 -0.0005302547 -0.018291822 -0.026632551 
-0.0032585033 -0.006659139 0.001782829 -0.020942017 
-0.004407044 -0.00094598497 0.0021513323 0.019611327 
0.008145831 0.002214 0.0057357596 -0.0011346058 
0.0031058628 0.0015829774 -0.004251671 0.00022601709 
-0.0002900695 -0.0020393352 0.003354175 -0.010589914 
-0.0016802441 0.006021293 0.014223461 -0.04059073 
-3.2369328e-05 -0.0026721267 -0.0072343154 -0.01559196 
0.0004584179 0.0 0.0 0.0 
-0.00059459644 -0.0020532014 -0.0116353715 -0.0028809505 
-0.004359841 0.00034676757 -0.0037583888 -0.0037692906 
0.005774381 -0.0014580336 0.00026340317 -0.03333982 
-0.003163677 0.0018416919 0.0 0.0 
0.0024787239 -0.0030731766 -0.0003030371 -0.0074980166 
-0.006237118 -5.9328922e-05 -0.0060956497 -0.0043331566 
0.002561352 -0.0021495267 -0.0012030498 0.006400268 
-0.0036586954 -0.0029020207 -0.000107620726 -0.007491671 
-0.002569754 2.4610405e-05 0.0013035919 0.020416772 
0.0010773207 0.0006143665 0.0041266447 0.0030623577 
0.0041401405 0.0 0.0 0.0 
0.0009020586 0.0 0.0 0.0 
-0.0022118853 0.0016089276 0.0033094615 0.02028346 
-0.0012030498 0.0042507416 0.005355702 0.0032936763 
-0.0026958103 -0.0022357374 -0.0026065456 0.0 
0.0046777087 0.0020648853 -0.002595314 -0.0052944873 
-0.0009795091 -0.0011753961 0.00017597209 0.034420162 
-0.0023354234 0.008619671 0.0027356502 0.00012279766 
-0.002546704 0.0016878385 0.02481828 -0.023288276 
0.003217183 0.0006265548 0.0015118663 -0.015675325 
0.0012530463 0.00017597209 0.032792524 -0.017197466 
-0.0007333931 -0.0041384036 -0.000884871 0.00034676757 
0.00021280347 0.0 0.0 0.0 
-0.00085097045 -0.002042121 -0.006947316 -0.015532035 
-0.003012175 -0.002595314 0.0047291424 -0.006303435 
-0.0015311468 -0.000787063 0.006275931 0.004675367 
-0.0006785716 0.012807665 0.022637315 -0.11744024 
0.003310507 -0.0006785716 0.0005783746 0.006902665 
0.0026520127 -0.00044042635 0.023025658 -0.017917022 
-0.0009767733 0.007953132 0.0033012484 -0.0143677015 
-0.0029547294 0.0025390913 0.0036806623 -0.0041372245 
0.004314958 0.00017597209 0.028477564 -0.017197462 
-0.0016575803 0.0009014341 0.02540177 -0.007817431 
-0.0022329884 -0.003953417 -0.006369274 0.0139285205 
-0.0022651707 0.004461891 -0.0017000944 0.011645692 
0.0022190728 -0.0018007437 0.0 0.0 
-0.0016745849 -0.0006943093 -0.00058245286 -0.0016856976 
0.00021155537 -0.0007027034 -0.0012408348 0.013628555 
0.0025745684 0.00022286252 0.017368823 -0.005297671 
-0.0007103488 0.0005642374 6.45205e-06 0.0 
-0.0010810789 -0.0015311468 0.0 0.0 
0.005958157 -0.0035690377 -0.0028774908 -0.0104968995 
0.0007352861 -0.00022885746 -0.004359319 -0.0022739149 
-0.0017849895 -0.0006407531 0.0 0.0 
0.0058962847 0.0057128067 0.0111468 0.005378534 
0.0010842767 -0.0024417846 0.0 0.0 
0.004118114 0.0016878385 0.011014052 -0.024800142 
0.0013029687 0.000260377 0.0 0.0 
-0.0010038433 0.0 0.0 0.0 
-0.00014775437 0.0 0.0 0.0 
-0.004248139 0.0 0.0 0.0 
-0.0014263764 0.0 0.0 0.0 
0.0041303965 0.0 0.0 0.0 
-0.002784963 0.0 0.0 0.0 
0.0059131784 0.0 0.0 0.0 
-0.0024229689 0.006146024 -0.0030724895 0.0135023305 
-0.00035063474 0.0 0.0 0.0 
0.0040264525 0.0 0.0 0.0 
0.00072241353 0.0 0.0 0.0 
-0.0029562954 0.0 0.0 0.0 
-0.003519875 0.0 0.0 0.0 
0.0014851909 0.0 0.0 0.0 
0.0019482855 0.0 0.0 0.0 
0.00076599914 0.0 0.0 0.0 
-0.00013330593 0.0 0.0 0.0 
-0.0010041134 0.0 0.0 0.0 
0.0037808418 0.0036485824 -0.012118433 0.03913944 
0.00066017016 0.0 0.0 0.0 
0.0006533104 0.0 0.0 0.0 
0.0026589648 0.0 0.0 0.0 
-0.003184938 0.0 0.0 0.0 
0.00012604667 0.0 0.0 0.0 
0.0026350385 0.0 0.0 0.0 
-0.00036024777 0.0 0.0 0.0 
0.0022742962 0.0 0.0 0.0 
0.005901315 0.0 0.0 0.0 
-0.0026842873 0.0 0.0 0.0 
6.45205e-06 -0.00908204 -0.036728006 0.059786562 
-0.00198492 0.0 0.0 0.0 
0.0026231555 0.0 0.0 0.0 
-0.0028117318 0.0 0.0 0.0 
-0.0002761279 0.0 0.0 0.0 
0.002225211 0.0 0.0 0.0 
0.0022352526 0.0 0.0 0.0 
0.0035272539 0.0 0.0 0.0 
0.0032525742 0.0 0.0 0.0 
0.0049540596 0.0 0.0 0.0 
0.0021228108 0.0 0.0 0.0 
0.0016057676 -0.000113460934 -0.0033917385 0.0037740925 
-0.0045742183 0.0 0.0 0.0 
-0.0026691847 0.0 0.0 0.0 
0.0015945422 0.0 0.0 0.0 
-0.001917981 0.0 0.0 0.0 
0.0038532552 0.0 0.0 0.0 
-6.318134e-05 0.0 0.0 0.0 
0.0038705936 0.0 0.0 0.0 
0.00038033948 0.0 0.0 0.0 
0.00031040498 0.0 0.0 0.0 
-0.0006788828 0.0 0.0 0.0 
-0.0011644755 0.0 0.0 0.0 
-0.0005703733 0.0 0.0 0.0 
5.828583e-06 0.0 0.0 0.0 
-0.004892679 0.0 0.0 0.0 
-0.0025493833 0.0 0.0 0.0 
-0.0016863152 0.0 0.0 0.0 
0.0028516012 0.0 0.0 0.0 
-0.0020532452 0.0 0.0 0.0 
0.003539188 0.0 0.0 0.0 
-0.00046580992 0.0 0.0 0.0 
0.0016651907 0.0 0.0 0.0 
0.0004083467 0.0 0.0 0.0 
0.0018408393 0.0 0.0 0.0 
-0.0011633534 0.0 0.0 0.0 
0.004113838 0.0 0.0 0.0 
0.0042507076 0.0 0.0 0.0 
-0.0028715609 0.0 0.0 0.0 
0.0023389403 0.0 0.0 0.0 
-0.0006250293 0.0 0.0 0.0 
-0.00020787027 0.0 0.0 0.0 
0.0002238698 0.0 0.0 0.0 
-0.00380366 0.0 0.0 0.0 
0.0009291054 0.0 0.0 0.0 
0.0028406316 -0.006926001 0.0 0.0 
0.0041962718 0.0 0.0 0.0 
-0.0025163179 0.0 0.0 0.0 
-0.00026832306 0.0 0.0 0.0 
0.0042703934 0.0 0.0 0.0 
0.0018195988 0.0 0.0 0.0 
-0.0021022854 0.0 0.0 0.0 
0.0023117182 0.0 0.0 0.0 
6.60381e-06 0.0 0.0 0.0 
-0.0005012698 0.0 0.0 0.0 
-0.0005829981 0.0 0.0 0.0 
0.00080345914 0.0 0.0 0.0 
0.0032034651 0.0 0.0 0.0 
0.0007174202 0.0 0.0 0.0 
-0.0018609494 0.0 0.0 0.0 
0.0015021389 0.0 0.0 0.0 
0.006224323 0.0 0.0 0.0 
0.00068220764 0.0 0.0 0.0 
-0.0010532105 0.0 0.0 0.0 
-0.0019916159 0.0 0.0 0.0 
-0.0024742305 0.0 0.0 0.0 
-0.0013780124 0.0 0.0 0.0 
-0.006926001 0.0028406316 0.0 0.0 
-0.00020374519 0.0 0.0 0.0 
0.0025379532 0.0 0.0 0.0 
0.00046439524 0.0 0.0 0.0 
-0.0032571068 0.0 0.0 0.0 
0.0022038983 0.0 0.0 0.0 
-0.0020679885 0.0 0.0 0.0 
0.0039480035 0.0 0.0 0.0 
-0.0015669825 0.0 0.0 0.0 
-0.0020549283 0.0 0.0 0.0 
-0.0010309586 0.0 0.0 0.0 
-0.0023250417 -0.00010336996 -0.004225474 -0.008067037 
0.0015254412 0.0 0.0 0.0 
-0.0040195766 0.0 0.0 0.0 
-3.949176e-05 0.0 0.0 0.0 
-0.0010819851 0.0 0.0 0.0 
-0.0042694444 0.0 0.0 0.0 
0.0016433536 0.0 0.0 0.0 
-0.0033673125 0.0 0.0 0.0 
0.004344519 0.0 0.0 0.0 
0.0028816604 0.0 0.0 0.0 
-0.005161415 0.0 0.0 0.0 
-0.0013930023 0.0 0.0 0.0 
-0.0020042064 0.0 0.0 0.0 
0.003425296 0.0 0.0 0.0 
-0.0034453326 0.0 0.0 0.0 
0.0020293007 0.0 0.0 0.0 
-0.0018927593 0.0 0.0 0.0 
0.001895664 0.0 0.0 0.0 
-0.0018877761 0.0 0.0 0.0 
0.0011696361 0.0 0.0 0.0 
-0.0019902652 0.0 0.0 0.0 
0.0006798341 0.0 0.0 0.0 
-0.000662027 0.0 0.0 0.0 
-0.0022964987 0.0 0.0 0.0 
-0.0026451962 0.0 0.0 0.0 
-0.0032260197 0.0 0.0 0.0 
0.0010749162 0.0 0.0 0.0 
-0.002313953 0.0 0.0 0.0 
0.0005996555 0.0 0.0 0.0 
0.0011664256 0.0 0.0 0.0 
-0.004233627 0.0 0.0 0.0 
-0.0030429203 0.0 0.0 0.0 
-0.00017922175 0.0 0.0 0.0 
7.475629e-05 0.0 0.0 0.0 
0.003480801 0.0 0.0 0.0 
0.0060683475 0.0 0.0 0.0 
-0.0014167286 0.0 0.0 0.0 
-0.00064743386 0.0 0.0 0.0 
-0.0011897815 0.0 0.0 0.0 
-0.0030499678 0.0 0.0 0.0 
-0.0033678664 0.0 0.0 0.0 
-0.0016796128 0.0 0.0 0.0 
0.000119408905 0.0 0.0 0.0 
-0.0015714221 0.0 0.0 0.0 
-0.0021130806 0.0 0.0 0.0 
0.0006120878 0.0 0.0 0.0 
0.002927361 0.0 0.0 0.0 
0.005241258 0.0 0.0 0.0 
-0.0040288772 0.0 0.0 0.0 
-0.005474543 0.0 0.0 0.0 
-0.00026467477 0.0 0.0 0.0 
0.0023715913 0.0 0.0 0.0 
0.0004075833 0.0 0.0 0.0 
0.00017713275 0.0 0.0 0.0 
-1.3283946e-05 0.0 0.0 0.0 
0.00068287225 0.0 0.0 0.0 
0.0014968512 0.0 0.0 0.0 
0.0008483886 0.0 0.0 0.0 
0.0028103113 0.0 0.0 0.0 
-0.0023283956 0.0 0.0 0.0 
0.0023593558 0.0 0.0 0.0 
0.006294823 0.0 0.0 0.0 
-0.00081125554 0.0 0.0 0.0 
-0.00043876466 0.0 0.0 0.0 
-0.0020277116 0.0 0.0 0.0 
-0.0023581681 0.0 0.0 0.0 
0.00065654994 -0.0056954976 -0.006303521 0.016329492 
-0.0018497135 0.0 0.0 0.0 
0.0016148385 0.0 0.0 0.0 
0.0052836263 0.0 0.0 0.0 
-0.003053725 0.0 0.0 0.0 
0.00047518942 0.0 0.0 0.0 
0.0017170788 0.0 0.0 0.0 
0.002572745 0.0 0.0 0.0 
-0.0036468578 0.0 0.0 0.0 
0.001186131 0.0 0.0 0.0 
-0.0005726593 0.0 0.0 0.0 
-0.00032988313 -0.0020135927 -0.0058272006 0.02410316 
-0.00043400953 0.0 0.0 0.0 
0.0054711318 -0.0062607247 0.007713072 0.05881774 
-0.0002544468 -0.0029547294 0.0030078336 0.0036806623 
-0.0013721394 -0.008640894 -0.0029349476 0.036823686 
0.0025607008 0.0029398748 0.016215649 -0.0038107429 
-0.000940349 0.0 0.0 0.0 
-0.00070164824 0.0 0.0 0.0 
0.002567073 0.0 0.0 0.0 
-0.003941331 -0.0057971017 -0.014949727 0.026197277 
0.0025599215 0.00016723061 -0.0025640999 0.045807462 
-0.00010007431 -0.002595314 0.004829216 -0.006303435 
0.0017764154 0.0 0.0 0.0 
-0.002737664 0.0 0.0 0.0 
-0.0012358015 -0.005865693 0.00571437 -0.031010196 
0.00050881243 -0.00072749786 -0.0027093673 -0.0025867193 
-0.001881689 -0.00061407563 -0.0033936338 0.0020998819 
-0.00013953005 0.0074719847 0.0037802071 -0.01798847 
0.0008156769 0.0 0.0 0.0 
-0.0050334777 0.0 0.0 0.0 
-0.002114261 0.0 0.0 0.0 
-0.00019019855 0.0 0.0 0.0 
0.0008475077 -0.00142542 0.017497823 0.03918791 
-0.0019900405 0.0 0.0 0.0 
-0.0006036811 0.0 0.0 0.0 
-0.0008469615 -0.0022062596 0.00064997 0.014741948 
-0.0018617507 0.0011510411 -0.005482536 -0.030790932 
0.003429363 0.0 0.0 0.0 
-0.0027093673 -0.0013014325 0.0063967593 0.06261575 
-0.0005629059 0.0 0.0 0.0 
-0.0019805173 0.0 0.0 0.0 
-0.00072171615 0.0 0.0 0.0 
-0.0021821503 0.0 0.0 0.0 
-0.002620591 -0.0042717406 -0.0064160624 0.02105348 
-0.003647878 0.0 0.0 0.0 
0.003319562 0.012023761 -0.057107538 0.099475354 
0.002077237 0.0050860643 -0.0033931711 0.0265221 
0.0055008554 0.0 0.0 0.0 
-0.0038824156 0.0 0.0 0.0 
0.0008083619 0.0020807474 0.0019411286 -0.040236525 
0.0039754105 0.00082402525 0.0 0.0 
-0.00066262385 0.0 0.0 0.0 
0.0005983437 0.0 0.0 0.0 
-0.0024904523 0.0013524934 -0.0062429663 -0.009163841 
0.004947495 0.0 0.0 0.0 
-0.0004136976 0.0 0.0 0.0 
-0.003588189 0.0 0.0 0.0 
0.0007164738 0.0 0.0 0.0 
-0.0008923889 0.0 0.0 0.0 
0.0005914543 0.0036078547 -0.010108238 -0.0031933282 
0.0038536317 -0.011175293 0.004995683 0.1025519 
-0.00071072986 0.0 0.0 0.0 
0.0026799832 0.0 0.0 0.0 
0.00019148899 0.0 0.0 0.0 
0.00041499684 0.0018416919 -0.0059811566 0.0 
0.0022642284 -0.002151683 0.0 0.0 
-0.00042168502 0.0 0.0 0.0 
0.00066905946 0.0 0.0 0.0 
0.0030006424 0.0 0.0 0.0 
0.0026867334 0.0053638266 -0.022431184 0.029626792 
-0.00031505965 0.0 0.0 0.0 
0.00042101098 0.0 0.0 0.0 
-0.0009177978 0.0024696898 0.00732904 -0.013572625 
-0.000875917 0.0 0.0 0.0 
-0.0014719972 0.0 0.0 0.0 
-0.003308092 0.0 0.0 0.0 
0.00017597209 0.043659683 -0.033845264 -0.31445515 
-0.00097236654 0.0 0.0 0.0 
0.0028943054 -0.0055871275 0.03550607 -0.031292073 
-0.0006502047 0.0 0.0 0.0 
0.0030397098 -0.0077154385 -0.010014203 0.05369109 
-0.0008640415 0.0 0.0 0.0 
-0.0017604282 -0.015602799 0.027734095 -0.024304647 
-0.0011063732 0.0 0.0 0.0 
0.0043779337 0.0 0.0 0.0 
-0.0034861283 0.009877006 0.011597062 -0.034128394 
-0.004944374 0.0 0.0 0.0 
0.0021170564 -0.009983645 0.004095918 -0.027847916 
-0.00025537514 0.0 0.0 0.0 
0.0022158464 0.0016777571 -0.006655877 -0.0037828146 
-0.002863783 0.0 0.0 0.0 
-0.0024958174 0.0 0.0 0.0 
-0.0020042758 0.00086713093 -0.012866835 -0.0036720822 
0.004834364 0.0 0.0 0.0 
0.001975874 0.0 0.0 0.0 
-0.0042605265 0.0 0.0 0.0 
-0.0034582238 0.0 0.0 0.0 
0.0006468768 0.0 0.0 0.0 
-0.0015815513 0.0 0.0 0.0 
-0.0014691578 0.01388485 -0.0069715474 0.05681127 
0.00079508947 0.0 0.0 0.0 
0.002178772 0.0016856608 0.017679913 -0.010714385 
5.85138e-06 0.0021189891 0.0057299077 -0.0010395949 
0.0014241536 0.0 0.0 0.0 
0.0011193488 0.0 0.0 0.0 
-0.0020769709 0.0 0.0 0.0 
-0.0046170177 0.0012071558 -0.0005716593 -0.021754446 
0.0027695915 0.0042082667 -0.035376403 0.014668852 
-0.0024325638 0.0071527516 -0.003174296 -0.00573433 
0.0037485398 0.0 0.0 0.0 
0.003242111 0.0 0.0 0.0 
0.0005150471 0.0 0.0 0.0 
-0.0074825506 0.0023128751 0.0063990755 0.03989414 
-0.00513516 -0.003131608 -0.01857617 0.050896313 
0.0037926002 0.00308157 -0.0014431779 -0.021945849 
-0.0007902855 0.0 0.0 0.0 
-0.0011431867 -0.0033715589 -0.0005981965 -0.008120785 
-0.00072749786 -0.0022005548 -0.0025867193 0.0031267705 
-0.0010930704 0.0 0.0 0.0 
-0.00054801605 0.0 0.0 0.0 
0.00048472034 0.0 0.0 0.0 
0.0007429351 0.0023474493 -0.006256586 0.019535875 
-0.0032186978 0.0 0.0 0.0 
0.0007552187 -0.0014202449 -0.0039023058 -0.0038280496 
-0.00064682186 0.0 0.0 0.0 
0.003853528 0.0 0.0 0.0 
0.0021680016 -0.0033585313 -0.0037064257 -0.016792435 
-0.0010848715 0.0 0.0 0.0 
-0.0059132986 0.00024774636 0.0027926534 -0.032089494 
-0.0036418075 -0.0007383707 0.02653672 0.0072566792 
0.0009820586 -0.0016693744 -0.021939185 0.035981726 
0.0026377635 -0.0041586873 -0.016115457 0.07753888 
-0.002595314 -0.0028383937 -0.007088883 -0.045688808 
-0.0005597516 -0.0008805806 -0.00270615 0.0049796198 
-0.0022357374 -0.0077441405 -0.0037344904 -0.017299183 
0.00014557302 0.0 0.0 0.0 
2.4610405e-05 -0.0008304791 0.01833266 0.02163687 
0.0009834396 -0.0006346819 0.0016042292 0.054444645 
-0.0009775652 0.0 0.0 0.0 
-0.00127954 0.0 0.0 0.0 
-0.0025155977 0.0 0.0 0.0 
0.0017082909 -0.0016173649 -0.0047333175 -0.0029884195 
0.0056675677 -0.0069832206 -0.013335668 0.054458395 
-0.0011054582 0.0038468307 0.0021195922 -0.024559576 
-0.004055872 0.0 0.0 0.0 
-0.0019680492 0.0 0.0 0.0 
-0.0005680012 -0.0050364174 -0.036658958 0.0037793105 
-0.00029838123 0.004163676 -0.013332983 -0.02994594 
-0.00044093927 0.00034226992 0.0011732447 0.0 
-0.0008630424 -0.000104995794 -0.0026298943 0.0 
0.004539998 0.0 0.0 0.0 
0.0002608217 -0.0001270551 0.008016805 0.013694449 
-0.0022739149 -0.0073816315 0.005153436 0.0029506881 
0.0009075768 0.0037161428 0.018927071 0.0066376366 
-0.0015618302 -0.0028209656 -0.00432379 -0.005704834 
-0.002042121 -0.012424522 -0.024050828 -0.17692736 
0.0030322678 0.0 0.0 0.0 
-0.0015542718 0.0025599329 0.009666802 -0.013903283 
-0.0012661511 -0.002772426 -0.0024826392 -0.01525924 
0.0040151724 -0.0043255584 -0.00958205 0.015455959 
0.0013774873 0.0045324755 -0.002083641 0.0022711502 
-0.0015076083 -0.0015016486 0.0034106523 0.004558998 
-0.00014366345 0.0061360947 0.002577743 0.020789709 
0.0050289417 -0.0011753961 -0.0050413213 0.019406885 
-0.001857147 0.00026610255 0.0 0.0 
0.0013294765 0.00038659945 0.0036486378 0.0021324994 
0.0041382574 0.0 0.0 0.0 
0.0003247317 0.0 0.0 0.0 
-0.0033995407 0.0 0.0 0.0 
-0.0019361424 -0.0085790185 -0.00297357 0.029063595 
0.00012386167 -0.0008630424 -0.00022885746 -0.0026298943 
-0.0043195947 -0.0011944978 -0.00043481193 -0.0264292 
-0.0018908614 0.0 0.0 0.0 
-0.0005986566 0.0 0.0 0.0 
-0.0030638522 -0.021666074 0.014440742 -0.014741708 
-0.003583812 -0.00564479 -0.0009049359 0.027094336 
-0.0009984726 0.0005883449 0.034477524 0.005063625 
0.0014370845 0.0010965143 -0.005675393 0.04761427 
-0.00022182145 0.0 0.0 0.0 
-0.00029141325 -0.005441983 -0.0075201355 -0.07412033 
0.00044933666 -0.0112338215 0.0277253 -0.040501013 
-0.0012583236 0.0 0.0 0.0 
0.0016867688 0.0 0.0 0.0 
-0.0032073795 0.00094166026 0.0018311269 -0.018439665 
0.00017651726 0.0039847717 0.0023648269 -0.0065413485 
-0.00456173 0.0 0.0 0.0 
0.001454352 0.0 0.0 0.0 
-0.0019675584 0.0 0.0 0.0 
0.0020283249 0.0 0.0 0.0 
0.00047466878 0.0028297466 -0.004639058 0.0010033208 
0.004873363 0.0 0.0 0.0 
0.00203849 -0.003746114 0.004058079 0.014082257 
-0.0006943093 -0.0052117673 -0.0006205966 0.023427406 
0.0030878282 -0.0024479828 -0.0030425205 0.0030360613 
-0.00079994585 0.0 0.0 0.0 
0.0038502556 -0.005524789 -0.0049120476 -0.02329161 
0.0016528075 -0.023812529 0.014668623 0.21894607 
-0.0011835861 0.0 0.0 0.0 
0.002612373 0.0 0.0 0.0 
-0.0027589942 -0.00029244507 -0.0118986005 0.015614096 
1.7780527e-05 0.0 0.0 0.0 
0.0005206053 -0.018496476 0.0126911225 -0.05210885 
-8.178798e-05 0.0 0.0 0.0 
-0.0023300392 0.0 0.0 0.0 
0.0040948004 0.0 0.0 0.0 
0.0028433872 0.0 0.0 0.0 
0.000457555 0.0120155495 -0.031207813 0.04526619 
-0.0021373434 -0.004823276 -0.012183605 -0.019876752 
0.0027303165 0.0 0.0 0.0 
-0.00092024426 0.0 0.0 0.0 
-0.0033073234 0.0 0.0 0.0 
-0.0017869947 0.001460679 0.0 0.0 
-0.0056161587 0.0 0.0 0.0 
0.0023743426 0.005006073 0.014733041 -0.058461066 
-0.0012269855 0.0032855105 0.003430729 -0.019890534 
0.0003975412 0.00034676757 -0.004684974 0.00604451 
-0.00030550797 0.0019090842 0.0035978917 0.031082632 
0.00025054935 0.0040704105 -0.009311857 0.04362909 
-0.0029100063 -0.0070148306 0.003917912 -0.023902798 
-0.0032962165 -0.0005327801 0.007339748 -0.01785645 
0.0016492943 0.0046757287 -0.0010987074 0.013857399 
-0.0016179834 -0.003809093 0.00040811536 -0.022517867 
0.0006479526 0.0 0.0 0.0 
0.0023406511 0.0 0.0 0.0 
-0.0025640256 0.0 0.0 0.0 
0.0011302545 0.0 0.0 0.0 
-0.0012973223 0.0 0.0 0.0 
-0.00025508486 0.0 0.0 0.0 
0.00017182463 -0.0008638003 0.0025937841 0.0 
0.004206695 0.0 0.0 0.0 
-0.005053122 0.0 0.0 0.0 
-0.0019772146 -0.0038932187 0.011271091 0.04368987 
0.001853609 0.0 0.0 0.0 
0.0014551209 -0.0014202449 -0.0064191427 -0.004645163 
9.0892085e-05 0.0 0.0 0.0 
-0.00020965874 0.0026251907 0.0030623577 -0.0017468408 
-0.0017365846 -0.005087982 0.010506406 0.021119941 
-0.0035171416 -0.00045064418 -0.0021407555 0.0012463303 
0.0030542929 0.0033494516 0.0044884495 -0.021042768 
0.0036099658 0.0 0.0 0.0 
-0.0017550762 0.0 0.0 0.0 
-0.0005378081 -0.0077145547 0.0054417574 0.00086105615 
-0.0027469716 0.0 0.0 0.0 
-0.00015047769 0.0 0.0 0.0 
-0.0018961965 0.0 0.0 0.0 
-0.00045938432 -0.010973285 -0.0008852072 -0.07434339 
-0.002711948 0.0 0.0 0.0 
0.0006438455 0.0013965175 0.0027802307 -0.01881215 
0.0016256204 -0.0010423135 0.0032878546 0.0077095632 
0.0014536614 0.0 0.0 0.0 
0.002414938 -0.0014920888 0.005188076 0.024718402 
-0.0032686975 0.0 0.0 0.0 
0.0009287167 0.0 0.0 0.0 
-0.0023940606 0.0017184127 0.015287248 0.031304386 
0.003984545 -0.010749016 -0.021685416 0.037532024 
-0.0014312122 -0.0072133597 0.05847971 0.15714021 
0.0014327151 0.0 0.0 0.0 
0.0020948185 0.0 0.0 0.0 
0.004160372 0.0 0.0 0.0 
-0.0005088112 -0.00029993994 -0.0036251545 -0.00022683991 
-0.001932062 0.0 0.0 0.0 
0.0011724327 -0.0063305814 0.003335048 -0.024303675 
-0.00070592837 0.0 0.0 0.0 
-0.00032937396 0.0 0.0 0.0 
0.00019629284 0.0 0.0 0.0 
-0.00085028895 0.0 0.0 0.0 
0.00034676757 0.0031645615 -0.0020038364 -0.053378098 
-0.0022594614 0.0 0.0 0.0 
-0.0026065456 -0.0006077213 0.011571741 -0.024587391 
-0.0006006625 0.00547238 0.0037011337 0.03944587 
0.001276685 -0.008658978 0.005549986 0.08287857 
0.00077177474 0.0 0.0 0.0 
0.00078213104 0.0025494278 0.0 0.0 
0.0024447732 0.0 0.0 0.0 
0.00051172666 0.0 0.0 0.0 
0.002277765 0.0 0.0 0.0 
-0.0017055842 0.0050156945 -0.013977477 0.09366086 
0.0009542155 0.0 0.0 0.0 
0.0013546302 0.00075234636 -0.008712526 -0.03208295 
0.0017696341 -0.0041791038 0.012285197 -0.02512672 
-0.001647173 0.0016706663 0.0005206053 -0.011684647 
-0.0012950152 0.0 0.0 0.0 
0.0015697356 0.0 0.0 0.0 
-0.0059343325 0.0 0.0 0.0 
0.004320235 0.0 0.0 0.0 
0.0023252952 -0.006128761 -0.009341016 0.020131085 
-0.00082090567 0.0068661324 -0.00210272 -0.010426588 
-0.0012556902 0.00070421875 -0.0074069803 0.004665319 
0.0018263747 -0.011731319 -0.004471694 -0.0036449358 
0.001416109 -0.0004444384 -0.011808247 -0.016581817 
0.0013388541 0.0 0.0 0.0 
-0.0017247413 0.0008807775 0.002684192 0.020330612 
0.00028281825 -0.00029141325 0.0 0.0 
-0.00017345788 0.0 0.0 0.0 
-0.0005128023 0.0 0.0 0.0 
-7.754601e-05 0.0 0.0 0.0 
0.0033494516 0.005148259 -0.015034546 0.044055834 
-0.00027084874 0.0 0.0 0.0 
0.00026235703 -0.0018324298 -0.0193808 0.04933302 
0.0023792454 0.0 0.0 0.0 
0.0036035157 0.0 0.0 0.0 
-0.0030152544 -0.0043462934 -0.011788765 -0.008464877 
0.0023453962 0.0 0.0 0.0 
0.0043590604 0.0013119149 0.0 0.0 
-0.002665042 0.0045286817 -0.006732422 0.021062428 
-0.00037159395 0.0 0.0 0.0 
0.0034675621 -0.0019722227 -0.013031445 0.038143713 
-0.004008251 0.0 0.0 0.0 
-0.0020264946 0.0 0.0 0.0 
-8.262296e-05 0.0 0.0 0.0 
0.0010166301 0.0 0.0 0.0 
-7.065728e-05 -0.008887697 -0.017331813 -0.013689927 
0.00036304473 0.0 0.0 0.0 
0.0011289414 0.0019226416 -0.0062934365 0.012630697 
0.0015982768 0.00040169345 0.0006455919 0.028399892 
-0.0034155983 0.0 0.0 0.0 
-0.0037407181 -0.0026873348 0.006405863 0.057367332 
-0.0015893357 0.0 0.0 0.0 
-0.0045905374 0.0 0.0 0.0 
0.002328312 -0.0024754344 -0.014734305 0.05512587 
0.00056015607 0.0015982768 0.0 0.0 
-0.0040171975 -5.9328922e-05 -0.010216167 0.019842118 
0.00046943506 -0.0020735383 0.006431899 -0.0051238504 
0.0046779052 0.0 0.0 0.0 
0.0026989675 0.0 0.0 0.0 
-0.003957173 -0.0014312122 -0.0047124033 0.018913392 
-1.8513678e-05 0.0033034517 0.031604193 0.04241358 
-0.00061407563 -0.0035267856 0.0077801794 0.005576372 
-0.000690816 0.0 0.0 0.0 
0.002110121 0.0 0.0 0.0 
0.0016000966 0.0 0.0 0.0 
-0.0035877351 0.0 0.0 0.0 
-0.0010602125 -0.009303461 -0.0014379276 -0.03105551 
0.0009683097 0.0 0.0 0.0 
0.0020339072 0.001677889 -0.0001310468 -0.008593485 
0.0024447264 0.00320692 -0.009843508 0.1049362 
-0.0008730871 -0.0015602487 -0.0039270436 0.047224015 
0.0025344135 0.0032550076 0.002601898 0.0 
0.0003292976 -0.002526472 0.0054711318 -0.0018243968 
-0.0012214562 0.0 0.0 0.0 
-0.002686936 -0.00011481957 -0.003742113 0.0015574406 
-0.00035078678 0.0 0.0 0.0 
-0.0011215637 0.0 0.0 0.0 
-0.00071389263 0.0 0.0 0.0 
0.0033333176 0.0 0.0 0.0 
0.002104597 0.0 0.0 0.0 
-0.005796866 0.0 0.0 0.0 
-0.0004441029 0.0 0.0 0.0 
-0.000222344 -0.0019772146 -0.007334944 0.0012958199 
0.0009490523 -0.019451622 -0.022502836 0.036091764 
0.002715264 0.0 0.0 0.0 
0.0048907413 0.0 0.0 0.0 
-0.0022958254 0.0015008484 -0.01643806 0.020770062 
0.0037100452 0.0 0.0 0.0 
-0.0047674924 0.0 0.0 0.0 
0.0026618633 -0.0054906975 0.010162741 0.030050032 
0.0006955785 0.0 0.0 0.0 
-0.0027460412 0.0 0.0 0.0 
0.0072434586 0.0019118666 0.0027614497 0.051543366 
0.007047492 -0.0013727865 0.00059679337 0.005120359 
0.0008899545 -2.5278889e-05 0.0077044526 0.0065828674 
0.00371494 0.0 0.0 0.0 
-0.001354361 0.0 0.0 0.0 
-0.0015081507 -0.004426078 0.009035424 0.020557225 
-0.0060559036 0.0 0.0 0.0 
-0.0001270551 0.0056442013 0.020017058 -0.03109982 
-0.0065168566 0.0 0.0 0.0 
0.005667643 0.0 0.0 0.0 
0.0025773437 0.0 0.0 0.0 
-0.0012603367 -0.0027093673 -0.0013263826 0.0031267703 
-0.000305025 -0.0039899927 -0.008652549 -0.010497348 
-0.003244552 0.000823844 -0.0011591639 0.0033759952 
-0.0009878601 0.0 0.0 0.0 
0.0013119149 0.0067944857 -0.01173245 0.01760127 
0.00022710585 -4.723722e-05 0.0016856608 0.016531583 
-0.00134205 0.00875464 -0.011443239 -0.047449175 
0.0017763163 0.0 0.0 0.0 
0.0022121146 -0.007104959 0.003933412 0.06744982 
-0.0040038936 -0.0010400845 0.0082378425 0.032965545 
-0.0036716955 0.0 0.0 0.0 
-0.00090639776 0.0 0.0 0.0 
-0.0007401216 -0.0112402085 -0.031528372 0.033184826 
0.006124156 0.0 0.0 0.0 
-0.0013263826 0.0018922028 -0.0020892494 0.040106475 
0.00010488615 0.002506111 -0.0014033964 0.011045821 
-0.0010875965 0.0049934536 -0.025900811 0.02442331 
-0.0010505683 0.00054516806 0.0009047049 0.00040811536 
0.0014484868 0.0 0.0 0.0 
-0.00029993994 0.012698135 -0.0066948934 0.043001503 
-0.0021540474 0.0 0.0 0.0 
0.000819136 0.0 0.0 0.0 
0.0031598306 0.0 0.0 0.0 
-0.00076636707 0.0 0.0 0.0 
-0.0053136772 0.0 0.0 0.0 
-9.585451e-06 0.0 0.0 0.0 
-0.0048383363 0.005798719 0.009556249 0.057664514 
0.0004778319 0.0025763079 -0.0010982133 0.0024634968 
-0.00087639684 -0.0077905045 0.0 0.0 
-0.002476368 -0.0007397132 -0.007811389 0.042965557 
0.0021127784 0.0 0.0 0.0 
-0.0014296769 0.0017904408 0.0029197664 -0.0024484613 
0.0031613777 -0.0018905965 -0.0127552785 0.0032518678 
0.00050332636 0.0016826082 -0.002620591 -0.002042121 
0.0001758933 0.0065734945 -0.00041663577 0.0165434 
0.0024628323 0.008894527 0.0030444465 8.114986e-05 
0.005349751 -0.0032897007 0.0003047454 -0.022722522 
0.002661534 0.0033900384 0.014806904 0.09466892 
0.0020749767 -0.011224389 0.01030586 -0.037322503 
0.0037585073 0.0008685166 0.002224218 0.0062484085 
-0.0015016486 0.0046145823 0.011069381 -0.016670138 
-0.0007090545 0.0 0.0 0.0 
0.0020583242 0.0 0.0 0.0 
0.0028926032 0.0 0.0 0.0 
0.00030406733 0.003743271 0.0058688195 0.003281707 
0.0012359779 0.0 0.0 0.0 
-0.0040418287 0.0 0.0 0.0 
-0.0038541898 -2.8961753e-05 -0.0025494574 0.0043964754 
-0.00033471605 0.0 0.0 0.0 
-0.00034544658 -0.0066403965 0.0029089774 -0.021186462 
-0.00020248418 0.0 0.0 0.0 
-0.001969543 0.0 0.0 0.0 
0.000934826 0.0 0.0 0.0 
0.0006669649 0.0023848605 -0.009023745 0.028621422 
-0.003809093 -0.0018884398 -0.016804017 0.0076927785 
-0.003666603 0.0 0.0 0.0 
-0.0074534887 0.003984545 0.0 0.0 
0.0026061505 0.0 0.0 0.0 
-0.0014979771 0.0 0.0 0.0 
-0.0014242495 0.0 0.0 0.0 
-0.0067818174 0.0 0.0 0.0 
-0.0034027356 -0.0011753961 0.0053486824 -0.011236625 
-0.001066924 0.008778924 0.025292661 0.046097398 
0.00073314435 -0.001852555 0.0064508263 -0.005825927 
-0.00017890784 0.0 0.0 0.0 
-0.0014003583 0.0 0.0 0.0 
-0.0009928554 0.0 0.0 0.0 
-0.001180275 0.0017269508 -0.0028895289 0.04538812 
0.0057229823 0.0 0.0 0.0 
-0.0036952787 0.0 0.0 0.0 
0.002558157 0.0021879126 -0.011575859 0.01569971 
-0.00059164845 0.0 0.0 0.0 
-0.0010331825 -0.00059085607 -0.004391496 0.0057101836 
0.0015264532 0.0 0.0 0.0 
-0.003563654 0.0035803244 0.0016856608 0.0150054395 
0.001185962 0.0 0.0 0.0 
0.00026610255 -0.0053379233 0.0003422345 0.0 
-0.0024269116 -0.003885368 0.0078013362 -0.018777827 
-0.0027251295 0.0 0.0 0.0 
0.002075683 0.0 0.0 0.0 
0.0021131877 -0.0013281868 0.00544147 -0.02673341 
-0.0032279391 -0.002745689 -0.0029467642 0.01740923 
-0.0024561032 0.0 0.0 0.0 
0.0022731752 0.0 0.0 0.0 
-0.00039786825 0.0 0.0 0.0 
0.0019350055 -0.0034807764 -0.001592771 0.0 
0.003818702 0.0 0.0 0.0 
0.00055594405 0.0 0.0 0.0 
-0.0032897007 0.005298732 -0.0120970085 -0.007969784 
0.0010652987 0.0032170406 -0.00068798894 0.041083653 
0.0017811271 0.002001289 0.0060653496 -0.013485355 
0.00013234148 0.0022502807 -0.0113700945 0.037311688 
-0.0003031976 0.0 0.0 0.0 
-0.002140552 0.0 0.0 0.0 
-0.00011481957 -0.013939842 -0.001824094 0.0113110505 
-0.0023602787 0.0021879126 -0.003940896 0.010445893 
-0.0005770783 0.0 0.0 0.0 
0.00077523466 0.004168768 -0.0040499824 0.011443459 
0.0051464196 -0.0010653967 0.0036155516 0.0 
-0.0033293723 0.0017285283 -0.00056731794 -0.0040770206 
0.00083532097 0.0 0.0 0.0 
0.0024250601 0.0 0.0 0.0 
-0.0015052385 0.0 0.0 0.0 
-0.0013727865 0.0065013287 0.013940113 0.11095561 
-0.0010011831 0.0028301096 -0.009059018 0.020169085 
0.0009047049 0.0009532834 -0.020132871 -0.00022885746 
0.0022998478 0.0 0.0 0.0 
-0.0013271763 -0.0020780372 0.009050983 0.020977635 
-0.0018007437 0.0022190728 0.0 0.0 
-0.0014018861 0.0019143039 -0.0070493827 -0.0023878345 
-0.0046515046 -0.002595314 0.0067678643 -0.0054403762 
0.0029963965 0.00055273465 -0.00077217864 0.0062484085 
-0.00113477 0.0 0.0 0.0 
-0.0017955841 0.0 0.0 0.0 
-0.002083641 0.004403255 -0.0053943833 0.028042683 
0.00044203043 -0.0014074851 -0.0066001015 0.008213287 
-0.0010982133 0.00046498678 -0.043290753 0.15195227 
-0.00261121 0.0 0.0 0.0 
-0.0039987713 0.0 0.0 0.0 
0.0003940451 -0.0007027034 0.007017438 0.025081735 
0.0020093126 0.005898881 0.0049539846 0.059762467 
-0.0020735383 -0.0060968716 0.0019622971 0.048127167 
0.005521145 0.0 0.0 0.0 
0.0016304418 0.0 0.0 0.0 
-0.001971166 0.0 0.0 0.0 
0.0016954237 -0.0011753961 0.004025273 -0.017865071 
-0.0004566542 -0.0005213083 -0.01785245 0.028151546 
0.0009541405 0.0 0.0 0.0 
-0.0018809958 0.0 0.0 0.0 
0.0020105971 0.0 0.0 0.0 
-0.00086008874 -0.0047212755 0.03374906 0.0061195083 
-0.0027428945 0.0 0.0 0.0 
-0.0031562047 0.0 0.0 0.0 
-9.501099e-05 -0.0011695448 -0.0019067079 -0.054739416 
-0.0023010524 0.0 0.0 0.0 
0.0017686308 0.0011183205 -0.0054882616 0.0 
-0.0061893817 0.001251042 -0.0070324373 -0.009782798 
-0.004005161 0.0 0.0 0.0 
-0.0032567258 0.0 0.0 0.0 
-0.00024916514 0.005800191 0.006348705 0.003151875 
-0.0003412008 -0.0053059785 -0.011272971 0.013317339 
-0.0060478286 0.0 0.0 0.0 
0.0059726625 0.0007222437 -0.0042599197 0.008436757 
0.0019746267 -0.002595314 0.0 0.0 
-0.0016424995 -0.0013762121 0.0011309753 -0.029809244 
0.001201023 -0.0010984186 0.003169877 -0.031640664 
-0.00022885746 0.0024889684 0.00542868 0.006930786 
0.00020915177 -0.0011753961 0.0006923629 -0.05009201 
-0.00089176226 0.0030455762 -0.0034457925 -0.002496842 
0.0008533026 0.0 0.0 0.0 
-0.000931128 0.0 0.0 0.0 
-0.0004165 0.0 0.0 0.0 
-0.0031492084 0.0 0.0 0.0 
-0.0052635754 0.0 0.0 0.0 
-0.0022660492 0.0 0.0 0.0 
0.002579777 -0.0061958223 0.007847623 -0.008087579 
0.0009507638 0.0 0.0 0.0 
0.0006691767 -0.002631919 0.0117748175 -0.03257007 
0.0012548044 0.0 0.0 0.0 
0.0029274367 0.0 0.0 0.0 
0.0019068642 0.0 0.0 0.0 
-0.0007916684 -0.008918346 -0.037790928 0.05826103 
-0.0011073871 0.0021879126 0.0009689624 0.0015118663 
-0.000590444 -0.00513516 0.0 0.0 
-0.00018169345 0.0 0.0 0.0 
0.0019869616 0.0 0.0 0.0 
-0.00040645275 0.0 0.0 0.0 
-0.0013548639 0.0 0.0 0.0 
0.0010258337 0.0 0.0 0.0 
0.0003749684 0.0 0.0 0.0 
0.0011463299 0.0 0.0 0.0 
-0.0037984871 -7.888186e-05 0.0004492323 0.0039475076 
-0.0007454764 0.0 0.0 0.0 
-3.7036043e-05 0.0029942545 0.0007811592 0.0021518278 
0.0027944674 0.009333808 0.028860757 0.052976012 
0.0010139797 0.0 0.0 0.0 
-0.0036068386 0.0 0.0 0.0 
-0.002466839 0.0 0.0 0.0 
0.0031771185 0.002214 0.0 0.0 
0.0034201336 -0.008062767 -0.0005662156 -0.01937751 
-0.0021098852 0.0 0.0 0.0 
0.0039660633 -0.0032034467 0.0015965388 0.04210267 
0.0023066844 0.0 0.0 0.0 
0.0033626007 0.0 0.0 0.0 
-0.0019055229 0.0064507024 -0.000104567036 -0.013942972 
-0.0034715442 0.0046672933 -0.0041252123 -0.0013757042 
0.00038577776 0.0 0.0 0.0 
-0.0040769055 0.007386281 0.0011880072 0.017025162 
-0.00025296918 0.0 0.0 0.0 
-0.001953723 0.0 0.0 0.0 
0.0006072203 0.0 0.0 0.0 
0.002276993 0.0 0.0 0.0 
0.004089392 0.0025301983 0.009124958 -0.024106205 
0.0013869313 -0.004228977 0.006128018 -0.017266404 
0.00064376096 -0.00014366345 0.0 0.0 
-0.0058337883 0.0 0.0 0.0 
0.003502415 0.0035581074 -0.021693036 0.0391449 
0.0030304012 0.0 0.0 0.0 
0.00092026166 0.0 0.0 0.0 
0.0020064546 0.0 0.0 0.0 
0.0027924944 0.0 0.0 0.0 
0.0021512643 0.0 0.0 0.0 
-0.0085488735 0.0 0.0 0.0 
-0.001975127 0.0 0.0 0.0 
0.00027744778 -0.0055249766 -0.029040668 0.11434818 
-0.0014081245 0.0 0.0 0.0 
-0.00211086 0.0 0.0 0.0 
-0.00024810896 0.0 0.0 0.0 
-0.0012195909 -0.0006785716 0.0117080575 -0.006421212 
0.0005782943 -0.00829616 -0.03993734 0.056877725 
0.0008880526 -0.002134524 0.0019456632 -0.0006194352 
-0.0011568981 0.0 0.0 0.0 
-0.00031257162 0.0 0.0 0.0 
0.0001600136 0.004582648 -0.026339687 -0.042067237 
0.0044085034 0.0 0.0 0.0 
-0.0016932281 0.004413128 0.00017597209 0.036337364 
-0.0036938738 0.00040811536 -0.013908804 0.0 
0.0016425647 0.0005556736 0.0051940866 -0.0030516237 
-0.0027873574 0.0 0.0 0.0 
-0.0056436034 0.0 0.0 0.0 
0.003345516 -0.001704515 -0.00081272237 -0.029522829 
-0.00019274632 0.005942538 0.00032375008 -0.00092718937 
-0.0022610852 0.012969776 -0.031239837 0.014889674 
0.0016856608 0.022455398 -0.029016526 0.018698934 
-0.0040744157 0.0009455106 0.01036491 0.041528136 
0.0036951138 0.0 0.0 0.0 
0.007295917 -0.0023043319 0.003466588 -0.019258738 
-0.0021306004 0.0 0.0 0.0 
0.0012592573 0.0 0.0 0.0 
-0.00088228064 -0.0002510629 0.00082825404 -0.017272964 
0.0017055059 -0.0046777395 -0.0034713931 0.016572427 
-0.0056763883 0.0 0.0 0.0 
0.005107375 0.0 0.0 0.0 
0.004144932 0.0 0.0 0.0 
-0.001760776 0.0 0.0 0.0 
0.002990165 0.0 0.0 0.0 
0.0017244926 -0.015221698 -0.0025669555 -0.05450937 
0.000582764 -0.0011753961 -0.0022637153 0.020080995 
-0.0039427443 0.0020042325 -0.0030898685 0.0 
0.00030741934 -0.0013135795 0.0049142474 -0.0091012325 
-0.0023665843 0.0016929924 0.0011725987 -0.0048494153 
0.004179013 -0.00053464866 0.0010398108 -0.021682361 
0.002647328 0.0 0.0 0.0 
0.0023672532 -0.0024766196 0.0011732447 0.00034226992 
-0.004824537 0.0 0.0 0.0 
0.0039203204 -0.0027040169 0.013179756 0.007107446 
-0.0022881648 -0.0008930864 0.029514764 0.030543437 
0.0027207837 -0.005362172 -0.0030187909 -0.03900946 
0.0035417585 0.0 0.0 0.0 
-0.0009855826 0.0 0.0 0.0 
-0.0026682403 0.0051635625 0.0010198157 0.037969135 
0.0053953235 -0.00082090567 0.0 0.0 
-0.0029616163 0.0 0.0 0.0 
0.00165686 0.0015118663 -0.0022254796 0.0 
-0.0030375666 -0.0034506214 0.0064151003 0.03199885 
-0.00066655996 0.0 0.0 0.0 
-0.00027501278 0.00054516806 0.008348761 0.026045732 
-8.426044e-05 0.00022900442 -0.002747901 0.0 
-0.0008639626 0.0 0.0 0.0 
0.004254429 0.0 0.0 0.0 
-0.0023734795 0.0 0.0 0.0 
-0.003061201 0.0 0.0 0.0 
0.0019738588 0.0011818062 -0.0032968023 0.0031400751 
-0.007073635 0.0 0.0 0.0 
0.003190402 0.0 0.0 0.0 
-0.0030898685 -0.007534188 -0.0020398027 -0.016818093 
-0.0029841487 -0.005671699 -0.0027127878 0.016634516 
-0.001911521 0.0021879126 -0.002029375 0.010445894 
-7.0559494e-05 -0.0022485466 -0.009233545 0.005610312 
-0.004528304 0.0 0.0 0.0 
0.0056734746 0.0 0.0 0.0 
-0.002529581 0.0007083597 0.0057816673 -0.0037916554 
-0.0044567618 0.0038578778 -0.017772568 0.039242107 
-0.0008540649 0.0 0.0 0.0 
-0.0027103755 0.0 0.0 0.0 
-0.003193339 0.0 0.0 0.0 
0.0021662721 0.0 0.0 0.0 
-0.0031913284 -0.008463488 0.011628784 0.09152745 
0.002864585 0.0 0.0 0.0 
-3.5461217e-05 0.0 0.0 0.0 
0.0025494278 0.006253263 -0.0017055842 0.0008223993 
0.0016498506 0.0054051764 -0.0074825506 -0.004327921 
-0.0011874054 0.0 0.0 0.0 
0.0011732447 0.02187461 0.033116475 0.07269815 
0.0013832672 0.0 0.0 0.0 
0.00026286318 0.0 0.0 0.0 
-0.0032448366 0.0033370592 -0.0013263826 0.0013003957 
0.00046747457 0.0 0.0 0.0 
-0.0043687406 0.0 0.0 0.0 
-0.005315558 0.0067094853 -0.016757146 0.02271902 
-0.0048852395 0.003632032 -0.006487539 0.03783592 
-0.002696335 0.0 0.0 0.0 
-0.008387064 0.0 0.0 0.0 
-0.0004138755 -0.0019550635 0.0029209377 -0.016321274 
0.004793238 -0.0026571122 0.002415751 0.019484814 
0.00022900442 0.004523768 0.012866057 -0.0049143583 
0.004354824 0.0 0.0 0.0 
-0.0023600124 0.0 0.0 0.0 
-0.0008638003 0.0100936815 0.0029129845 0.050095566 
0.0012145288 0.0 0.0 0.0 
0.008619671 -0.0051412797 0.00012279766 -0.003779424 
0.002637042 -0.0029547294 0.00037079165 0.0036806625 
-0.0030061675 0.0 0.0 0.0 
0.00089005043 0.0 0.0 0.0 
-0.0025865415 0.0047943713 0.010706216 0.0034118649 
-0.0002050685 0.003725464 -0.011076147 -0.009553863 
0.0018963846 0.0 0.0 0.0 
-0.00042980775 0.0 0.0 0.0 
-0.006114892 -0.002595314 0.0056504635 -0.0030417526 
-0.0043294304 0.0 0.0 0.0 
-0.0012157499 -0.00079717254 0.0038342336 0.03661421 
-0.0012292042 -0.00035632806 0.00017251674 0.0197904 
0.00023244295 -0.0026656224 0.0105084255 -0.006745782 
0.00078462117 0.00036054396 0.002601898 0.0032550076 
-0.0012081425 0.0 0.0 0.0 
0.002584723 0.0019606538 0.0025036526 -0.0029538544 
-0.0020023836 0.0027944674 -0.0023947703 -0.007285855 
-0.00049800065 0.0060003856 0.0038787613 -0.010932793 
0.0016157539 0.0013930295 -0.024947342 0.08776998 
-0.0013729874 0.0 0.0 0.0 
0.0018830018 -0.00094372965 0.012220528 -0.0014342265 
0.00034226992 -7.399134e-05 0.019888353 -0.0718574 
-0.0008071186 0.006570816 -0.0016833962 0.05749954 
0.0029203384 0.0 0.0 0.0 
-0.00064357335 0.0 0.0 0.0 
0.00028133343 0.0 0.0 0.0 
0.0035042102 -0.0014202449 -0.0031470875 -0.0038280496 
0.001101504 0.0 0.0 0.0 
0.00022819007 0.0050243754 0.0002805392 0.0 
0.00036054396 0.010185601 0.0129584065 -0.037366178 
0.0052228672 0.0 0.0 0.0 
0.00022035585 0.00042610464 -0.012032641 -0.059859876 
-0.004923656 0.0 0.0 0.0 
0.00090973027 0.00018868374 0.014602251 0.031075047 
-0.0028834045 0.0 0.0 0.0 
-0.0003682634 0.0046222066 0.0 0.0 
-0.003576767 -0.002948052 -0.0022901823 0.0065896064 
0.0031258161 0.0 0.0 0.0 
0.00033045837 -0.00064199703 0.0 0.0 
0.0025485153 0.0028143004 -0.008015756 0.013860286 
0.0034843197 0.0019271643 0.0 0.0 
-0.0022400916 0.0 0.0 0.0 
-0.0022584908 0.0 0.0 0.0 
-0.0029734746 -0.0018331574 -0.010483999 0.030283328 
-0.002496842 -0.0015726732 0.004534806 -0.0087954225 
0.00012279766 -0.00898463 -0.028765893 0.041972693 
0.000761147 -0.0008778055 0.0028667455 -0.023499709 
0.0005701534 0.0 0.0 0.0 
0.0052166516 0.0 0.0 0.0 
-0.00037368658 0.0 0.0 0.0 
-0.0010850581 -0.0027850564 0.0 0.0 
0.0015371795 0.0 0.0 0.0 
-0.002669436 -0.001867946 0.0074628666 0.02077828 
-0.0032097318 -0.0011531893 0.01331813 0.017205898 
0.00035534764 0.00077112456 0.00679035 0.005490168 
-0.0020629298 0.004500782 0.008268087 -0.0106089 
-0.00023598658 0.0 0.0 0.0 
-0.0010919432 0.0 0.0 0.0 
-0.0045492407 0.0 0.0 0.0 
0.0026530465 0.0 0.0 0.0 
-0.00019853482 0.0 0.0 0.0 
0.0065797195 0.0 0.0 0.0 
0.0012691292 0.0043881717 -0.011086451 0.037926964 
-0.00035630065 -0.0035622641 -0.006542293 0.02898181 
-0.002747901 -0.0075823097 0.010305332 0.016733369 
-0.0037616075 -2.9634684e-06 0.0042190487 -0.015962023 
0.0019570086 0.0016856608 0.00040811536 -0.01333338 
-0.0034943565 -0.0028511835 0.010138422 -0.007858622 
-0.00014168829 0.0 0.0 0.0 
0.00046957214 0.0 0.0 0.0 
-0.0001797349 0.0023115766 -0.002526415 0.0049796198 
0.002601898 0.0020515914 0.00077289203 -0.06826158 
7.726093e-05 -0.00013562347 0.0 0.0 
-0.000106241554 0.0 0.0 0.0 
0.0018030361 -0.009622776 0.016654518 0.074120924 
0.002716507 0.0 0.0 0.0 
-0.0010574554 0.0 0.0 0.0 
0.0011183205 -0.017856207 0.014189694 0.0022377418 
-0.003666489 0.0 0.0 0.0 
-0.0009889503 0.0 0.0 0.0 
-0.0028365315 0.0 0.0 0.0 
-0.00338146 0.0030788202 -0.013145668 -0.029261691 
-0.0005648726 0.0 0.0 0.0 
0.0012723943 0.0008880526 0.0 0.0 
-0.0061794193 0.0050150906 0.010867627 0.017691972 
-0.0038999792 0.0 0.0 0.0 
0.00050483696 0.0 0.0 0.0 
0.0013057704 0.0 0.0 0.0 
-0.0030565476 -0.00027419385 -0.0090730125 0.0012351072 
0.00054448936 -0.0012292042 0.0 0.0 
-0.002499589 -0.00029720925 -0.022719521 0.07383833 
0.0031371438 0.0033204537 -0.0045906277 0.017111063 
-0.0015823774 0.001276685 0.0 0.0 
-0.00020304212 0.0 0.0 0.0 
0.00240582 0.0 0.0 0.0 
-0.004452461 0.0 0.0 0.0 
-0.0042452584 -0.00029993994 0.0 0.0 
0.0011161491 -0.0067830468 -0.002368243 0.03296599 
-0.00010336996 -0.009939952 -0.0131288385 0.013127431 
-0.0006465916 0.0 0.0 0.0 
-0.0029542285 0.0 0.0 0.0 
-0.0048507676 -0.0031921573 -0.0047823694 0.0086460225 
-0.004454991 0.0 0.0 0.0 
-0.0021375103 0.0 0.0 0.0 
-0.0028696635 0.0 0.0 0.0 
0.002365467 0.0044117398 -0.016403437 0.18855199 
-0.0033154346 0.0 0.0 0.0 
0.0028868925 -0.0011753961 -0.005460563 -0.057963826 
0.0014550033 0.0 0.0 0.0 
0.0017411836 -0.0011753961 0.0011447822 -0.046429176 
0.0026431375 0.0 0.0 0.0 
0.004337006 -0.0031381315 -0.0005518275 0.0068823337 
0.0007203083 0.0016856608 0.002365124 -0.01333338 
0.0021414107 -0.0063425526 -0.0035977266 0.0010708261 
-0.0028976593 0.0011732447 0.0027397783 0.0 
-0.00017293914 0.0 0.0 0.0 
-0.0041143275 0.0 0.0 0.0 
0.0023682208 0.0 0.0 0.0 
-0.0018425928 0.0 0.0 0.0 
0.0021871754 0.0 0.0 0.0 
0.00011557039 0.0 0.0 0.0 
0.00032881845 0.0 0.0 0.0 
0.00065212103 -0.0077057756 -0.021935562 0.07645136 
-0.00039628826 0.0 0.0 0.0 
0.0021416722 0.0 0.0 0.0 
-0.0010777103 0.0 0.0 0.0 
-0.0030170942 0.0 0.0 0.0 
-0.0007976174 -0.00070389675 0.0 0.0 
0.00036393615 -0.0010042447 -0.02343906 0.031395774 
0.0015118663 -0.01332065 -0.0039072987 0.26496196 
0.0010556559 0.0049657435 -0.0033444462 0.018753627 
-0.0036595925 0.0 0.0 0.0 
-0.0020204112 0.0011555657 0.0 0.0 
-0.001112903 0.0 0.0 0.0 
0.0007460755 0.0 0.0 0.0 
-0.0013384019 0.0 0.0 0.0 
-0.0013053064 0.0 0.0 0.0 
0.00016481619 0.0 0.0 0.0 
0.0015748006 0.0 0.0 0.0 
-0.0014948205 -0.0013139292 -0.02350852 0.03024881 
-0.0017972382 0.0 0.0 0.0 
0.0016414151 0.0 0.0 0.0 
-0.0001469125 0.0 0.0 0.0 
-0.00048636942 0.0 0.0 0.0 
-0.0007237487 -0.0031480954 0.0014424194 -0.01972365 
0.0032550076 0.0074197603 -0.008444895 -0.00319258 
-0.0027009633 0.0 0.0 0.0 
-0.00023440571 0.0 0.0 0.0 
-0.005244715 0.0 0.0 0.0 
-0.0011213132 0.0 0.0 0.0 
-0.0067858947 0.0 0.0 0.0 
-0.0049612746 -0.003669011 -0.0051017404 -0.02060486 
0.001351309 0.0 0.0 0.0 
0.0015983679 0.0 0.0 0.0 
0.00021253918 0.0 0.0 0.0 
-0.0027959791 0.0 0.0 0.0 
-0.002085058 -0.00086008874 -0.0005637351 0.0039353594 
0.0016363612 0.0060242186 -0.0028632474 0.03382845 
0.0033045204 0.0 0.0 0.0 
0.0021688906 0.0 0.0 0.0 
-0.00029564367 -0.0005829142 0.006557213 0.030748866 
0.0078108488 -0.011942092 -0.004491414 -0.036106035 
-0.0068169124 0.0 0.0 0.0 
-0.002091843 0.0 0.0 0.0 
0.002931953 0.0 0.0 0.0 
0.004739769 0.0 0.0 0.0 
-3.4249017e-05 -0.0021490986 0.003345516 -0.0026695787 
-0.0020393352 0.0024110314 -0.016395772 0.00764909 
0.0012645408 0.0 0.0 0.0 
-0.0009994758 0.0 0.0 0.0 
-0.00049110875 0.0 0.0 0.0 
0.0015653375 0.0 0.0 0.0 
0.0041260323 0.0014474569 0.0038078327 0.04457242 
0.00073133217 0.0 0.0 0.0 
-0.00073938066 0.0 0.0 0.0 
0.0036326344 -0.001852555 0.008421348 -0.0026240845 
0.001479357 0.0 0.0 0.0 
-0.0037251299 -0.010118907 -0.0006596697 -0.005387084 
0.00024762182 0.0 0.0 0.0 
-0.0035984481 -0.003576767 0.0 0.0 
0.0032787658 0.0 0.0 0.0 
0.0008555922 0.0 0.0 0.0 
-0.0005313442 0.0 0.0 0.0 
-0.00019411498 0.0 0.0 0.0 
0.00013940939 0.0044793542 0.008260822 0.028672673 
0.00040811536 -0.028925419 -0.0003175973 0.031169727 
-0.0041252123 0.000691422 0.0020653268 0.014489524 
-0.001961464 0.0 0.0 0.0 
-0.0008069804 0.0 0.0 0.0 
0.0013800068 0.0 0.0 0.0 
0.0033891627 0.0 0.0 0.0 
5.9216676e-05 0.0 0.0 0.0 
0.001661215 0.0 0.0 0.0 
-0.0040693176 0.0 0.0 0.0 
0.0018267847 0.0037858803 -0.01127339 0.015699714 
0.001437954 0.0018267847 0.0 0.0 
0.0013362325 0.00017597209 0.011411055 -0.015054477 
0.0010683849 0.0 0.0 0.0 
0.0005773612 0.0 0.0 0.0 
-0.004221109 0.0026089866 0.004280056 0.013900213 
-0.0009812317 0.0052267276 -0.008227536 0.01284738 
0.00050927146 0.004267088 -0.0014002034 -0.0030901993 
-0.002155618 0.0 0.0 0.0 
-0.0054882616 0.0033304351 0.0 0.0 
0.0032878546 0.0113997245 -0.012286596 0.01618319 
0.0038646057 0.0 0.0 0.0 
0.002697577 -0.002436308 0.017632063 -0.0037622238 
0.0012611622 0.00057947333 -0.0032457332 0.029285224 
-0.0014866586 -0.0014249915 0.009550664 -0.021837512 
0.003950166 0.0 0.0 0.0 
-9.794322e-06 0.0 0.0 0.0 
-0.0029020207 -0.003766316 -0.0074916715 0.005553883 
-0.0054403762 0.004793238 0.0 0.0 
-0.003155968 0.0023415955 -0.002416038 0.043876197 
-0.002866546 0.0 0.0 0.0 
0.002011734 0.0 0.0 0.0 
-0.0012477963 0.0 0.0 0.0 
-0.0014393731 0.0 0.0 0.0 
-0.006489692 0.0 0.0 0.0 
0.0047422103 0.003345516 -0.0039427443 -0.002496842 
-0.00064199703 0.00033045837 0.0 0.0 
-0.00013287095 0.0 0.0 0.0 
-0.0018020704 0.0022934072 0.0015353352 -0.0065849917 
0.0011205111 -0.00144649 0.0023663184 -0.05423908 
0.0023028676 -0.0018020704 0.0 0.0 
0.0015735707 0.004494784 -0.002114839 -0.025635459 
-0.0027659554 0.0 0.0 0.0 
0.0025937841 -0.0008638003 0.0 0.0 
-0.00014264528 0.0 0.0 0.0 
0.003225199 0.00019312734 -0.0015374203 -0.018159937 
0.0007029489 -0.0019213412 -0.0038860377 -0.009139704 
0.0044657453 0.0 0.0 0.0 
0.006227282 -0.0031913284 0.0 0.0 
0.0038936813 0.0 0.0 0.0 
0.0012496879 -5.9328922e-05 -0.011547847 0.018194456 
-4.6331177e-05 0.006304925 -0.00032001903 -0.0073379343 
-0.0010138681 0.0 0.0 0.0 
-0.00086887984 0.0039833495 -0.018861765 0.025393879 
0.0039490033 0.0 0.0 0.0 
0.004029581 0.0 0.0 0.0 
