0.00030536795 0.0020934308 0.0073532425 0.0009944018 
-0.0010118673 0.0 0.0 0.0 
-0.0012916079 0.0 0.0 0.0 
-0.0007425198 0.0 0.0 0.0 
-0.0003174307 0.0 0.0 0.0 
-0.0034074027 -0.0032933955 -0.0022015793 0.008071281 
-0.0020582308 0.0 0.0 0.0 
0.0009790357 0.0 0.0 0.0 
0.0019651179 0.0 0.0 0.0 
-0.0068917735 0.0 0.0 0.0 
-0.0008034504 0.0 0.0 0.0 
0.0011875175 0.0 0.0 0.0 
-0.0023013735 0.0 0.0 0.0 
-0.0048370315 0.0 0.0 0.0 
-0.0010524263 0.0 0.0 0.0 
-9.199512e-05 0.0 0.0 0.0 
-0.0027697803 0.0 0.0 0.0 
-0.0021495267 -0.0068251756 0.002474807 -0.002202054 
0.000867309 0.0 0.0 0.0 
-0.005174236 0.0 0.0 0.0 
0.0027715587 0.0 0.0 0.0 
0.0015876435 0.0 0.0 0.0 
0.0024791325 0.0 0.0 0.0 
-0.00040056978 0.0 0.0 0.0 
0.002255946 0.0 0.0 0.0 
-0.0014799857 0.0 0.0 0.0 
-0.0044384534 0.0018942116 -0.007312472 0.0 
0.002669232 0.0 0.0 0.0 
-0.0023702085 0.0 0.0 0.0 
0.0015357718 0.0 0.0 0.0 
0.0018579605 0.0 0.0 0.0 
-0.0008801953 0.0 0.0 0.0 
0.0010677993 0.0 0.0 0.0 
0.0025175218 0.0 0.0 0.0 
0.0026089866 0.0 0.0 0.0 
-0.0031921573 0.0 0.0 0.0 
0.0024206727 0.0 0.0 0.0 
-0.00015203882 0.0 0.0 0.0 
-0.005541506 0.0 0.0 0.0 
0.0019312834 0.0 0.0 0.0 
0.0018842521 -0.002042121 0.00017713275 -0.0010982133 
-0.0019876694 0.0 0.0 0.0 
-0.0028260686 0.0 0.0 0.0 
0.0029654952 0.0 0.0 0.0 
0.0025982233 0.0 0.0 0.0 
0.0007231309 0.0 0.0 0.0 
0.00057083427 0.0 0.0 0.0 
0.0032267866 0.0 0.0 0.0 
0.0003441253 0.0 0.0 0.0 
0.006098512 -0.002595314 0.0016348325 0.0026597148 
0.0028720999 0.0 0.0 0.0 
0.0025554325 0.0 0.0 0.0 
-0.002592372 0.0 0.0 0.0 
-0.0048666224 0.0 0.0 0.0 
-0.0020007992 0.0 0.0 0.0 
-0.0010885418 0.0 0.0 0.0 
0.0010357888 0.0 0.0 0.0 
-0.0013281868 -0.003809093 0.002592013 -0.0018890345 
0.0028752047 0.0 0.0 0.0 
0.00023237315 0.0 0.0 0.0 
-0.0032933955 -0.005608982 0.008071281 -0.013189541 
-0.003658497 0.0 0.0 0.0 
0.005073308 0.0 0.0 0.0 
0.002138143 0.0 0.0 0.0 
-0.0019211015 0.0 0.0 0.0 
-0.0022273764 0.0 0.0 0.0 
0.002101925 0.0 0.0 0.0 
0.000315782 0.0 0.0 0.0 
0.0001548581 0.0 0.0 0.0 
0.0008718816 0.0 0.0 0.0 
-0.00059683464 0.0 0.0 0.0 
0.0029815645 0.0 0.0 0.0 
-0.0010871205 0.0 0.0 0.0 
0.0025299152 0.0019162699 -0.005875541 0.006090441 
-0.0053360295 0.0 0.0 0.0 
0.0050839474 0.0 0.0 0.0 
0.0035324355 0.0 0.0 0.0 
-0.001227513 0.0 0.0 0.0 
-0.0026521133 0.0 0.0 0.0 
0.003267904 0.0 0.0 0.0 
0.00057694054 0.0 0.0 0.0 
-0.00013959919 0.0 0.0 0.0 
0.0013618548 0.004850974 0.0 0.0 
0.0015156047 0.0 0.0 0.0 
0.0020905328 0.0 0.0 0.0 
-0.0028209656 0.0 0.0 0.0 
-0.0018212919 0.0 0.0 0.0 
-0.0019702401 0.0 0.0 0.0 
0.002221674 0.0 0.0 0.0 
0.0013391173 -0.0061184987 0.011489103 0.010901924 
0.002460952 0.0 0.0 0.0 
-0.0038680048 0.0 0.0 0.0 
-0.0026885055 0.0 0.0 0.0 
-0.005003718 0.0 0.0 0.0 
-0.009072224 0.0 0.0 0.0 
0.0001354511 0.0 0.0 0.0 
0.0015730138 0.0 0.0 0.0 
-0.00022643061 0.0 0.0 0.0 
0.00051685347 0.0 0.0 0.0 
0.0021469465 0.0 0.0 0.0 
0.00089073996 0.0 0.0 0.0 
-0.0013687569 0.0 0.0 0.0 
-0.0023401172 0.0 0.0 0.0 
0.00057246856 0.0 0.0 0.0 
-0.0012791185 0.0 0.0 0.0 
-0.0031774815 0.0 0.0 0.0 
-0.0004623896 0.0 0.0 0.0 
0.0006305876 0.0 0.0 0.0 
-0.0019030541 0.0 0.0 0.0 
-0.0027817376 -0.0005726593 0.0014264772 0.00030651246 
0.0015358439 0.0 0.0 0.0 
0.0013589897 0.0 0.0 0.0 
-0.0015323947 0.0 0.0 0.0 
-0.003504429 0.0 0.0 0.0 
0.0010656794 0.0 0.0 0.0 
0.0026328329 0.0 0.0 0.0 
-0.0016941883 0.0 0.0 0.0 
-0.0050781765 0.0 0.0 0.0 
0.0027858405 0.0 0.0 0.0 
-0.004841812 0.0 0.0 0.0 
0.0043209484 0.0 0.0 0.0 
-0.0023370099 0.0 0.0 0.0 
0.00076855096 0.0 0.0 0.0 
0.0034024671 0.0 0.0 0.0 
-0.0032487076 0.0 0.0 0.0 
-0.0013706618 0.0 0.0 0.0 
0.00436085 0.0 0.0 0.0 
0.0025026517 0.0 0.0 0.0 
-0.0019213412 0.0 0.0 0.0 
0.0014440665 0.0 0.0 0.0 
0.0010395176 0.0 0.0 0.0 
0.0039391667 0.0 0.0 0.0 
0.005634654 0.0016930196 -0.018366164 -0.012605204 
0.0025955946 0.0009014341 -0.008248516 -0.010596913 
-0.00030861018 0.0 0.0 0.0 
-0.0015241256 0.0 0.0 0.0 
0.0009971515 0.0 0.0 0.0 
-0.001675423 0.0 0.0 0.0 
-0.0014707057 0.0 0.0 0.0 
0.00068925164 0.0 0.0 0.0 
-0.0028778422 0.0 0.0 0.0 
-0.001532246 0.0 0.0 0.0 
0.0020241379 0.0 0.0 0.0 
-0.00095428067 0.0 0.0 0.0 
0.0022513543 0.0 0.0 0.0 
0.0047091288 0.0 0.0 0.0 
0.004066815 0.0 0.0 0.0 
0.0010965143 0.0 0.0 0.0 
-0.0022151459 0.0 0.0 0.0 
-0.005030495 0.0034675621 0.0 0.0 
-0.00010738404 0.0 0.0 0.0 
-0.0009661682 0.0 0.0 0.0 
-0.0016909553 0.0 0.0 0.0 
0.0013037068 0.0 0.0 0.0 
0.001009352 0.0 0.0 0.0 
-0.0016133399 0.0 0.0 0.0 
-0.0026059407 0.0 0.0 0.0 
0.0015106845 0.0 0.0 0.0 
-0.0012436144 0.0 0.0 0.0 
-0.002994931 0.0 0.0 0.0 
-0.0041384036 0.0 0.0 0.0 
0.0038166777 0.0 0.0 0.0 
-0.003391391 0.0 0.0 0.0 
0.0020394954 0.0 0.0 0.0 
-1.2650516e-05 0.0 0.0 0.0 
-0.0006908069 0.0 0.0 0.0 
0.00037234335 0.0 0.0 0.0 
-0.003287352 0.0 0.0 0.0 
-0.0044850428 0.0 0.0 0.0 
-7.484804e-05 0.0 0.0 0.0 
0.00096533145 0.0 0.0 0.0 
-0.0032918353 0.0 0.0 0.0 
0.0010530634 0.0 0.0 0.0 
0.0014140288 0.0 0.0 0.0 
-0.005451036 0.0 0.0 0.0 
0.0027354248 0.0 0.0 0.0 
-0.0018200326 0.0 0.0 0.0 
0.004850974 0.0013618548 0.0 0.0 
0.0039216154 0.0 0.0 0.0 
0.0004016238 0.0 0.0 0.0 
-0.0018138794 0.0 0.0 0.0 
0.001223045 0.0 0.0 0.0 
0.0017628435 0.0 0.0 0.0 
-0.0002809538 0.0 0.0 0.0 
0.0021341017 0.0 0.0 0.0 
-0.0055380138 0.0 0.0 0.0 
0.0010861767 0.0 0.0 0.0 
0.00059456355 0.00030121504 -0.0057996204 -0.0017055842 
0.003911718 -0.0037510423 0.0020562066 0.0052285385 
-0.003006572 0.0 0.0 0.0 
0.0016480004 0.0 0.0 0.0 
0.0020113294 0.0 0.0 0.0 
-0.0031471085 0.0 0.0 0.0 
-0.00093345775 0.0 0.0 0.0 
-0.0032377667 0.0 0.0 0.0 
-0.00073031336 0.0 0.0 0.0 
-0.00077969575 0.00019312734 0.0 0.0 
0.0028327813 0.0 0.0 0.0 
-0.003557777 0.0 0.0 0.0 
0.0016011271 -0.0014202449 -7.144418e-05 0.0009014341 
-0.0009913897 0.0 0.0 0.0 
0.001858978 0.0 0.0 0.0 
-0.0010713428 -0.002595314 0.0027061738 0.0026597148 
0.0025880404 -0.00014477869 -0.0029038526 -0.009443724 
0.0014125983 0.0 0.0 0.0 
0.0020648853 0.0 0.0 0.0 
-0.0012118375 0.0 0.0 0.0 
0.00054516806 0.0 0.0 0.0 
-0.0016567986 0.0 0.0 0.0 
-0.0011281342 -0.002595314 0.0038343081 0.0026597148 
-0.0013818856 0.0 0.0 0.0 
0.001762122 -0.002595314 0.0020721862 0.0026597148 
0.0007872997 0.0 0.0 0.0 
-0.0007027034 0.0015118663 -0.0038909058 0.010118203 
-0.0016308541 0.0 0.0 0.0 
0.0026991682 0.0 0.0 0.0 
-0.0048211957 0.0 0.0 0.0 
-0.0015773786 0.0 0.0 0.0 
0.0033692177 0.0 0.0 0.0 
-0.002359926 -0.002595314 0.004432113 0.0026597148 
-0.0044856435 0.0 0.0 0.0 
0.00040180734 0.0 0.0 0.0 
-0.0033985367 0.0 0.0 0.0 
0.000730564 -0.0010816505 -0.0017176596 -0.0025493833 
0.004119316 0.0 0.0 0.0 
-0.00272844 0.0 0.0 0.0 
0.0002952577 0.0 0.0 0.0 
0.0008134571 0.0 0.0 0.0 
-0.001874722 0.0 0.0 0.0 
0.0016861038 0.0 0.0 0.0 
0.0014594697 0.0 0.0 0.0 
-0.00023147334 0.0 0.0 0.0 
0.0009103936 0.0 0.0 0.0 
-0.0015448339 0.0 0.0 0.0 
0.0021993208 0.0 0.0 0.0 
0.005901545 0.0 0.0 0.0 
0.0042799483 0.0 0.0 0.0 
0.0031735932 0.0 0.0 0.0 
0.0020246159 0.0 0.0 0.0 
0.00051382254 0.0 0.0 0.0 
0.0011155885 0.0 0.0 0.0 
-0.0006094042 -0.0005726593 0.0020358823 0.00030651255 
-0.0006281935 0.0 0.0 0.0 
0.0010793016 -0.0005726593 0.00095658004 0.00030651255 
-0.0031861986 0.0 0.0 0.0 
0.0010383034 0.0 0.0 0.0 
-0.00064223126 0.0 0.0 0.0 
1.6804033e-06 0.0 0.0 0.0 
-0.004813848 0.0 0.0 0.0 
0.004056257 0.0 0.0 0.0 
-0.005238235 0.0 0.0 0.0 
-0.000816023 0.0 0.0 0.0 
-0.00041113867 0.0 0.0 0.0 
-0.007855959 0.0 0.0 0.0 
-3.6792164e-05 0.0 0.0 0.0 
0.0014575975 0.0 0.0 0.0 
0.0006713078 0.0 0.0 0.0 
0.00089918653 0.0 0.0 0.0 
0.0011448655 0.0 0.0 0.0 
0.0021665068 0.0 0.0 0.0 
0.0005850827 0.0 0.0 0.0 
-0.0034411957 0.0 0.0 0.0 
0.0020926388 0.0 0.0 0.0 
0.0016632912 0.0 0.0 0.0 
0.0012145027 -0.0003628925 -0.0034943565 0.002697577 
-0.0003628925 -0.002279854 0.002697577 0.0 
0.00047143234 0.0 0.0 0.0 
-0.008039491 0.0 0.0 0.0 
0.00050475553 0.0 0.0 0.0 
-0.001040485 0.0 0.0 0.0 
0.004784566 0.0 0.0 0.0 
-0.0031966933 0.0 0.0 0.0 
-0.0027008841 0.0 0.0 0.0 
-0.001867946 0.0 0.0 0.0 
-0.0013029929 0.0 0.0 0.0 
0.00019312734 -0.00077969575 0.0 0.0 
-0.0007430626 0.0 0.0 0.0 
-0.0013217586 0.0 0.0 0.0 
-0.002878062 0.0 0.0 0.0 
0.004259846 0.0 0.0 0.0 
0.006545412 0.0 0.0 0.0 
-0.0023591865 0.0 0.0 0.0 
0.004059918 0.0 0.0 0.0 
0.002214 0.0 0.0 0.0 
-0.0048864298 0.0 0.0 0.0 
-0.0027086993 0.0 0.0 0.0 
0.0015579036 0.0 0.0 0.0 
0.0019303436 0.0 0.0 0.0 
0.0017251199 0.0 0.0 0.0 
0.00037971875 0.0 0.0 0.0 
0.0015974621 0.0 0.0 0.0 
-0.0011528026 0.0 0.0 0.0 
-0.0017283306 0.0 0.0 0.0 
0.002749906 -0.002595314 0.001682206 0.0026597148 
0.0037753312 0.0 0.0 0.0 
-0.001837281 0.0 0.0 0.0 
0.0007575254 0.0 0.0 0.0 
0.0019326598 0.0 0.0 0.0 
0.0012773769 0.0 0.0 0.0 
0.0033104208 0.0 0.0 0.0 
-0.001747955 0.0 0.0 0.0 
-0.0011385536 0.0 0.0 0.0 
0.004500782 0.0 0.0 0.0 
0.0018846166 0.0 0.0 0.0 
0.0051180245 0.0 0.0 0.0 
0.002403417 0.0 0.0 0.0 
-0.0022083945 0.0 0.0 0.0 
-0.00410916 0.0 0.0 0.0 
0.004841407 0.0 0.0 0.0 
-0.0013338819 0.0 0.0 0.0 
0.0010476687 0.0 0.0 0.0 
0.0011400128 0.0 0.0 0.0 
0.00055273465 0.0 0.0 0.0 
0.00033585622 0.0039074877 0.003069491 -0.0016694211 
0.0004007379 0.0 0.0 0.0 
-0.00013562347 -0.001917981 0.0 0.0 
-0.0023443757 0.0 0.0 0.0 
0.000197374 -0.0005726593 0.00075920485 0.00030651246 
0.00057947333 0.0024137436 0.004913912 -0.0033725947 
0.0044699763 0.0 0.0 0.0 
-0.0014723282 0.0 0.0 0.0 
-7.903535e-05 0.0 0.0 0.0 
0.00045669146 0.0 0.0 0.0 
-0.0013066779 0.0 0.0 0.0 
-0.0010113623 0.0 0.0 0.0 
0.00012561484 -0.003790849 0.004188528 -0.0057459567 
0.00090553623 0.0 0.0 0.0 
-0.0032852644 0.0 0.0 0.0 
0.000120613164 0.0 0.0 0.0 
0.0011699836 0.0 0.0 0.0 
-0.0016878285 0.0 0.0 0.0 
-0.0034618806 0.0 0.0 0.0 
-0.0018136887 0.0 0.0 0.0 
-0.00019518772 0.0 0.0 0.0 
0.0025645748 0.0 0.0 0.0 
-0.00027469828 0.0 0.0 0.0 
0.004834872 0.0 0.0 0.0 
0.0018541459 0.0 0.0 0.0 
-0.0023026795 0.0 0.0 0.0 
-0.00036022466 0.0 0.0 0.0 
0.004303845 0.0 0.0 0.0 
-0.0024294227 0.0 0.0 0.0 
-0.00083971536 0.0 0.0 0.0 
0.0013633254 0.0 0.0 0.0 
0.0044830865 -0.0009767733 0.0 0.0 
0.0020226636 0.0 0.0 0.0 
-0.00070493476 0.00047495984 -0.0036468578 0.0 
-0.0010950346 0.0 0.0 0.0 
-3.1559463e-07 0.0 0.0 0.0 
-0.0010816505 -0.0009870956 -0.0025493833 0.0032930726 
-0.0016000096 0.0013391173 -0.0035526494 0.0064088507 
0.00027689303 0.0 0.0 0.0 
0.0018476602 0.0 0.0 0.0 
-0.0020478352 0.0 0.0 0.0 
0.00026752206 0.0 0.0 0.0 
-0.00059899234 0.0 0.0 0.0 
0.002107368 0.00027744778 -0.004640137 0.0013920139 
0.0023115766 0.001582053 0.0021728505 0.007051671 
-0.0009730422 0.0 0.0 0.0 
-0.00051225844 0.0 0.0 0.0 
0.0034369132 0.0 0.0 0.0 
0.0040400326 0.0 0.0 0.0 
0.0014393349 0.0 0.0 0.0 
-0.0013912485 0.0 0.0 0.0 
0.0035803244 0.0 0.0 0.0 
0.0033414664 0.0 0.0 0.0 
-0.002151683 0.0 0.0 0.0 
0.002506111 0.0 0.0 0.0 
0.0027307873 0.0 0.0 0.0 
-0.00027851193 0.0 0.0 0.0 
0.002205736 0.0 0.0 0.0 
-0.0014202449 0.0015296829 0.0009014341 -0.008177071 
-0.0029584093 0.0 0.0 0.0 
0.0021411218 0.0 0.0 0.0 
-0.00013593255 0.0 0.0 0.0 
-0.002224987 0.0 0.0 0.0 
0.0025247184 0.0 0.0 0.0 
0.0042841467 -0.0005629003 0.0013000546 -4.8253103e-05 
0.0048113726 0.0 0.0 0.0 
0.0031381203 0.0 0.0 0.0 
-0.00033129373 0.0 0.0 0.0 
-0.002190473 0.0 0.0 0.0 
0.0002944976 0.0 0.0 0.0 
0.0006265548 0.0 0.0 0.0 
-0.0017176596 -0.0022919164 -0.0018595865 0.004601142 
-0.0023782344 0.0 0.0 0.0 
0.00024774636 -0.001972394 -0.012750161 0.001012991 
-0.0011236629 0.0 0.0 0.0 
0.001376094 0.0 0.0 0.0 
0.009172828 0.0 0.0 0.0 
0.002548923 0.0 0.0 0.0 
0.00016442384 0.0 0.0 0.0 
-0.0009704946 0.0 0.0 0.0 
0.0037085782 0.0 0.0 0.0 
-0.0010476675 0.0 0.0 0.0 
0.005499604 0.0 0.0 0.0 
0.003604871 0.0 0.0 0.0 
-0.0020329177 0.0 0.0 0.0 
-0.0019527461 0.0 0.0 0.0 
-0.0009406811 0.0 0.0 0.0 
-0.0002285448 0.0 0.0 0.0 
-0.00085170567 0.0 0.0 0.0 
-0.0009317365 0.0 0.0 0.0 
0.0016684269 0.0 0.0 0.0 
0.00043568294 -0.004440937 -0.0077973674 -0.005291033 
-0.00085945043 0.0 0.0 0.0 
-0.0012948296 0.0 0.0 0.0 
-0.0010984186 0.0 0.0 0.0 
-0.0027976846 0.0 0.0 0.0 
-0.0047748294 0.0 0.0 0.0 
0.0033426182 0.0 0.0 0.0 
-7.5538887e-06 0.0 0.0 0.0 
0.003379139 0.0 0.0 0.0 
-0.00010230712 0.0 0.0 0.0 
0.004678023 0.0 0.0 0.0 
0.0037250489 -0.0005726593 -0.0029658433 0.00030651246 
-0.0024479828 0.0 0.0 0.0 
-0.0021854867 0.0 0.0 0.0 
-0.00014953851 0.0005948995 0.0042507076 0.0 
0.00063422765 0.0 0.0 0.0 
0.000850971 0.0 0.0 0.0 
-0.0012507825 0.0 0.0 0.0 
0.0010396031 0.0 0.0 0.0 
-0.005023022 0.0 0.0 0.0 
0.0019762302 0.0 0.0 0.0 
0.0028557444 0.0 0.0 0.0 
-0.0006472424 0.0 0.0 0.0 
0.0013156233 0.0 0.0 0.0 
-0.00038510948 0.0 0.0 0.0 
-0.0016112212 0.0 0.0 0.0 
-0.0024898974 0.0 0.0 0.0 
-4.9639693e-05 0.0 0.0 0.0 
0.002213383 0.0 0.0 0.0 
-0.0020630544 0.0 0.0 0.0 
0.0023003214 0.0 0.0 0.0 
0.00082458684 0.0 0.0 0.0 
-0.0004475289 0.0 0.0 0.0 
-0.00069029426 0.0 0.0 0.0 
0.0021946381 0.0 0.0 0.0 
0.0022701728 0.0 0.0 0.0 
-7.144418e-05 -0.0005188108 -0.008177073 -0.010596913 
0.0029942545 0.0 0.0 0.0 
-0.00067770795 0.0 0.0 0.0 
0.0016804499 0.0 0.0 0.0 
-0.002533197 0.0 0.0 0.0 
0.00073401275 0.0 0.0 0.0 
-4.1066756e-05 0.0 0.0 0.0 
-0.004308071 0.0 0.0 0.0 
-0.0026656224 0.0 0.0 0.0 
0.00087179977 0.0 0.0 0.0 
0.0027635724 0.0 0.0 0.0 
-0.00097401644 0.0 0.0 0.0 
-5.5845252e-05 0.0 0.0 0.0 
-0.0010119773 0.0025607008 0.0 0.0 
-0.0030567816 0.0 0.0 0.0 
0.004461891 0.0 0.0 0.0 
0.0030766802 0.0 0.0 0.0 
0.00059263106 0.0 0.0 0.0 
-0.00073521835 0.0 0.0 0.0 
-0.0016870191 0.0 0.0 0.0 
-2.829138e-05 0.0 0.0 0.0 
0.0038869346 0.0 0.0 0.0 
-0.0039636157 0.0 0.0 0.0 
-0.000884871 0.0 0.0 0.0 
0.0010260977 0.002697577 -0.00304502 0.0 
-0.005472316 -0.0005726593 0.002506473 0.00030651255 
-0.0034883746 0.0 0.0 0.0 
-0.0039935964 -0.002595314 0.0056758025 0.0026597148 
-0.00010755989 0.0 0.0 0.0 
-0.0019632035 0.0 0.0 0.0 
-0.002526472 0.0 0.0 0.0 
0.005049617 0.0 0.0 0.0 
0.0018676859 0.0 0.0 0.0 
-0.00075434084 0.0 0.0 0.0 
-0.00078467536 0.0 0.0 0.0 
0.00082402525 0.0 0.0 0.0 
-0.004396397 0.0 0.0 0.0 
0.0006418109 0.0 0.0 0.0 
-0.0055196323 0.0 0.0 0.0 
0.00031065178 0.0 0.0 0.0 
-0.00039590028 0.0 0.0 0.0 
0.00081690995 0.0 0.0 0.0 
-0.0025253824 0.0 0.0 0.0 
-0.0004734506 0.0 0.0 0.0 
0.00020901306 0.0 0.0 0.0 
-0.0017434971 0.0 0.0 0.0 
0.0042801294 -0.0005726593 -0.0017736563 0.00030651255 
0.0025078694 0.0 0.0 0.0 
0.00031487813 0.0 0.0 0.0 
-0.0029025322 0.0 0.0 0.0 
-0.004095544 -0.001251231 -0.011121552 -0.014042938 
-0.0020234904 0.0 0.0 0.0 
-0.0021648358 0.0 0.0 0.0 
0.00035589378 0.0 0.0 0.0 
-0.0009921829 0.0 0.0 0.0 
0.004713434 0.0 0.0 0.0 
0.0014871295 0.0 0.0 0.0 
0.0038358872 0.0 0.0 0.0 
0.0021754254 0.0 0.0 0.0 
-1.601893e-05 0.0 0.0 0.0 
0.002135431 0.0 0.0 0.0 
-0.002745689 0.0 0.0 0.0 
-0.0008995864 0.0 0.0 0.0 
-0.0014175316 0.0 0.0 0.0 
-0.0003844247 0.0 0.0 0.0 
0.00075909926 0.0 0.0 0.0 
-0.0036672947 0.0 0.0 0.0 
-0.0006455396 0.0 0.0 0.0 
0.0015172242 0.0 0.0 0.0 
-0.003272001 0.0 0.0 0.0 
-0.0032089 0.0 0.0 0.0 
-0.0043914253 0.0 0.0 0.0 
0.001775589 0.00030536795 -0.0016953534 0.006076557 
0.003715197 0.0 0.0 0.0 
0.0023759764 0.0 0.0 0.0 
0.0058711744 0.0 0.0 0.0 
0.0032855105 -0.002595314 0.0023902927 0.0026597148 
-0.002424144 0.0 0.0 0.0 
-0.0019341293 0.0 0.0 0.0 
-0.0006074182 0.0 0.0 0.0 
-0.0007386421 0.0 0.0 0.0 
0.0007222437 0.0 0.0 0.0 
0.00013679481 0.0 0.0 0.0 
-0.0005442374 0.0 0.0 0.0 
-0.0004519423 0.0 0.0 0.0 
-0.0015693686 0.0 0.0 0.0 
0.0007602266 0.0 0.0 0.0 
-0.0009516944 0.0 0.0 0.0 
-0.0015747679 0.0041011693 -0.00036024777 0.0 
0.0016055377 0.0 0.0 0.0 
-0.0056846878 0.0 0.0 0.0 
0.00081392087 0.0 0.0 0.0 
-0.0036401614 0.0 0.0 0.0 
-0.0031786535 0.0 0.0 0.0 
-0.0037963972 0.0 0.0 0.0 
0.0008749615 0.0 0.0 0.0 
0.0008995409 0.0 0.0 0.0 
-0.0011860274 0.0 0.0 0.0 
0.0006763935 0.0 0.0 0.0 
-0.0001491078 0.0 0.0 0.0 
0.0008108088 0.0 0.0 0.0 
-0.0009048656 0.0 0.0 0.0 
-0.00042817777 -0.0009482794 -0.0077488944 -0.010596914 
0.0012846831 0.003297876 0.006711364 -0.010328399 
-0.0005829142 0.0 0.0 0.0 
0.0035803744 0.0 0.0 0.0 
-1.7001115e-05 0.0 0.0 0.0 
-0.00087664515 0.0 0.0 0.0 
0.00014614314 0.0 0.0 0.0 
0.0009543173 0.0 0.0 0.0 
-0.0005752753 0.0 0.0 0.0 
0.00188189 0.0 0.0 0.0 
0.0006971647 0.0 0.0 0.0 
-0.004560708 -0.0005726593 0.006882596 0.00030651246 
-0.0042930585 0.0 0.0 0.0 
0.002888359 0.0 0.0 0.0 
-0.00073048123 0.0 0.0 0.0 
-0.0020089028 0.0 0.0 0.0 
-0.00073977764 0.0 0.0 0.0 
-0.0013507402 0.0 0.0 0.0 
0.0018416919 0.0 0.0 0.0 
-0.0028174797 0.0 0.0 0.0 
-0.0003075692 0.0 0.0 0.0 
-0.0018189579 0.0 0.0 0.0 
0.0030883655 0.0 0.0 0.0 
-0.00021429548 0.0 0.0 0.0 
0.000731841 0.0 0.0 0.0 
0.00049660756 0.0 0.0 0.0 
-0.0017474744 0.0 0.0 0.0 
-0.0021102459 0.0 0.0 0.0 
0.0046194657 0.0 0.0 0.0 
0.004058376 0.0 0.0 0.0 
-0.00541831 0.0 0.0 0.0 
0.0025326663 0.0 0.0 0.0 
0.0017593238 0.0 0.0 0.0 
0.00030505544 0.0 0.0 0.0 
-0.0006256872 0.0 0.0 0.0 
0.0051230267 0.0 0.0 0.0 
-0.0014344068 0.0 0.0 0.0 
-0.0035028434 0.0 0.0 0.0 
-0.0039899927 -1.3283946e-05 -0.0012476644 -0.0006117029 
-0.0027850564 0.0 0.0 0.0 
-0.0015479511 0.0 0.0 0.0 
-0.00076476875 0.0 0.0 0.0 
0.0037200009 0.0 0.0 0.0 
-0.0010847452 0.0 0.0 0.0 
-0.0021446743 0.0 0.0 0.0 
0.0032171356 0.0 0.0 0.0 
0.0010480486 0.0 0.0 0.0 
0.0011706777 0.0 0.0 0.0 
-0.0011846037 0.0 0.0 0.0 
0.0024942304 0.0 0.0 0.0 
-0.0032661937 0.0 0.0 0.0 
0.0007708172 0.0 0.0 0.0 
-0.00080842635 0.0 0.0 0.0 
0.0023482663 0.0 0.0 0.0 
0.0033529196 0.0 0.0 0.0 
0.0038226654 0.0 0.0 0.0 
0.003202999 0.0 0.0 0.0 
-0.00019476561 0.0 0.0 0.0 
0.0021879126 0.0 0.0 0.0 
-0.0003314597 0.0 0.0 0.0 
-5.9328922e-05 -0.0052050566 -0.0017055842 -0.005796866 
-0.0019335045 0.0 0.0 0.0 
0.0017904408 0.0 0.0 0.0 
0.0009014341 -0.0056529217 -0.010596914 -0.0033971898 
-0.0009963159 0.0 0.0 0.0 
-0.0067762653 0.0 0.0 0.0 
0.0055214525 -0.0011116363 0.00049012346 0.0016148385 
0.0011542583 0.0 0.0 0.0 
0.00076766656 0.000119408905 0.0 0.0 
-0.0029957015 0.0 0.0 0.0 
0.0009598849 0.0 0.0 0.0 
0.0024696854 0.0 0.0 0.0 
0.0028297466 0.0 0.0 0.0 
0.0046222066 0.0 0.0 0.0 
-0.003068162 0.0 0.0 0.0 
-0.0042599197 0.0 0.0 0.0 
-0.005037658 0.0 0.0 0.0 
0.000260377 0.0 0.0 0.0 
0.0017259902 0.0061422274 0.00016942015 -0.0010931324 
-0.00036267727 0.0 0.0 0.0 
-0.00078347884 0.0 0.0 0.0 
0.0020760426 0.0 0.0 0.0 
-0.001642218 0.0 0.0 0.0 
0.001181655 0.0 0.0 0.0 
-0.0021490986 -1.3283946e-05 0.0 0.0 
0.0019302481 0.0 0.0 0.0 
0.0013925931 0.0 0.0 0.0 
0.002092615 0.004831575 0.0034218961 0.0021206127 
0.0011616624 0.0 0.0 0.0 
-0.0043202303 0.0 0.0 0.0 
7.8928766e-05 0.0 0.0 0.0 
-0.004092955 0.0 0.0 0.0 
0.003534268 0.0 0.0 0.0 
0.0010682407 0.0 0.0 0.0 
-0.00042507032 0.0 0.0 0.0 
-0.0013780077 0.0 0.0 0.0 
0.0016929924 0.0 0.0 0.0 
0.0008987614 0.0 0.0 0.0 
-0.002359782 0.0 0.0 0.0 
-0.00078823004 0.0 0.0 0.0 
-0.0015458413 0.0 0.0 0.0 
-0.005037346 0.0 0.0 0.0 
-0.0029986526 0.0 0.0 0.0 
-0.00030878236 0.0 0.0 0.0 
0.0033722816 0.0 0.0 0.0 
-0.0011294339 0.0 0.0 0.0 
-3.289973e-05 0.0 0.0 0.0 
-0.0019717116 0.0 0.0 0.0 
0.00017740972 0.0 0.0 0.0 
-0.003305805 0.0 0.0 0.0 
-0.0058137444 0.0 0.0 0.0 
0.0016706663 0.0 0.0 0.0 
-4.723722e-05 0.0 0.0 0.0 
-0.0011109787 0.0 0.0 0.0 
-0.0019623209 0.0 0.0 0.0 
-0.0017676199 0.0 0.0 0.0 
-0.0032027112 0.0 0.0 0.0 
0.0041241203 0.0 0.0 0.0 
-0.0027220503 0.0 0.0 0.0 
-0.00481766 0.0 0.0 0.0 
-0.0008674109 0.0 0.0 0.0 
0.0050243754 0.0 0.0 0.0 
0.0073573696 0.0 0.0 0.0 
-0.0011753961 0.0 0.0 0.0 
-0.0012397701 0.0 0.0 0.0 
-0.0037695167 0.0 0.0 0.0 
-0.0006407531 0.0 0.0 0.0 
-0.0020028304 0.0 0.0 0.0 
-0.0006823092 0.004816535 -4.8253103e-05 -0.006859061 
-0.0034807764 0.0 0.0 0.0 
-0.0011944978 0.0 0.0 0.0 
0.0008958468 0.0 0.0 0.0 
0.00063444773 0.0 0.0 0.0 
-0.0028481958 0.0 0.0 0.0 
0.0002805392 0.0 0.0 0.0 
-0.002229557 0.0 0.0 0.0 
0.0029471645 0.0 0.0 0.0 
-0.0013784843 0.0 0.0 0.0 
0.0043010595 0.0 0.0 0.0 
-0.0043503433 0.0 0.0 0.0 
-0.0033469298 0.0 0.0 0.0 
0.0013163239 0.0 0.0 0.0 
0.0012157267 0.0 0.0 0.0 
-4.796014e-05 0.0 0.0 0.0 
-0.001852555 -0.00075272564 -0.003026477 0.002773252 
0.001460679 0.0 0.0 0.0 
0.0007811592 0.0 0.0 0.0 
0.0043881717 0.0 0.0 0.0 
-0.0013513888 0.0 0.0 0.0 
-0.00062941504 0.0 0.0 0.0 
0.004462596 0.0 0.0 0.0 
-0.001756704 0.0 0.0 0.0 
0.0022641297 0.0 0.0 0.0 
-0.0017000944 0.00983981 -6.697746e-05 -0.003089862 
0.0005596342 0.0 0.0 0.0 
-0.00063981896 -0.002595314 0.0030301115 0.0026597148 
0.00075447845 0.0 0.0 0.0 
-0.002937348 0.0 0.0 0.0 
-0.000790772 -0.00523671 0.0008333259 0.000877601 
0.005085034 0.0 0.0 0.0 
-0.0019245048 0.0 0.0 0.0 
-6.3144944e-05 0.0 0.0 0.0 
0.0045299046 0.0 0.0 0.0 
-0.0012279669 0.0 0.0 0.0 
8.585782e-05 0.0 0.0 0.0 
0.004117495 0.0 0.0 0.0 
-0.0011786706 0.0 0.0 0.0 
-0.00024340421 0.0 0.0 0.0 
0.0028655734 0.0 0.0 0.0 
-0.000159286 0.0 0.0 0.0 
0.0012201436 0.0 0.0 0.0 
0.0031708642 0.0 0.0 0.0 
-0.005414272 0.0 0.0 0.0 
0.0019271643 0.0008483886 -0.00096975424 0.0 
-0.0022561026 0.0 0.0 0.0 
0.00039867402 0.0002914793 -0.0018781582 0.0135193225 
-0.00029797465 0.0 0.0 0.0 
0.0005635646 0.0 0.0 0.0 
-0.00096007023 0.0 0.0 0.0 
0.001677889 0.0 0.0 0.0 
0.0009689624 0.0 0.0 0.0 
-0.0037104227 0.0 0.0 0.0 
0.00054277567 0.0 0.0 0.0 
-0.00423983 0.0 0.0 0.0 
0.002334817 0.0 0.0 0.0 
-0.0050775507 0.0 0.0 0.0 
0.001394052 0.0 0.0 0.0 
-0.0016909742 0.0 0.0 0.0 
0.0062342426 0.0 0.0 0.0 
-0.0024417846 0.0 0.0 0.0 
0.001733144 0.0 0.0 0.0 
-0.0028527065 0.0 0.0 0.0 
0.0004345852 0.0 0.0 0.0 
-0.0004510241 0.0 0.0 0.0 
-0.0037796225 0.0 0.0 0.0 
-0.004232957 0.0 0.0 0.0 
-0.00014125621 0.0 0.0 0.0 
-0.0054895543 0.0 0.0 0.0 
-0.0021454203 0.0 0.0 0.0 
0.0012593146 0.0 0.0 0.0 
-0.00094598497 0.0 0.0 0.0 
0.0003218332 0.0 0.0 0.0 
0.004259029 0.0 0.0 0.0 
-0.0028765227 0.0 0.0 0.0 
-0.0007865488 0.0 0.0 0.0 
-0.0018456461 0.0 0.0 0.0 
-0.0032031753 0.0 0.0 0.0 
-0.0054546283 -0.00014168829 0.0 0.0 
0.00075093313 0.0 0.0 0.0 
-0.00432379 0.0 0.0 0.0 
-0.0016299244 0.0008483886 0.00066017016 0.0 
0.0017682808 0.0 0.0 0.0 
-0.001592771 0.002092615 0.002567884 0.004891054 
0.0010018261 0.0 0.0 0.0 
-0.0012836432 0.0025299152 0.003199913 -0.005875541 
-0.005983676 0.0 0.0 0.0 
0.002823278 -0.0026691847 0.0 0.0 
0.003712985 0.0 0.0 0.0 
-0.0032585033 0.0 0.0 0.0 
-0.004407044 0.0 0.0 0.0 
0.008145831 0.0 0.0 0.0 
0.0031058628 0.0 0.0 0.0 
-0.0002900695 0.0 0.0 0.0 
-0.0016802441 0.0 0.0 0.0 
-3.2369328e-05 0.0 0.0 0.0 
0.0004584179 0.0 0.0 0.0 
-0.00059459644 0.0 0.0 0.0 
-0.004359841 0.0 0.0 0.0 
0.005774381 0.0 0.0 0.0 
-0.003163677 0.0 0.0 0.0 
0.0024787239 0.0 0.0 0.0 
-0.006237118 0.0 0.0 0.0 
0.002561352 0.0 0.0 0.0 
-0.0036586954 0.0 0.0 0.0 
-0.002569754 0.0 0.0 0.0 
0.0010773207 0.0 0.0 0.0 
0.0041401405 0.0 0.0 0.0 
0.0009020586 0.0 0.0 0.0 
-0.0022118853 -0.0017649132 -0.009384601 0.0025389101 
-0.0012030498 0.0 0.0 0.0 
-0.0026958103 0.0 0.0 0.0 
0.0046777087 0.0 0.0 0.0 
-0.0009795091 0.0 0.0 0.0 
-0.0023354234 0.0 0.0 0.0 
-0.002546704 0.0 0.0 0.0 
0.003217183 0.0 0.0 0.0 
0.0012530463 0.0 0.0 0.0 
-0.0007333931 0.0 0.0 0.0 
0.00021280347 0.0 0.0 0.0 
-0.00085097045 0.0 0.0 0.0 
-0.003012175 0.0 0.0 0.0 
-0.0015311468 0.0 0.0 0.0 
-0.0006785716 -0.01190433 -0.012550519 0.022085886 
0.003310507 0.0 0.0 0.0 
0.0026520127 0.0 0.0 0.0 
-0.0009767733 0.0044830865 0.0 0.0 
-0.0029547294 0.0 0.0 0.0 
0.004314958 0.0 0.0 0.0 
-0.0016575803 0.0 0.0 0.0 
-0.0022329884 0.0018344468 -0.0033673125 -0.0048383363 
-0.0022651707 0.0 0.0 0.0 
0.0022190728 0.0 0.0 0.0 
-0.0016745849 0.0 0.0 0.0 
0.00021155537 0.0 0.0 0.0 
0.0025745684 -0.0043156175 -0.0041150292 0.006219154 
-0.0007103488 0.0 0.0 0.0 
-0.0010810789 0.0 0.0 0.0 
0.005958157 -0.0017000944 0.00018296133 -0.0027547013 
0.0007352861 0.0 0.0 0.0 
-0.0017849895 0.0 0.0 0.0 
0.0058962847 0.0 0.0 0.0 
0.0010842767 0.00017713275 -0.007380083 0.0 
0.004118114 0.0 0.0 0.0 
0.0013029687 0.0 0.0 0.0 
-0.0010038433 0.0 0.0 0.0 
-0.00014775437 0.0 0.0 0.0 
-0.004248139 0.0 0.0 0.0 
-0.0014263764 0.0 0.0 0.0 
0.0041303965 0.0 0.0 0.0 
-0.002784963 0.0 0.0 0.0 
0.0059131784 0.0 0.0 0.0 
-0.0024229689 0.0 0.0 0.0 
-0.00035063474 0.0 0.0 0.0 
0.0040264525 0.00095211715 -0.0050668414 0.0032580085 
0.00072241353 0.0 0.0 0.0 
-0.0029562954 0.0 0.0 0.0 
-0.003519875 0.0 0.0 0.0 
0.0014851909 0.0 0.0 0.0 
0.0019482855 0.0 0.0 0.0 
0.00076599914 0.0 0.0 0.0 
-0.00013330593 0.0012611622 0.0 0.0 
-0.0010041134 0.0 0.0 0.0 
0.0037808418 0.006224323 0.0 0.0 
0.00066017016 -0.0029607045 0.0017089803 0.0068969233 
0.0006533104 0.0 0.0 0.0 
0.0026589648 0.0 0.0 0.0 
-0.003184938 0.0 0.0 0.0 
0.00012604667 0.0 0.0 0.0 
0.0026350385 0.0017259902 0.0 0.0 
-0.00036024777 -0.00014953851 0.0 0.0 
0.0022742962 0.0 0.0 0.0 
0.005901315 0.0 0.0 0.0 
-0.0026842873 0.0 0.0 0.0 
6.45205e-06 -0.002595314 0.0030236589 0.0026597148 
-0.00198492 0.0 0.0 0.0 
0.0026231555 0.0 0.0 0.0 
-0.0028117318 0.0 0.0 0.0 
-0.0002761279 0.0 0.0 0.0 
0.002225211 0.0 0.0 0.0 
0.0022352526 0.0017055059 0.0 0.0 
0.0035272539 0.0 0.0 0.0 
0.0032525742 0.0 0.0 0.0 
0.0049540596 0.0 0.0 0.0 
0.0021228108 0.0 0.0 0.0 
0.0016057676 0.0 0.0 0.0 
-0.0045742183 0.0 0.0 0.0 
-0.0026691847 0.002823278 0.0 0.0 
0.0015945422 0.0 0.0 0.0 
-0.001917981 -0.00013562347 0.0 0.0 
0.0038532552 0.0 0.0 0.0 
-6.318134e-05 0.0 0.0 0.0 
0.0038705936 0.0 0.0 0.0 
0.00038033948 0.0 0.0 0.0 
0.00031040498 0.0 0.0 0.0 
-0.0006788828 0.0 0.0 0.0 
-0.0011644755 0.0 0.0 0.0 
-0.0005703733 0.0 0.0 0.0 
5.828583e-06 0.0018410108 0.0044585858 0.0039777653 
-0.004892679 0.0 0.0 0.0 
-0.0025493833 0.0019112693 -0.0018077085 0.0029400615 
-0.0016863152 0.0 0.0 0.0 
0.0028516012 0.0 0.0 0.0 
-0.0020532452 0.0 0.0 0.0 
0.003539188 0.0 0.0 0.0 
-0.00046580992 0.0 0.0 0.0 
0.0016651907 0.0 0.0 0.0 
0.0004083467 0.0 0.0 0.0 
0.0018408393 0.0 0.0 0.0 
-0.0011633534 0.0 0.0 0.0 
0.004113838 0.001483883 -0.0030952822 -0.0014611536 
0.0042507076 -0.0015747679 0.0 0.0 
-0.0028715609 0.0 0.0 0.0 
0.0023389403 0.0 0.0 0.0 
-0.0006250293 -0.00027419385 -0.0055088974 0.00017713275 
-0.00020787027 0.0 0.0 0.0 
0.0002238698 0.0 0.0 0.0 
-0.00380366 0.0 0.0 0.0 
0.0009291054 0.0 0.0 0.0 
0.0028406316 0.0 0.0 0.0 
0.0041962718 0.0 0.0 0.0 
-0.0025163179 0.0 0.0 0.0 
-0.00026832306 0.0 0.0 0.0 
0.0042703934 0.0 0.0 0.0 
0.0018195988 0.0 0.0 0.0 
-0.0021022854 0.0 0.0 0.0 
0.0023117182 0.0 0.0 0.0 
6.60381e-06 0.0 0.0 0.0 
-0.0005012698 0.0040975814 0.0026223334 -0.0019293873 
-0.0005829981 0.0 0.0 0.0 
0.00080345914 0.0 0.0 0.0 
0.0032034651 0.0 0.0 0.0 
0.0007174202 0.0 0.0 0.0 
-0.0018609494 0.0 0.0 0.0 
0.0015021389 0.0 0.0 0.0 
0.006224323 0.0037808418 0.0 0.0 
0.00068220764 0.0 0.0 0.0 
-0.0010532105 0.0 0.0 0.0 
-0.0019916159 0.0 0.0 0.0 
-0.0024742305 0.0 0.0 0.0 
-0.0013780124 0.0 0.0 0.0 
-0.006926001 0.0 0.0 0.0 
-0.00020374519 0.0 0.0 0.0 
0.0025379532 0.0 0.0 0.0 
0.00046439524 0.0 0.0 0.0 
-0.0032571068 0.0 0.0 0.0 
0.0022038983 0.0 0.0 0.0 
-0.0020679885 0.0 0.0 0.0 
0.0039480035 0.0 0.0 0.0 
-0.0015669825 0.0 0.0 0.0 
-0.0020549283 0.0 0.0 0.0 
-0.0010309586 0.0 0.0 0.0 
-0.0023250417 0.0 0.0 0.0 
0.0015254412 0.0 0.0 0.0 
-0.0040195766 0.0 0.0 0.0 
-3.949176e-05 0.0 0.0 0.0 
-0.0010819851 0.0 0.0 0.0 
-0.0042694444 0.0 0.0 0.0 
0.0016433536 0.0 0.0 0.0 
-0.0033673125 -0.0017024701 -0.004189387 0.0013085667 
0.004344519 0.0 0.0 0.0 
0.0028816604 0.0 0.0 0.0 
-0.005161415 0.0 0.0 0.0 
-0.0013930023 0.0 0.0 0.0 
-0.0020042064 -0.003053725 0.00240582 0.0 
0.003425296 0.0 0.0 0.0 
-0.0034453326 0.0 0.0 0.0 
0.0020293007 0.0 0.0 0.0 
-0.0018927593 0.0 0.0 0.0 
0.001895664 0.0 0.0 0.0 
-0.0018877761 0.0 0.0 0.0 
0.0011696361 0.0034537932 0.0015932927 0.00030651255 
-0.0019902652 0.0 0.0 0.0 
0.0006798341 0.0 0.0 0.0 
-0.000662027 0.0 0.0 0.0 
-0.0022964987 0.0 0.0 0.0 
-0.0026451962 0.0 0.0 0.0 
-0.0032260197 -0.00277252 0.008190811 -0.005733268 
0.0010749162 0.0 0.0 0.0 
-0.002313953 0.0 0.0 0.0 
0.0005996555 0.0 0.0 0.0 
0.0011664256 0.0 0.0 0.0 
-0.004233627 0.0 0.0 0.0 
-0.0030429203 0.0 0.0 0.0 
-0.00017922175 0.0 0.0 0.0 
7.475629e-05 0.0 0.0 0.0 
0.003480801 0.0038936813 0.0 0.0 
0.0060683475 0.0 0.0 0.0 
-0.0014167286 -0.0033293723 0.0 0.0 
-0.00064743386 0.0 0.0 0.0 
-0.0011897815 0.00045458053 -0.0031866832 0.0 
-0.0030499678 0.0024813581 -0.008024725 0.0010144205 
-0.0033678664 0.0062802257 0.0056946874 -0.0026893457 
-0.0016796128 0.0 0.0 0.0 
0.000119408905 0.005051813 -0.0006823092 0.0005323881 
-0.0015714221 0.0 0.0 0.0 
-0.0021130806 -0.0043517924 0.0 0.0 
0.0006120878 0.0021861172 -0.002983155 -0.0004585198 
0.002927361 0.0 0.0 0.0 
0.005241258 0.0 0.0 0.0 
-0.0040288772 0.0 0.0 0.0 
-0.005474543 0.0 0.0 0.0 
-0.00026467477 0.0061238264 -0.0060558827 0.00522482 
0.0023715913 0.004807474 0.0023169057 0.003409937 
0.0004075833 0.0047048167 -0.007088435 0.008891531 
0.00017713275 -0.011750925 0.0 0.0 
-1.3283946e-05 -0.005237657 -0.0006117029 0.0016905789 
0.00068287225 0.0 0.0 0.0 
0.0014968512 0.0023715913 -0.0018020704 0.0 
0.0008483886 -0.0009968682 -0.008214784 0.013934854 
0.0028103113 -0.0027567947 -0.002595314 0.0062512243 
-0.0023283956 0.003911718 0.00027744778 -0.002532769 
0.0023593558 0.0012846831 -0.0016360485 0.012311665 
0.006294823 0.0012846831 -0.007930872 0.012311665 
-0.00081125554 0.0012846831 -0.0071196156 0.012311664 
-0.00043876466 0.0012846831 -0.006680851 0.012311664 
-0.0020277116 0.0012846831 -0.0047960486 0.0040523876 
-0.0023581681 -0.0008648436 -0.0044670072 0.0011901236 
0.00065654994 -0.0022610852 0.0 0.0 
-0.0018497135 -0.00042817777 0.0009014341 -0.0077488944 
0.0016148385 -0.0006823092 0.0 0.0 
0.0052836263 0.00033585622 -0.0025493833 0.0015754129 
-0.003053725 0.00040161354 0.0 0.0 
0.00047518942 -0.0021495267 -0.004942197 0.0011901236 
0.0017170788 -0.0044384534 0.00017713275 -0.007312472 
0.002572745 0.002077237 0.0 0.0 
-0.0036468578 -0.0021130806 0.0 0.0 
0.001186131 -0.00019274632 -0.0016424995 0.0 
-0.0005726593 -0.0013552608 0.00030651246 0.002697577 
-0.00032988313 0.0028103113 -0.0024269116 -0.002595314 
-0.00043400953 0.0 0.0 0.0 
0.0054711318 0.0 0.0 0.0 
-0.0002544468 0.0 0.0 0.0 
-0.0013721394 -0.0070521426 0.0 0.0 
0.0025607008 -0.0010119773 0.0 0.0 
-0.000940349 0.0 0.0 0.0 
-0.00070164824 0.0 0.0 0.0 
0.002567073 0.0 0.0 0.0 
-0.003941331 0.0 0.0 0.0 
0.0025599215 0.0 0.0 0.0 
-0.00010007431 -0.002595314 0.0031237332 0.0026597148 
0.0017764154 0.0 0.0 0.0 
-0.002737664 0.0 0.0 0.0 
-0.0012358015 0.0 0.0 0.0 
0.00050881243 0.0 0.0 0.0 
-0.001881689 0.0 0.0 0.0 
-0.00013953005 -0.0005726593 0.0019792635 0.0022816395 
0.0008156769 0.0 0.0 0.0 
-0.0050334777 0.0 0.0 0.0 
-0.002114261 0.0 0.0 0.0 
-0.00019019855 0.0 0.0 0.0 
0.0008475077 0.0 0.0 0.0 
-0.0019900405 0.0 0.0 0.0 
-0.0006036811 0.0 0.0 0.0 
-0.0008469615 0.006693885 0.0 0.0 
-0.0018617507 0.0 0.0 0.0 
0.003429363 0.0 0.0 0.0 
-0.0027093673 0.0 0.0 0.0 
-0.0005629059 0.0 0.0 0.0 
-0.0019805173 0.0 0.0 0.0 
-0.00072171615 0.0 0.0 0.0 
-0.0021821503 0.0 0.0 0.0 
-0.002620591 0.0 0.0 0.0 
-0.003647878 0.0 0.0 0.0 
0.003319562 0.0 0.0 0.0 
0.002077237 0.002572745 0.0 0.0 
0.0055008554 0.0 0.0 0.0 
-0.0038824156 0.0 0.0 0.0 
0.0008083619 0.00039867402 0.0 0.0 
0.0039754105 0.0 0.0 0.0 
-0.00066262385 0.0 0.0 0.0 
0.0005983437 0.0 0.0 0.0 
-0.0024904523 0.0 0.0 0.0 
0.004947495 0.0 0.0 0.0 
-0.0004136976 0.0 0.0 0.0 
-0.003588189 0.0 0.0 0.0 
0.0007164738 0.0 0.0 0.0 
-0.0008923889 0.0 0.0 0.0 
0.0005914543 -0.0004582157 -0.0042892513 -0.005106884 
0.0038536317 -0.0016424995 -0.00019274632 0.0 
-0.00071072986 0.0 0.0 0.0 
0.0026799832 0.0 0.0 0.0 
0.00019148899 0.0 0.0 0.0 
0.00041499684 0.0 0.0 0.0 
0.0022642284 0.0 0.0 0.0 
-0.00042168502 0.0 0.0 0.0 
0.00066905946 0.0 0.0 0.0 
0.0030006424 0.0 0.0 0.0 
0.0026867334 -0.002595314 0.00043700077 0.0026597148 
-0.00031505965 0.0 0.0 0.0 
0.00042101098 0.0 0.0 0.0 
-0.0009177978 0.0 0.0 0.0 
-0.000875917 0.0 0.0 0.0 
-0.0014719972 0.0 0.0 0.0 
-0.003308092 0.0 0.0 0.0 
0.00017597209 -0.002595314 0.00026102876 0.0026597148 
-0.00097236654 0.0 0.0 0.0 
0.0028943054 0.0 0.0 0.0 
-0.0006502047 0.0 0.0 0.0 
0.0030397098 0.0 0.0 0.0 
-0.0008640415 0.0 0.0 0.0 
-0.0017604282 0.0 0.0 0.0 
-0.0011063732 0.0 0.0 0.0 
0.0043779337 0.0 0.0 0.0 
-0.0034861283 0.0 0.0 0.0 
-0.004944374 0.0 0.0 0.0 
0.0021170564 0.0 0.0 0.0 
-0.00025537514 -0.002595314 0.00051640347 0.0026597148 
0.0022158464 0.0 0.0 0.0 
-0.002863783 0.0 0.0 0.0 
-0.0024958174 0.0 0.0 0.0 
-0.0020042758 0.0 0.0 0.0 
0.004834364 0.0 0.0 0.0 
0.001975874 0.0 0.0 0.0 
-0.0042605265 0.0 0.0 0.0 
-0.0034582238 0.0 0.0 0.0 
0.0006468768 0.0 0.0 0.0 
-0.0015815513 0.0 0.0 0.0 
-0.0014691578 0.008299798 -0.0014523626 0.0011994201 
0.00079508947 0.0 0.0 0.0 
0.002178772 0.0 0.0 0.0 
5.85138e-06 0.0 0.0 0.0 
0.0014241536 0.0 0.0 0.0 
0.0011193488 0.0 0.0 0.0 
-0.0020769709 0.0 0.0 0.0 
-0.0046170177 0.0 0.0 0.0 
0.0027695915 -0.0005726593 0.0 0.0 
-0.0024325638 0.0 0.0 0.0 
0.0037485398 0.0 0.0 0.0 
0.003242111 0.0 0.0 0.0 
0.0005150471 0.0 0.0 0.0 
-0.0074825506 -0.002595314 0.007998954 0.0026597148 
-0.00513516 0.0 0.0 0.0 
0.0037926002 -0.002595314 0.0042063547 0.0026597148 
-0.0007902855 0.0 0.0 0.0 
-0.0011431867 -0.002595314 0.0053495406 0.0026597148 
-0.00072749786 0.0 0.0 0.0 
-0.0010930704 0.0 0.0 0.0 
-0.00054801605 0.0 0.0 0.0 
0.00048472034 0.0 0.0 0.0 
0.0007429351 0.0 0.0 0.0 
-0.0032186978 0.0 0.0 0.0 
0.0007552187 0.0 0.0 0.0 
-0.00064682186 0.0 0.0 0.0 
0.003853528 0.0 0.0 0.0 
0.0021680016 0.0 0.0 0.0 
-0.0010848715 0.0 0.0 0.0 
-0.0059132986 0.0 0.0 0.0 
-0.0036418075 0.0 0.0 0.0 
0.0009820586 0.0 0.0 0.0 
0.0026377635 0.0 0.0 0.0 
-0.002595314 0.007733344 0.0026597148 0.0 
-0.0005597516 0.0 0.0 0.0 
-0.0022357374 0.0 0.0 0.0 
0.00014557302 0.0 0.0 0.0 
2.4610405e-05 -0.00034544658 -0.003809093 0.00040811536 
0.0009834396 0.0 0.0 0.0 
-0.0009775652 0.0 0.0 0.0 
-0.00127954 0.0 0.0 0.0 
-0.0025155977 -0.0005726593 0.005189185 0.0022816395 
0.0017082909 0.0 0.0 0.0 
0.0056675677 0.0 0.0 0.0 
-0.0011054582 0.0 0.0 0.0 
-0.004055872 0.0 0.0 0.0 
-0.0019680492 0.0 0.0 0.0 
-0.0005680012 -0.0005726593 0.0027695915 0.0 
-0.00029838123 0.00030536795 0.0023918122 0.0073532425 
-0.00044093927 0.0 0.0 0.0 
-0.0008630424 -0.0005726593 0.00020526361 0.0022816395 
0.004539998 0.0 0.0 0.0 
0.0002608217 -0.0001270551 0.0 0.0 
-0.0022739149 0.0 0.0 0.0 
0.0009075768 0.0 0.0 0.0 
-0.0015618302 0.0 0.0 0.0 
-0.002042121 0.0023667526 -0.00075144565 0.0040151724 
0.0030322678 0.0 0.0 0.0 
-0.0015542718 0.0 0.0 0.0 
-0.0012661511 0.0 0.0 0.0 
0.0040151724 0.00034676757 0.0 0.0 
0.0013774873 0.0 0.0 0.0 
-0.0015076083 0.0 0.0 0.0 
-0.00014366345 0.0 0.0 0.0 
0.0050289417 0.0 0.0 0.0 
-0.001857147 0.0 0.0 0.0 
0.0013294765 0.0 0.0 0.0 
0.0041382574 0.0 0.0 0.0 
0.0003247317 0.0 0.0 0.0 
-0.0033995407 0.0 0.0 0.0 
-0.0019361424 0.0 0.0 0.0 
0.00012386167 -0.002595314 0.011478927 0.0026597148 
-0.0043195947 0.0 0.0 0.0 
-0.0018908614 0.0 0.0 0.0 
-0.0005986566 0.0 0.0 0.0 
-0.0030638522 0.0 0.0 0.0 
-0.003583812 -0.002595314 0.008933352 0.0026597148 
-0.0009984726 0.0 0.0 0.0 
0.0014370845 0.0 0.0 0.0 
-0.00022182145 0.0 0.0 0.0 
-0.00029141325 0.0 0.0 0.0 
0.00044933666 -0.0006758331 -0.0048522335 -0.010259669 
-0.0012583236 0.0 0.0 0.0 
0.0016867688 0.0 0.0 0.0 
-0.0032073795 0.0 0.0 0.0 
0.00017651726 -0.002595314 0.006074707 0.004089392 
-0.00456173 0.0 0.0 0.0 
0.001454352 0.0 0.0 0.0 
-0.0019675584 0.0 0.0 0.0 
0.0020283249 0.0 0.0 0.0 
0.00047466878 0.0 0.0 0.0 
0.004873363 0.0 0.0 0.0 
0.00203849 0.0 0.0 0.0 
-0.0006943093 0.0 0.0 0.0 
0.0030878282 0.0 0.0 0.0 
-0.00079994585 0.0 0.0 0.0 
0.0038502556 0.0 0.0 0.0 
0.0016528075 0.0 0.0 0.0 
-0.0011835861 0.0 0.0 0.0 
0.002612373 0.0 0.0 0.0 
-0.0027589942 0.0 0.0 0.0 
1.7780527e-05 0.0 0.0 0.0 
0.0005206053 0.0 0.0 0.0 
-8.178798e-05 0.0 0.0 0.0 
-0.0023300392 0.0 0.0 0.0 
0.0040948004 0.0 0.0 0.0 
0.0028433872 0.0 0.0 0.0 
0.000457555 0.0 0.0 0.0 
-0.0021373434 0.0 0.0 0.0 
0.0027303165 0.0 0.0 0.0 
-0.00092024426 0.0 0.0 0.0 
-0.0033073234 0.0 0.0 0.0 
-0.0017869947 0.0 0.0 0.0 
-0.0056161587 0.0 0.0 0.0 
0.0023743426 -0.002595314 0.0106302835 0.0026597148 
-0.0012269855 0.0 0.0 0.0 
0.0003975412 0.0 0.0 0.0 
-0.00030550797 0.0 0.0 0.0 
0.00025054935 0.0 0.0 0.0 
-0.0029100063 0.0 0.0 0.0 
-0.0032962165 0.0 0.0 0.0 
0.0016492943 0.0 0.0 0.0 
-0.0016179834 0.0 0.0 0.0 
0.0006479526 0.0 0.0 0.0 
0.0023406511 0.0 0.0 0.0 
-0.0025640256 0.0 0.0 0.0 
0.0011302545 0.0 0.0 0.0 
-0.0012973223 0.0 0.0 0.0 
-0.00025508486 0.0 0.0 0.0 
0.00017182463 0.0 0.0 0.0 
0.004206695 0.0 0.0 0.0 
-0.005053122 0.0 0.0 0.0 
-0.0019772146 0.0 0.0 0.0 
0.001853609 0.0 0.0 0.0 
0.0014551209 0.0 0.0 0.0 
9.0892085e-05 -0.0005726593 0.0022015902 0.0 
-0.00020965874 0.0 0.0 0.0 
-0.0017365846 -0.0013721394 -0.005315558 0.0 
-0.0035171416 0.0 0.0 0.0 
0.0030542929 0.0 0.0 0.0 
0.0036099658 0.0 0.0 0.0 
-0.0017550762 0.0 0.0 0.0 
-0.0005378081 -0.0010850581 0.0 0.0 
-0.0027469716 0.0 0.0 0.0 
-0.00015047769 0.0 0.0 0.0 
-0.0018961965 0.0 0.0 0.0 
-0.00045938432 0.0 0.0 0.0 
-0.002711948 0.0 0.0 0.0 
0.0006438455 0.0 0.0 0.0 
0.0016256204 0.0 0.0 0.0 
0.0014536614 0.0 0.0 0.0 
0.002414938 0.0 0.0 0.0 
-0.0032686975 0.0 0.0 0.0 
0.0009287167 0.0 0.0 0.0 
-0.0023940606 0.0 0.0 0.0 
0.003984545 0.0 0.0 0.0 
-0.0014312122 -0.002595314 0.0037562584 0.004089392 
0.0014327151 0.0 0.0 0.0 
0.0020948185 0.0 0.0 0.0 
0.004160372 0.0 0.0 0.0 
-0.0005088112 0.0 0.0 0.0 
-0.001932062 0.0 0.0 0.0 
0.0011724327 -0.0008469615 0.0 0.0 
-0.00070592837 0.0 0.0 0.0 
-0.00032937396 0.0 0.0 0.0 
0.00019629284 0.009903464 0.0 0.0 
-0.00085028895 0.0 0.0 0.0 
0.00034676757 0.0043205405 0.0 0.0 
-0.0022594614 0.0 0.0 0.0 
-0.0026065456 0.0 0.0 0.0 
-0.0006006625 0.0 0.0 0.0 
0.001276685 0.004404192 0.00097511313 0.004891054 
0.00077177474 0.0 0.0 0.0 
0.00078213104 0.0 0.0 0.0 
0.0024447732 0.0 0.0 0.0 
0.00051172666 0.0 0.0 0.0 
0.002277765 0.0 0.0 0.0 
-0.0017055842 -0.008008751 0.0025389101 0.000877601 
0.0009542155 0.0 0.0 0.0 
0.0013546302 0.0 0.0 0.0 
0.0017696341 -0.003809093 6.266878e-05 0.0 
-0.001647173 0.0 0.0 0.0 
-0.0012950152 0.0 0.0 0.0 
0.0015697356 0.0 0.0 0.0 
-0.0059343325 0.0 0.0 0.0 
0.004320235 0.0 0.0 0.0 
0.0023252952 0.0 0.0 0.0 
-0.00082090567 0.0 0.0 0.0 
-0.0012556902 0.0 0.0 0.0 
0.0018263747 -0.0033678664 0.0033494516 -0.0005726593 
0.001416109 0.0 0.0 0.0 
0.0013388541 0.0 0.0 0.0 
-0.0017247413 0.0 0.0 0.0 
0.00028281825 0.0 0.0 0.0 
-0.00017345788 0.0 0.0 0.0 
-0.0005128023 0.0 0.0 0.0 
-7.754601e-05 0.0 0.0 0.0 
0.0033494516 -0.0014106103 0.0016901947 0.00034662383 
-0.00027084874 0.0 0.0 0.0 
0.00026235703 0.0 0.0 0.0 
0.0023792454 0.0 0.0 0.0 
0.0036035157 0.0 0.0 0.0 
-0.0030152544 0.0 0.0 0.0 
0.0023453962 0.0 0.0 0.0 
0.0043590604 0.0 0.0 0.0 
-0.002665042 0.0 0.0 0.0 
-0.00037159395 0.0 0.0 0.0 
0.0034675621 -0.005030495 0.0 0.0 
-0.004008251 0.0 0.0 0.0 
-0.0020264946 0.0 0.0 0.0 
-8.262296e-05 0.0 0.0 0.0 
0.0010166301 0.0 0.0 0.0 
-7.065728e-05 0.0 0.0 0.0 
0.00036304473 0.0 0.0 0.0 
0.0011289414 0.0 0.0 0.0 
0.0015982768 0.0040264525 -0.0006461597 -0.0050668414 
-0.0034155983 0.0 0.0 0.0 
-0.0037407181 0.0 0.0 0.0 
-0.0015893357 0.0 0.0 0.0 
-0.0045905374 0.0 0.0 0.0 
0.002328312 0.0 0.0 0.0 
0.00056015607 0.0017972684 -0.006501801 -0.0012797546 
-0.0040171975 0.0 0.0 0.0 
0.00046943506 0.0 0.0 0.0 
0.0046779052 0.0 0.0 0.0 
0.0026989675 0.0 0.0 0.0 
-0.003957173 0.0 0.0 0.0 
-1.8513678e-05 0.0 0.0 0.0 
-0.00061407563 0.0040264525 -0.004145922 -0.0019447987 
-0.000690816 0.0 0.0 0.0 
0.002110121 0.0 0.0 0.0 
0.0016000966 0.0 0.0 0.0 
-0.0035877351 -5.9328922e-05 0.0 0.0 
-0.0010602125 0.0 0.0 0.0 
0.0009683097 0.0 0.0 0.0 
0.0020339072 0.0 0.0 0.0 
0.0024447264 -0.002595314 0.001311532 0.004089392 
-0.0008730871 0.0 0.0 0.0 
0.0025344135 0.0 0.0 0.0 
0.0003292976 0.0 0.0 0.0 
-0.0012214562 0.0 0.0 0.0 
-0.002686936 0.0 0.0 0.0 
-0.00035078678 0.0 0.0 0.0 
-0.0011215637 0.0 0.0 0.0 
-0.00071389263 0.0 0.0 0.0 
0.0033333176 0.0 0.0 0.0 
0.002104597 0.0 0.0 0.0 
-0.005796866 4.255399e-05 0.000877601 0.0 
-0.0004441029 0.0 0.0 0.0 
-0.000222344 0.0 0.0 0.0 
0.0009490523 0.0 0.0 0.0 
0.002715264 0.0 0.0 0.0 
0.0048907413 0.0 0.0 0.0 
-0.0022958254 0.0 0.0 0.0 
0.0037100452 0.0 0.0 0.0 
-0.0047674924 0.0 0.0 0.0 
0.0026618633 0.0 0.0 0.0 
0.0006955785 0.0 0.0 0.0 
-0.0027460412 0.0 0.0 0.0 
0.0072434586 0.0 0.0 0.0 
0.007047492 0.0 0.0 0.0 
0.0008899545 0.0 0.0 0.0 
0.00371494 0.0 0.0 0.0 
-0.001354361 0.0 0.0 0.0 
-0.0015081507 0.0 0.0 0.0 
-0.0060559036 0.0 0.0 0.0 
-0.0001270551 0.0002608217 0.0 0.0 
-0.0065168566 0.0 0.0 0.0 
0.005667643 0.0 0.0 0.0 
0.0025773437 0.0 0.0 0.0 
-0.0012603367 0.0 0.0 0.0 
-0.000305025 0.0009014341 -0.000306678 0.0016905788 
-0.003244552 0.0 0.0 0.0 
-0.0009878601 0.0 0.0 0.0 
0.0013119149 0.0 0.0 0.0 
0.00022710585 0.0 0.0 0.0 
-0.00134205 0.0 0.0 0.0 
0.0017763163 0.0 0.0 0.0 
0.0022121146 0.0 0.0 0.0 
-0.0040038936 0.0 0.0 0.0 
-0.0036716955 0.0 0.0 0.0 
-0.00090639776 0.0 0.0 0.0 
-0.0007401216 -0.0022329884 0.0025745684 -0.0033673125 
0.006124156 0.0 0.0 0.0 
-0.0013263826 -0.002091843 0.0 0.0 
0.00010488615 0.0 0.0 0.0 
-0.0010875965 0.0 0.0 0.0 
-0.0010505683 0.0 0.0 0.0 
0.0014484868 0.0 0.0 0.0 
-0.00029993994 0.0 0.0 0.0 
-0.0021540474 0.0 0.0 0.0 
0.000819136 0.0 0.0 0.0 
0.0031598306 0.0 0.0 0.0 
-0.00076636707 0.0 0.0 0.0 
-0.0053136772 0.0 0.0 0.0 
-9.585451e-06 0.0 0.0 0.0 
-0.0048383363 -0.00923696 -0.0015210549 -0.0077172983 
0.0004778319 0.0 0.0 0.0 
-0.00087639684 0.0 0.0 0.0 
-0.002476368 0.003345516 0.0 0.0 
0.0021127784 0.0 0.0 0.0 
-0.0014296769 -0.002083641 0.0 0.0 
0.0031613777 0.0 0.0 0.0 
0.00050332636 0.0 0.0 0.0 
0.0001758933 0.0 0.0 0.0 
0.0024628323 0.0 0.0 0.0 
0.005349751 -0.002595314 0.0052805333 0.0026597148 
0.002661534 0.0 0.0 0.0 
0.0020749767 0.0 0.0 0.0 
0.0037585073 0.0 0.0 0.0 
-0.0015016486 0.0 0.0 0.0 
-0.0007090545 0.0 0.0 0.0 
0.0020583242 0.0 0.0 0.0 
0.0028926032 0.0 0.0 0.0 
0.00030406733 0.0 0.0 0.0 
0.0012359779 0.0 0.0 0.0 
-0.0040418287 0.0 0.0 0.0 
-0.0038541898 0.0 0.0 0.0 
-0.00033471605 0.0 0.0 0.0 
-0.00034544658 -0.0054845773 0.0026013912 0.0017084242 
-0.00020248418 0.0 0.0 0.0 
-0.001969543 0.0 0.0 0.0 
0.000934826 0.0 0.0 0.0 
0.0006669649 0.0 0.0 0.0 
-0.003809093 0.001263826 -0.0018890342 -0.020212958 
-0.003666603 0.0 0.0 0.0 
-0.0074534887 0.0 0.0 0.0 
0.0026061505 0.0 0.0 0.0 
-0.0014979771 0.0 0.0 0.0 
-0.0014242495 0.0 0.0 0.0 
-0.0067818174 0.0 0.0 0.0 
-0.0034027356 0.0 0.0 0.0 
-0.001066924 0.0 0.0 0.0 
0.00073314435 0.0 0.0 0.0 
-0.00017890784 0.0 0.0 0.0 
-0.0014003583 0.0 0.0 0.0 
-0.0009928554 0.0 0.0 0.0 
-0.001180275 0.0 0.0 0.0 
0.0057229823 0.0 0.0 0.0 
-0.0036952787 0.0 0.0 0.0 
0.002558157 0.0 0.0 0.0 
-0.00059164845 0.0 0.0 0.0 
-0.0010331825 0.0 0.0 0.0 
0.0015264532 0.0 0.0 0.0 
-0.003563654 0.0 0.0 0.0 
0.001185962 0.0 0.0 0.0 
0.00026610255 0.0 0.0 0.0 
-0.0024269116 0.00021499721 0.006251225 0.004089392 
-0.0027251295 -0.0029734746 0.0 0.0 
0.002075683 0.0 0.0 0.0 
0.0021131877 0.0 0.0 0.0 
-0.0032279391 0.0 0.0 0.0 
-0.0024561032 0.0 0.0 0.0 
0.0022731752 0.0 0.0 0.0 
-0.00039786825 0.0 0.0 0.0 
0.0019350055 0.0 0.0 0.0 
0.003818702 0.0 0.0 0.0 
0.00055594405 0.0 0.0 0.0 
-0.0032897007 0.0 0.0 0.0 
0.0010652987 0.0 0.0 0.0 
0.0017811271 0.0 0.0 0.0 
0.00013234148 0.0 0.0 0.0 
-0.0003031976 0.0 0.0 0.0 
-0.002140552 0.0 0.0 0.0 
-0.00011481957 0.0 0.0 0.0 
-0.0023602787 0.0 0.0 0.0 
-0.0005770783 0.0 0.0 0.0 
0.00077523466 0.0 0.0 0.0 
0.0051464196 0.0 0.0 0.0 
-0.0033293723 -0.0014167286 0.0 0.0 
0.00083532097 0.0 0.0 0.0 
0.0024250601 0.0 0.0 0.0 
-0.0015052385 0.0 0.0 0.0 
-0.0013727865 0.0 0.0 0.0 
-0.0010011831 0.0 0.0 0.0 
0.0009047049 0.0 0.0 0.0 
0.0022998478 0.0 0.0 0.0 
-0.0013271763 0.0 0.0 0.0 
-0.0018007437 -0.001251231 0.0020060074 0.0022816395 
-0.0014018861 -0.002595314 0.0015401735 0.0 
-0.0046515046 0.0 0.0 0.0 
0.0029963965 0.0 0.0 0.0 
-0.00113477 0.0 0.0 0.0 
-0.0017955841 0.0 0.0 0.0 
-0.002083641 -0.004024991 0.005481173 0.004089392 
0.00044203043 0.0 0.0 0.0 
-0.0010982133 -0.0030508223 -0.003697797 -0.004886528 
-0.00261121 0.0 0.0 0.0 
-0.0039987713 0.0 0.0 0.0 
0.0003940451 0.0 0.0 0.0 
0.0020093126 0.0010793576 0.002579777 0.0 
-0.0020735383 0.0 0.0 0.0 
0.005521145 0.0 0.0 0.0 
0.0016304418 0.0 0.0 0.0 
-0.001971166 0.0 0.0 0.0 
0.0016954237 0.0 0.0 0.0 
-0.0004566542 0.0 0.0 0.0 
0.0009541405 0.0 0.0 0.0 
-0.0018809958 0.0 0.0 0.0 
0.0020105971 0.0 0.0 0.0 
-0.00086008874 0.0 0.0 0.0 
-0.0027428945 0.0 0.0 0.0 
-0.0031562047 0.0 0.0 0.0 
-9.501099e-05 0.0 0.0 0.0 
-0.0023010524 0.0 0.0 0.0 
0.0017686308 0.0 0.0 0.0 
-0.0061893817 0.0 0.0 0.0 
-0.004005161 0.0 0.0 0.0 
-0.0032567258 0.0 0.0 0.0 
-0.00024916514 0.0 0.0 0.0 
-0.0003412008 0.0 0.0 0.0 
-0.0060478286 0.0 0.0 0.0 
0.0059726625 -0.002595314 0.000102045015 0.004089392 
0.0019746267 0.0 0.0 0.0 
-0.0016424995 0.0036608854 0.0 0.0 
0.001201023 0.0 0.0 0.0 
-0.00022885746 0.0 0.0 0.0 
0.00020915177 0.00027744778 0.0027944674 0.0 
-0.00089176226 0.0 0.0 0.0 
0.0008533026 0.0 0.0 0.0 
-0.000931128 0.0 0.0 0.0 
-0.0004165 0.0 0.0 0.0 
-0.0031492084 0.0 0.0 0.0 
-0.0052635754 0.0 0.0 0.0 
-0.0022660492 0.0 0.0 0.0 
0.002579777 0.00062345725 0.002251798 0.004891054 
0.0009507638 0.0 0.0 0.0 
0.0006691767 0.0 0.0 0.0 
0.0012548044 0.0 0.0 0.0 
0.0029274367 0.0 0.0 0.0 
0.0019068642 -0.0005726593 0.0022924824 0.0 
-0.0007916684 0.0 0.0 0.0 
-0.0011073871 0.0 0.0 0.0 
-0.000590444 0.0 0.0 0.0 
-0.00018169345 0.0 0.0 0.0 
0.0019869616 0.0 0.0 0.0 
-0.00040645275 0.0 0.0 0.0 
-0.0013548639 0.0 0.0 0.0 
0.0010258337 0.0 0.0 0.0 
0.0003749684 0.0 0.0 0.0 
0.0011463299 0.0 0.0 0.0 
-0.0037984871 0.0 0.0 0.0 
-0.0007454764 0.0 0.0 0.0 
-3.7036043e-05 0.0 0.0 0.0 
0.0027944674 0.00027744778 0.0 0.0 
0.0010139797 0.0 0.0 0.0 
-0.0036068386 0.0 0.0 0.0 
-0.002466839 0.0 0.0 0.0 
0.0031771185 0.0017259902 0.002839494 0.00016942015 
0.0034201336 -0.0013032672 -0.0011089854 -0.006911815 
-0.0021098852 0.0 0.0 0.0 
0.0039660633 0.0 0.0 0.0 
0.0023066844 0.0 0.0 0.0 
0.0033626007 0.0 0.0 0.0 
-0.0019055229 0.0 0.0 0.0 
-0.0034715442 0.0 0.0 0.0 
0.00038577776 0.0 0.0 0.0 
-0.0040769055 0.0 0.0 0.0 
-0.00025296918 0.0 0.0 0.0 
-0.001953723 0.0 0.0 0.0 
0.0006072203 0.0 0.0 0.0 
0.002276993 0.0 0.0 0.0 
0.004089392 -0.0046236212 -0.0015504817 -0.00029564367 
0.0013869313 0.0 0.0 0.0 
0.00064376096 0.0 0.0 0.0 
-0.0058337883 0.0 0.0 0.0 
0.003502415 0.0009014341 -0.003809093 0.0016905788 
0.0030304012 0.0 0.0 0.0 
0.00092026166 0.0 0.0 0.0 
0.0020064546 0.0 0.0 0.0 
0.0027924944 0.0 0.0 0.0 
0.0021512643 0.0 0.0 0.0 
-0.0085488735 0.0 0.0 0.0 
-0.001975127 0.0016856608 0.0 0.0 
0.00027744778 0.0013789488 0.0013920139 -0.007158488 
-0.0014081245 0.0 0.0 0.0 
-0.00211086 0.0 0.0 0.0 
-0.00024810896 0.0 0.0 0.0 
-0.0012195909 0.0 0.0 0.0 
0.0005782943 0.0 0.0 0.0 
0.0008880526 -0.002595314 0.0 0.0 
-0.0011568981 0.0 0.0 0.0 
-0.00031257162 0.0 0.0 0.0 
0.0001600136 0.0 0.0 0.0 
0.0044085034 0.0 0.0 0.0 
-0.0016932281 0.0 0.0 0.0 
-0.0036938738 0.0 0.0 0.0 
0.0016425647 0.0 0.0 0.0 
-0.0027873574 0.0 0.0 0.0 
-0.0056436034 0.0 0.0 0.0 
0.003345516 -0.002476368 0.0 0.0 
-0.00019274632 -0.0011386776 0.0007251344 0.00040811536 
-0.0022610852 0.00065654994 0.0 0.0 
0.0016856608 -0.0025477863 0.002673587 0.0022816395 
-0.0040744157 0.0 0.0 0.0 
0.0036951138 0.0 0.0 0.0 
0.007295917 0.0 0.0 0.0 
-0.0021306004 0.0 0.0 0.0 
0.0012592573 0.0 0.0 0.0 
-0.00088228064 0.0 0.0 0.0 
0.0017055059 0.0022352526 0.0 0.0 
-0.0056763883 0.0 0.0 0.0 
0.005107375 0.0 0.0 0.0 
0.004144932 0.0 0.0 0.0 
-0.001760776 0.0 0.0 0.0 
0.002990165 0.0 0.0 0.0 
0.0017244926 0.0 0.0 0.0 
0.000582764 0.0 0.0 0.0 
-0.0039427443 0.0 0.0 0.0 
0.00030741934 0.0 0.0 0.0 
-0.0023665843 0.0 0.0 0.0 
0.004179013 0.0 0.0 0.0 
0.002647328 0.0 0.0 0.0 
0.0023672532 0.0 0.0 0.0 
-0.004824537 0.0 0.0 0.0 
0.0039203204 0.0 0.0 0.0 
-0.0022881648 0.0 0.0 0.0 
0.0027207837 0.0 0.0 0.0 
0.0035417585 0.0 0.0 0.0 
-0.0009855826 0.0 0.0 0.0 
-0.0026682403 0.0 0.0 0.0 
0.0053953235 0.0 0.0 0.0 
-0.0029616163 0.0 0.0 0.0 
0.00165686 -0.002595314 0.003824313 0.004089392 
-0.0030375666 -0.002595314 0.013004627 0.0026597148 
-0.00066655996 0.0 0.0 0.0 
-0.00027501278 0.0 0.0 0.0 
-8.426044e-05 0.0 0.0 0.0 
-0.0008639626 0.0 0.0 0.0 
0.004254429 0.0 0.0 0.0 
-0.0023734795 0.0 0.0 0.0 
-0.003061201 0.0 0.0 0.0 
0.0019738588 0.0 0.0 0.0 
-0.007073635 0.0 0.0 0.0 
0.003190402 0.0 0.0 0.0 
-0.0030898685 0.0 0.0 0.0 
-0.0029841487 -0.002595314 0.0030861935 0.004089392 
-0.001911521 0.0 0.0 0.0 
-7.0559494e-05 0.0 0.0 0.0 
-0.004528304 0.0 0.0 0.0 
0.0056734746 0.0 0.0 0.0 
-0.002529581 0.0 0.0 0.0 
-0.0044567618 0.0 0.0 0.0 
-0.0008540649 0.0 0.0 0.0 
-0.0027103755 0.0 0.0 0.0 
-0.003193339 0.0 0.0 0.0 
0.0021662721 0.0 0.0 0.0 
-0.0031913284 0.0 0.0 0.0 
0.002864585 0.0 0.0 0.0 
-3.5461217e-05 0.0 0.0 0.0 
0.0025494278 0.0 0.0 0.0 
0.0016498506 0.0 0.0 0.0 
-0.0011874054 0.0 0.0 0.0 
0.0011732447 0.0018299341 0.0028725306 0.0015754129 
0.0013832672 0.0 0.0 0.0 
0.00026286318 0.0 0.0 0.0 
-0.0032448366 0.0 0.0 0.0 
0.00046747457 0.0 0.0 0.0 
-0.0043687406 0.0 0.0 0.0 
-0.005315558 0.0005047864 0.001295251 -0.0022139815 
-0.0048852395 0.0 0.0 0.0 
-0.002696335 0.0 0.0 0.0 
-0.008387064 0.0 0.0 0.0 
-0.0004138755 0.0 0.0 0.0 
0.004793238 0.0 0.0 0.0 
0.00022900442 0.0 0.0 0.0 
0.004354824 0.0 0.0 0.0 
-0.0023600124 0.0 0.0 0.0 
-0.0008638003 0.0 0.0 0.0 
0.0012145288 0.0 0.0 0.0 
0.008619671 0.0 0.0 0.0 
0.002637042 -0.0005726593 -0.0006577788 0.0022816395 
-0.0030061675 0.0 0.0 0.0 
0.00089005043 0.0 0.0 0.0 
-0.0025865415 0.0 0.0 0.0 
-0.0002050685 0.0 0.0 0.0 
0.0018963846 0.0 0.0 0.0 
-0.00042980775 0.0 0.0 0.0 
-0.006114892 0.0 0.0 0.0 
-0.0043294304 0.0 0.0 0.0 
-0.0012157499 0.0 0.0 0.0 
-0.0012292042 0.0 0.0 0.0 
0.00023244295 0.0 0.0 0.0 
0.00078462117 0.0 0.0 0.0 
-0.0012081425 0.0 0.0 0.0 
0.002584723 0.0 0.0 0.0 
-0.0020023836 0.0 0.0 0.0 
-0.00049800065 0.0 0.0 0.0 
0.0016157539 -0.0005726593 0.00039025373 0.0022816397 
-0.0013729874 0.0 0.0 0.0 
0.0018830018 -0.002595314 0.0033975309 0.0026597148 
0.00034226992 0.0 0.0 0.0 
-0.0008071186 0.0 0.0 0.0 
0.0029203384 0.0 0.0 0.0 
-0.00064357335 0.0 0.0 0.0 
0.00028133343 0.0 0.0 0.0 
0.0035042102 0.0 0.0 0.0 
0.001101504 0.0 0.0 0.0 
0.00022819007 0.0 0.0 0.0 
0.00036054396 0.00059456355 -5.9328922e-05 -0.0057996204 
0.0052228672 0.0 0.0 0.0 
0.00022035585 0.0005914543 0.0 0.0 
-0.004923656 0.0 0.0 0.0 
0.00090973027 0.0 0.0 0.0 
-0.0028834045 0.0 0.0 0.0 
-0.0003682634 0.0 0.0 0.0 
-0.003576767 0.0 0.0 0.0 
0.0031258161 0.0 0.0 0.0 
0.00033045837 0.0 0.0 0.0 
0.0025485153 0.0020093126 0.0 0.0 
0.0034843197 0.0 0.0 0.0 
-0.0022400916 0.0 0.0 0.0 
-0.0022584908 0.0 0.0 0.0 
-0.0029734746 -0.0027251295 0.0 0.0 
-0.002496842 0.0 0.0 0.0 
0.00012279766 0.0 0.0 0.0 
0.000761147 -0.002595314 0.0023250463 0.004089392 
0.0005701534 0.0 0.0 0.0 
0.0052166516 0.0 0.0 0.0 
-0.00037368658 0.0 0.0 0.0 
-0.0010850581 -0.0005378081 0.0 0.0 
0.0015371795 0.0 0.0 0.0 
-0.002669436 -0.002595314 0.011602789 0.0026597148 
-0.0032097318 0.0 0.0 0.0 
0.00035534764 0.0 0.0 0.0 
-0.0020629298 0.0 0.0 0.0 
-0.00023598658 0.0 0.0 0.0 
-0.0010919432 0.0 0.0 0.0 
-0.0045492407 0.0 0.0 0.0 
0.0026530465 0.0 0.0 0.0 
-0.00019853482 0.0 0.0 0.0 
0.0065797195 0.0 0.0 0.0 
0.0012691292 0.0 0.0 0.0 
-0.00035630065 0.0 0.0 0.0 
-0.002747901 0.0 0.0 0.0 
-0.0037616075 0.0 0.0 0.0 
0.0019570086 0.0 0.0 0.0 
-0.0034943565 0.0023346846 0.0 0.0 
-0.00014168829 -0.0054546283 0.0 0.0 
0.00046957214 0.0 0.0 0.0 
-0.0001797349 0.0 0.0 0.0 
0.002601898 5.828583e-06 -0.0005726593 0.0068767667 
7.726093e-05 0.0 0.0 0.0 
-0.000106241554 0.0 0.0 0.0 
0.0018030361 0.0 0.0 0.0 
0.002716507 0.0 0.0 0.0 
-0.0010574554 0.0 0.0 0.0 
0.0011183205 0.0 0.0 0.0 
-0.003666489 0.0 0.0 0.0 
-0.0009889503 0.0 0.0 0.0 
-0.0028365315 0.0 0.0 0.0 
-0.00338146 0.0 0.0 0.0 
-0.0005648726 0.0 0.0 0.0 
0.0012723943 0.0 0.0 0.0 
-0.0061794193 0.0 0.0 0.0 
-0.0038999792 0.0 0.0 0.0 
0.00050483696 0.0 0.0 0.0 
0.0013057704 0.0 0.0 0.0 
-0.0030565476 0.0 0.0 0.0 
0.00054448936 0.0 0.0 0.0 
-0.002499589 0.0 0.0 0.0 
0.0031371438 0.0 0.0 0.0 
-0.0015823774 0.0 0.0 0.0 
-0.00020304212 0.0 0.0 0.0 
0.00240582 -0.0009848926 -0.00043515698 0.0057466095 
-0.004452461 0.0 0.0 0.0 
-0.0042452584 0.0 0.0 0.0 
0.0011161491 0.0 0.0 0.0 
-0.00010336996 0.0 0.0 0.0 
-0.0006465916 0.0 0.0 0.0 
-0.0029542285 0.0 0.0 0.0 
-0.0048507676 0.0 0.0 0.0 
-0.004454991 0.0 0.0 0.0 
-0.0021375103 0.0 0.0 0.0 
-0.0028696635 0.0 0.0 0.0 
0.002365467 0.0 0.0 0.0 
-0.0033154346 0.0 0.0 0.0 
0.0028868925 0.0 0.0 0.0 
0.0014550033 0.0 0.0 0.0 
0.0017411836 0.0 0.0 0.0 
0.0026431375 0.0 0.0 0.0 
0.004337006 0.0 0.0 0.0 
0.0007203083 0.0 0.0 0.0 
0.0021414107 0.0 0.0 0.0 
-0.0028976593 0.0009014341 -0.004851235 -0.010596914 
-0.00017293914 0.0 0.0 0.0 
-0.0041143275 0.0 0.0 0.0 
0.0023682208 0.0 0.0 0.0 
-0.0018425928 0.0 0.0 0.0 
0.0021871754 0.0 0.0 0.0 
0.00011557039 0.0 0.0 0.0 
0.00032881845 0.0 0.0 0.0 
0.00065212103 -0.002595314 0.0008880526 0.0 
-0.00039628826 0.0 0.0 0.0 
0.0021416722 0.0 0.0 0.0 
-0.0010777103 0.0 0.0 0.0 
-0.0030170942 0.0 0.0 0.0 
-0.0007976174 0.0 0.0 0.0 
0.00036393615 0.0 0.0 0.0 
0.0015118663 -0.0045936094 0.010118205 0.021017363 
0.0010556559 0.0 0.0 0.0 
-0.0036595925 0.0 0.0 0.0 
-0.0020204112 0.0 0.0 0.0 
-0.001112903 0.0 0.0 0.0 
0.0007460755 0.0 0.0 0.0 
-0.0013384019 0.0 0.0 0.0 
-0.0013053064 0.0 0.0 0.0 
0.00016481619 0.0 0.0 0.0 
0.0015748006 0.0 0.0 0.0 
-0.0014948205 0.0 0.0 0.0 
-0.0017972382 0.0 0.0 0.0 
0.0016414151 0.0 0.0 0.0 
-0.0001469125 0.0 0.0 0.0 
-0.00048636942 0.0 0.0 0.0 
-0.0007237487 0.0 0.0 0.0 
0.0032550076 0.0 0.0 0.0 
-0.0027009633 0.0 0.0 0.0 
-0.00023440571 0.0 0.0 0.0 
-0.005244715 0.0 0.0 0.0 
-0.0011213132 0.0 0.0 0.0 
-0.0067858947 0.0 0.0 0.0 
-0.0049612746 0.0 0.0 0.0 
0.001351309 0.0 0.0 0.0 
0.0015983679 0.0 0.0 0.0 
0.00021253918 0.0 0.0 0.0 
-0.0027959791 0.0 0.0 0.0 
-0.002085058 0.0 0.0 0.0 
0.0016363612 0.0 0.0 0.0 
0.0033045204 0.0 0.0 0.0 
0.0021688906 0.0 0.0 0.0 
-0.00029564367 -0.0048383363 0.0 0.0 
0.0078108488 0.00019629284 0.0 0.0 
-0.0068169124 0.0 0.0 0.0 
-0.002091843 -0.0048790323 0.002773252 0.005225618 
0.002931953 0.0 0.0 0.0 
0.004739769 0.0 0.0 0.0 
-3.4249017e-05 0.0 0.0 0.0 
-0.0020393352 0.0 0.0 0.0 
0.0012645408 0.0 0.0 0.0 
-0.0009994758 0.0 0.0 0.0 
-0.00049110875 0.0 0.0 0.0 
0.0015653375 0.0 0.0 0.0 
0.0041260323 0.0 0.0 0.0 
0.00073133217 0.0 0.0 0.0 
-0.00073938066 0.0 0.0 0.0 
0.0036326344 0.0 0.0 0.0 
0.001479357 0.0 0.0 0.0 
-0.0037251299 0.0 0.0 0.0 
0.00024762182 0.0 0.0 0.0 
-0.0035984481 0.0 0.0 0.0 
0.0032787658 0.0 0.0 0.0 
0.0008555922 0.0 0.0 0.0 
-0.0005313442 0.0 0.0 0.0 
-0.00019411498 0.0 0.0 0.0 
0.00013940939 0.0 0.0 0.0 
0.00040811536 -0.00748409 0.00017713275 -0.0031403343 
-0.0041252123 0.0 0.0 0.0 
-0.001961464 0.0 0.0 0.0 
-0.0008069804 0.0 0.0 0.0 
0.0013800068 0.0 0.0 0.0 
0.0033891627 0.0 0.0 0.0 
5.9216676e-05 0.0 0.0 0.0 
0.001661215 0.0 0.0 0.0 
-0.0040693176 0.0 0.0 0.0 
0.0018267847 0.0 0.0 0.0 
0.001437954 0.0 0.0 0.0 
0.0013362325 0.0 0.0 0.0 
0.0010683849 0.0 0.0 0.0 
0.0005773612 0.0 0.0 0.0 
-0.004221109 0.0 0.0 0.0 
-0.0009812317 0.0 0.0 0.0 
0.00050927146 0.0 0.0 0.0 
-0.002155618 0.0 0.0 0.0 
-0.0054882616 0.0 0.0 0.0 
0.0032878546 -0.005796866 0.0 0.0 
0.0038646057 0.0 0.0 0.0 
0.002697577 -0.0020189222 0.0 0.0 
0.0012611622 -0.00013330593 0.0 0.0 
-0.0014866586 0.0 0.0 0.0 
0.003950166 0.0 0.0 0.0 
-9.794322e-06 0.0 0.0 0.0 
-0.0029020207 0.0 0.0 0.0 
-0.0054403762 0.0 0.0 0.0 
-0.003155968 0.0 0.0 0.0 
-0.002866546 0.0 0.0 0.0 
0.002011734 0.0 0.0 0.0 
-0.0012477963 0.0 0.0 0.0 
-0.0014393731 0.0 0.0 0.0 
-0.006489692 0.0 0.0 0.0 
0.0047422103 0.0 0.0 0.0 
-0.00064199703 0.0 0.0 0.0 
-0.00013287095 0.0 0.0 0.0 
-0.0018020704 0.0037107086 -0.0043164277 0.009117511 
0.0011205111 0.0 0.0 0.0 
0.0023028676 0.0 0.0 0.0 
0.0015735707 0.0 0.0 0.0 
-0.0027659554 -0.001251231 0.0028359517 -0.0042277123 
0.0025937841 0.0 0.0 0.0 
-0.00014264528 0.0 0.0 0.0 
0.003225199 0.0 0.0 0.0 
0.0007029489 0.0 0.0 0.0 
0.0044657453 0.0 0.0 0.0 
0.006227282 0.0 0.0 0.0 
0.0038936813 0.003480801 0.0 0.0 
0.0012496879 0.0 0.0 0.0 
-4.6331177e-05 0.0 0.0 0.0 
-0.0010138681 0.0 0.0 0.0 
-0.00086887984 0.0 0.0 0.0 
0.0039490033 0.0 0.0 0.0 
0.004029581 0.0 0.0 0.0 
