0.00030536795 -0.005216269 0.018126586 0.0406 
-0.0010118673 0.0 0.0 0.0 
-0.0012916079 0.0 0.0 0.0 
-0.0007425198 0.0 0.0 0.0 
-0.0003174307 0.0 0.0 0.0 
-0.0034074027 0.0014241536 0.0 0.0 
-0.0020582308 0.0 0.0 0.0 
0.0009790357 0.0 0.0 0.0 
0.0019651179 0.0 0.0 0.0 
-0.0068917735 0.0 0.0 0.0 
-0.0008034504 0.0 0.0 0.0 
0.0011875175 0.0 0.0 0.0 
-0.0023013735 -0.0014691578 0.010208372 0.030173983 
-0.0048370315 -0.0010082033 -0.0013983147 0.005411179 
-0.0010524263 0.0 0.0 0.0 
-9.199512e-05 0.0 0.0 0.0 
-0.0027697803 0.0 0.0 0.0 
-0.0021495267 -0.0005378081 -0.0056483913 0.03639534 
0.000867309 0.0 0.0 0.0 
-0.005174236 0.0 0.0 0.0 
0.0027715587 0.0 0.0 0.0 
0.0015876435 0.0 0.0 0.0 
0.0024791325 0.0 0.0 0.0 
-0.00040056978 0.0 0.0 0.0 
0.002255946 0.0 0.0 0.0 
-0.0014799857 0.0 0.0 0.0 
-0.0044384534 0.0020719657 -0.013707593 0.0070352154 
0.002669232 -0.0007401216 -0.0045419224 0.0036560753 
-0.0023702085 0.0 0.0 0.0 
0.0015357718 0.0 0.0 0.0 
0.0018579605 0.0 0.0 0.0 
-0.0008801953 -0.0016780443 0.0 0.0 
0.0010677993 -0.0013281868 0.017442452 0.05640203 
0.0025175218 0.0 0.0 0.0 
0.0026089866 0.0049278866 -0.013224194 0.01898252 
-0.0031921573 0.0 0.0 0.0 
0.0024206727 0.0 0.0 0.0 
-0.00015203882 0.00030860305 0.0031058628 0.010562309 
-0.005541506 -0.0007401216 0.0009995839 0.0036560756 
0.0019312834 0.0 0.0 0.0 
0.0018842521 -0.0016000096 0.00065656845 0.0121768555 
-0.0019876694 0.0 0.0 0.0 
-0.0028260686 0.0 0.0 0.0 
0.0029654952 0.0 0.0 0.0 
0.0025982233 0.0 0.0 0.0 
0.0007231309 0.0 0.0 0.0 
0.00057083427 0.0 0.0 0.0 
0.0032267866 0.0 0.0 0.0 
0.0003441253 -0.0007401216 0.0006554611 0.0036560749 
0.006098512 0.005208211 -0.0010671173 0.061136335 
0.0028720999 0.0 0.0 0.0 
0.0025554325 0.0 0.0 0.0 
-0.002592372 0.0 0.0 0.0 
-0.0048666224 0.000571551 -0.006585383 0.022065466 
-0.0020007992 0.0 0.0 0.0 
-0.0010885418 0.0 0.0 0.0 
0.0010357888 0.0 0.0 0.0 
-0.0013281868 0.018510254 0.056402024 -0.016839564 
0.0028752047 0.00059456355 0.0029911285 -0.0101681035 
0.00023237315 0.0 0.0 0.0 
-0.0032933955 -0.00018850074 0.030483067 0.041325916 
-0.003658497 0.0 0.0 0.0 
0.005073308 0.0 0.0 0.0 
0.002138143 0.0 0.0 0.0 
-0.0019211015 0.0 0.0 0.0 
-0.0022273764 0.0 0.0 0.0 
0.002101925 0.0 0.0 0.0 
0.000315782 0.0016856608 -0.0024407478 0.00483329 
0.0001548581 0.0 0.0 0.0 
0.0008718816 0.0 0.0 0.0 
-0.00059683464 0.0 0.0 0.0 
0.0029815645 0.0 0.0 0.0 
-0.0010871205 0.0 0.0 0.0 
0.0025299152 0.0 0.0 0.0 
-0.0053360295 0.0 0.0 0.0 
0.0050839474 0.0 0.0 0.0 
0.0035324355 0.0 0.0 0.0 
-0.001227513 0.0 0.0 0.0 
-0.0026521133 0.0 0.0 0.0 
0.003267904 0.0 0.0 0.0 
0.00057694054 0.0 0.0 0.0 
-0.00013959919 0.0 0.0 0.0 
0.0013618548 0.0 0.0 0.0 
0.0015156047 0.0 0.0 0.0 
0.0020905328 0.0 0.0 0.0 
-0.0028209656 0.0 0.0 0.0 
-0.0018212919 0.0 0.0 0.0 
-0.0019702401 0.0 0.0 0.0 
0.002221674 0.0 0.0 0.0 
0.0013391173 0.0 0.0 0.0 
0.002460952 0.0 0.0 0.0 
-0.0038680048 0.0 0.0 0.0 
-0.0026885055 0.0002944976 -0.0051453747 -0.006550667 
-0.005003718 0.0 0.0 0.0 
-0.009072224 0.0 0.0 0.0 
0.0001354511 0.0 0.0 0.0 
0.0015730138 0.0 0.0 0.0 
-0.00022643061 0.0 0.0 0.0 
0.00051685347 0.0 0.0 0.0 
0.0021469465 0.0 0.0 0.0 
0.00089073996 0.0 0.0 0.0 
-0.0013687569 0.0009014341 -0.013851531 -0.00043237768 
-0.0023401172 0.0 0.0 0.0 
0.00057246856 0.0 0.0 0.0 
-0.0012791185 0.0 0.0 0.0 
-0.0031774815 0.0 0.0 0.0 
-0.0004623896 0.0 0.0 0.0 
0.0006305876 0.0 0.0 0.0 
-0.0019030541 0.0 0.0 0.0 
-0.0027817376 0.0 0.0 0.0 
0.0015358439 0.0 0.0 0.0 
0.0013589897 0.0 0.0 0.0 
-0.0015323947 0.0 0.0 0.0 
-0.003504429 0.0 0.0 0.0 
0.0010656794 0.0 0.0 0.0 
0.0026328329 0.00013234148 -0.0023434025 -0.014568604 
-0.0016941883 0.0 0.0 0.0 
-0.0050781765 0.0 0.0 0.0 
0.0027858405 0.0 0.0 0.0 
-0.004841812 0.0 0.0 0.0 
0.0043209484 0.0 0.0 0.0 
-0.0023370099 0.0 0.0 0.0 
0.00076855096 0.0 0.0 0.0 
0.0034024671 0.0 0.0 0.0 
-0.0032487076 -0.0007401216 0.0039041662 0.0036560756 
-0.0013706618 0.0 0.0 0.0 
0.00436085 -0.0007027034 0.004269089 -0.015552139 
0.0025026517 0.0 0.0 0.0 
-0.0019213412 0.0 0.0 0.0 
0.0014440665 -0.0007401216 0.0024600998 0.0036560753 
0.0010395176 0.0 0.0 0.0 
0.0039391667 0.0 0.0 0.0 
0.005634654 0.0 0.0 0.0 
0.0025955946 0.0056675677 0.00047612283 0.0 
-0.00030861018 0.0 0.0 0.0 
-0.0015241256 0.0 0.0 0.0 
0.0009971515 0.0 0.0 0.0 
-0.001675423 0.0 0.0 0.0 
-0.0014707057 0.0 0.0 0.0 
0.00068925164 0.0 0.0 0.0 
-0.0028778422 0.0 0.0 0.0 
-0.001532246 0.0 0.0 0.0 
0.0020241379 0.0 0.0 0.0 
-0.00095428067 -0.0106469905 0.041045997 -0.001193272 
0.0022513543 0.0 0.0 0.0 
0.0047091288 0.0 0.0 0.0 
0.004066815 0.0 0.0 0.0 
0.0010965143 -0.00036024777 0.0022983481 -0.00082997046 
-0.0022151459 0.0 0.0 0.0 
-0.005030495 0.004953825 0.016873121 0.034135655 
-0.00010738404 0.0 0.0 0.0 
-0.0009661682 0.0 0.0 0.0 
-0.0016909553 0.0 0.0 0.0 
0.0013037068 -0.0005378081 -0.0056239115 0.017501365 
0.001009352 -0.0007401216 0.0014507473 0.0036560756 
-0.0016133399 0.0 0.0 0.0 
-0.0026059407 0.0 0.0 0.0 
0.0015106845 0.0 0.0 0.0 
-0.0012436144 0.0 0.0 0.0 
-0.002994931 0.0 0.0 0.0 
-0.0041384036 0.0 0.0 0.0 
0.0038166777 0.0 0.0 0.0 
-0.003391391 0.0 0.0 0.0 
0.0020394954 0.0 0.0 0.0 
-1.2650516e-05 0.0 0.0 0.0 
-0.0006908069 0.0 0.0 0.0 
0.00037234335 0.0 0.0 0.0 
-0.003287352 -0.0007401216 0.0047381 0.0036560749 
-0.0044850428 0.0 0.0 0.0 
-7.484804e-05 0.0 0.0 0.0 
0.00096533145 0.0 0.0 0.0 
-0.0032918353 0.0 0.0 0.0 
0.0010530634 0.0 0.0 0.0 
0.0014140288 0.0 0.0 0.0 
-0.005451036 0.0 0.0 0.0 
0.0027354248 0.0 0.0 0.0 
-0.0018200326 0.0 0.0 0.0 
0.004850974 0.0 0.0 0.0 
0.0039216154 0.0 0.0 0.0 
0.0004016238 0.0 0.0 0.0 
-0.0018138794 0.0 0.0 0.0 
0.001223045 -0.0034861283 0.0 0.0 
0.0017628435 0.0 0.0 0.0 
-0.0002809538 0.0 0.0 0.0 
0.0021341017 0.0 0.0 0.0 
-0.0055380138 0.0 0.0 0.0 
0.0010861767 0.0 0.0 0.0 
0.00059456355 0.0058663334 -0.0101681035 0.0051930128 
0.003911718 0.001650716 -0.016622487 0.039715063 
-0.003006572 0.0020749767 0.00019312734 0.0 
0.0016480004 0.0 0.0 0.0 
0.0020113294 0.0 0.0 0.0 
-0.0031471085 0.0 0.0 0.0 
-0.00093345775 0.0 0.0 0.0 
-0.0032377667 0.0 0.0 0.0 
-0.00073031336 0.0 0.0 0.0 
-0.00077969575 0.0 0.0 0.0 
0.0028327813 0.0 0.0 0.0 
-0.003557777 0.0 0.0 0.0 
0.0016011271 0.0 0.0 0.0 
-0.0009913897 0.0 0.0 0.0 
0.001858978 -0.0007401216 0.0028791218 0.0036560756 
-0.0010713428 0.0 0.0 0.0 
0.0025880404 -0.00032988313 0.007375052 0.0076728254 
0.0014125983 -0.0007401216 0.0014665239 0.0036560753 
0.0020648853 0.0066234446 -0.011474676 0.0056513883 
-0.0012118375 0.0 0.0 0.0 
0.00054516806 0.0 0.0 0.0 
-0.0016567986 -0.0010532105 0.0 0.0 
-0.0011281342 0.0 0.0 0.0 
-0.0013818856 0.0 0.0 0.0 
0.001762122 0.0 0.0 0.0 
0.0007872997 0.0 0.0 0.0 
-0.0007027034 0.008629939 -0.015552135 0.010655193 
-0.0016308541 0.0 0.0 0.0 
0.0026991682 0.0 0.0 0.0 
-0.0048211957 0.0 0.0 0.0 
-0.0015773786 0.0 0.0 0.0 
0.0033692177 0.0 0.0 0.0 
-0.002359926 0.0 0.0 0.0 
-0.0044856435 0.0 0.0 0.0 
0.00040180734 0.0 0.0 0.0 
-0.0033985367 0.0 0.0 0.0 
0.000730564 -0.005380674 0.028458584 0.06813198 
0.004119316 0.0 0.0 0.0 
-0.00272844 0.0 0.0 0.0 
0.0002952577 0.0 0.0 0.0 
0.0008134571 0.0 0.0 0.0 
-0.001874722 0.0 0.0 0.0 
0.0016861038 0.0 0.0 0.0 
0.0014594697 0.0 0.0 0.0 
-0.00023147334 0.0 0.0 0.0 
0.0009103936 0.0 0.0 0.0 
-0.0015448339 0.0 0.0 0.0 
0.0021993208 0.0 0.0 0.0 
0.005901545 0.0 0.0 0.0 
0.0042799483 0.0 0.0 0.0 
0.0031735932 0.0 0.0 0.0 
0.0020246159 0.0 0.0 0.0 
0.00051382254 0.0 0.0 0.0 
0.0011155885 0.0009014341 -0.014967121 -0.00043237768 
-0.0006094042 0.0034621349 -0.014357716 -0.00043237582 
-0.0006281935 0.0 0.0 0.0 
0.0010793016 -0.0017176596 -0.0029258826 0.002927036 
-0.0031861986 0.0 0.0 0.0 
0.0010383034 0.0 0.0 0.0 
-0.00064223126 -0.0007401216 0.0021087546 0.0036560756 
1.6804033e-06 0.0 0.0 0.0 
-0.004813848 0.0 0.0 0.0 
0.004056257 0.0 0.0 0.0 
-0.005238235 0.0 0.0 0.0 
-0.000816023 0.0 0.0 0.0 
-0.00041113867 0.0 0.0 0.0 
-0.007855959 0.0 0.0 0.0 
-3.6792164e-05 0.0 0.0 0.0 
0.0014575975 0.0 0.0 0.0 
0.0006713078 0.0 0.0 0.0 
0.00089918653 0.0 0.0 0.0 
0.0011448655 0.0 0.0 0.0 
0.0021665068 -0.0013930751 -0.0038156873 0.01705163 
0.0005850827 0.0 0.0 0.0 
-0.0034411957 0.0 0.0 0.0 
0.0020926388 0.0 0.0 0.0 
0.0016632912 0.0 0.0 0.0 
0.0012145027 0.0 0.0 0.0 
-0.0003628925 0.0 0.0 0.0 
0.00047143234 -0.0032933955 0.0010401614 0.022543214 
-0.008039491 0.0 0.0 0.0 
0.00050475553 0.0 0.0 0.0 
-0.001040485 0.0 0.0 0.0 
0.004784566 0.0 0.0 0.0 
-0.0031966933 0.0 0.0 0.0 
-0.0027008841 0.0 0.0 0.0 
-0.001867946 0.0 0.0 0.0 
-0.0013029929 0.0 0.0 0.0 
0.00019312734 0.00068618427 -0.0018203296 0.042489782 
-0.0007430626 0.0 0.0 0.0 
-0.0013217586 0.0 0.0 0.0 
-0.002878062 0.0 0.0 0.0 
0.004259846 -0.003372085 0.028003253 -0.001766596 
0.006545412 0.0 0.0 0.0 
-0.0023591865 0.0 0.0 0.0 
0.004059918 0.0 0.0 0.0 
0.002214 -0.006805117 -0.0007401216 0.0 
-0.0048864298 0.0 0.0 0.0 
-0.0027086993 0.0011641199 -0.016190236 0.005416127 
0.0015579036 0.0 0.0 0.0 
0.0019303436 0.0 0.0 0.0 
0.0017251199 0.0 0.0 0.0 
0.00037971875 0.0 0.0 0.0 
0.0015974621 0.0 0.0 0.0 
-0.0011528026 0.0009014341 -0.010496214 -0.00063190237 
-0.0017283306 0.0 0.0 0.0 
0.002749906 0.0 0.0 0.0 
0.0037753312 0.0 0.0 0.0 
-0.001837281 0.0 0.0 0.0 
0.0007575254 0.0 0.0 0.0 
0.0019326598 0.0 0.0 0.0 
0.0012773769 0.0 0.0 0.0 
0.0033104208 0.0 0.0 0.0 
-0.001747955 0.0 0.0 0.0 
-0.0011385536 0.0 0.0 0.0 
0.004500782 0.0 0.0 0.0 
0.0018846166 0.0 0.0 0.0 
0.0051180245 0.0 0.0 0.0 
0.002403417 0.0 0.0 0.0 
-0.0022083945 0.0 0.0 0.0 
-0.00410916 0.0 0.0 0.0 
0.004841407 0.0 0.0 0.0 
-0.0013338819 0.0 0.0 0.0 
0.0010476687 0.0 0.0 0.0 
0.0011400128 0.0 0.0 0.0 
0.00055273465 0.0 0.0 0.0 
0.00033585622 -0.0027094684 0.0017998209 0.024166614 
0.0004007379 -0.0028527984 0.005726624 0.003111035 
-0.00013562347 0.0049278866 -0.0020340625 0.0033864249 
-0.0023443757 0.0 0.0 0.0 
0.000197374 0.0 0.0 0.0 
0.00057947333 -0.011739715 0.009080701 0.0535663 
0.0044699763 0.0 0.0 0.0 
-0.0014723282 0.00033585622 0.002601898 -0.00440619 
-7.903535e-05 0.0 0.0 0.0 
0.00045669146 -0.0003412008 0.0009014341 -0.01020249 
-0.0013066779 0.0 0.0 0.0 
-0.0010113623 0.0 0.0 0.0 
0.00012561484 0.0 0.0 0.0 
0.00090553623 0.0 0.0 0.0 
-0.0032852644 0.0 0.0 0.0 
0.000120613164 0.0 0.0 0.0 
0.0011699836 0.0 0.0 0.0 
-0.0016878285 0.0 0.0 0.0 
-0.0034618806 -0.0026691847 -1.4193589e-05 -0.0009003298 
-0.0018136887 0.0 0.0 0.0 
-0.00019518772 0.0 0.0 0.0 
0.0025645748 0.0 0.0 0.0 
-0.00027469828 0.0 0.0 0.0 
0.004834872 0.0 0.0 0.0 
0.0018541459 0.0 0.0 0.0 
-0.0023026795 0.0 0.0 0.0 
-0.00036022466 0.0 0.0 0.0 
0.004303845 0.0027944674 0.0008282522 -0.007580208 
-0.0024294227 0.0 0.0 0.0 
-0.00083971536 0.0 0.0 0.0 
0.0013633254 0.0 0.0 0.0 
0.0044830865 -0.004358205 0.00053266156 0.076094165 
0.0020226636 0.0 0.0 0.0 
-0.00070493476 0.004259846 -0.002042121 0.0083802985 
-0.0010950346 0.00030474504 -0.012363524 -0.017455565 
-3.1559463e-07 0.0 0.0 0.0 
-0.0010816505 -0.0012938636 -0.009702335 0.09164272 
-0.0016000096 0.0025408207 0.012176856 0.032422084 
0.00027689303 0.00024774636 -0.0033830816 -0.003850445 
0.0018476602 0.0 0.0 0.0 
-0.0020478352 0.007948926 -0.010243049 -0.003290413 
0.00026752206 0.0 0.0 0.0 
-0.00059899234 0.0 0.0 0.0 
0.002107368 0.0 0.0 0.0 
0.0023115766 -0.0016032042 -0.0013235705 0.0035977224 
-0.0009730422 0.0 0.0 0.0 
-0.00051225844 0.0 0.0 0.0 
0.0034369132 0.00040811536 0.004883849 0.010415114 
0.0040400326 0.0 0.0 0.0 
0.0014393349 0.0 0.0 0.0 
-0.0013912485 0.0 0.0 0.0 
0.0035803244 0.0 0.0 0.0 
0.0033414664 0.0 0.0 0.0 
-0.002151683 0.0 0.0 0.0 
0.002506111 0.0 0.0 0.0 
0.0027307873 0.0 0.0 0.0 
-0.00027851193 0.0 0.0 0.0 
0.002205736 0.0 0.0 0.0 
-0.0014202449 -0.007663052 0.0029966002 0.08217331 
-0.0029584093 0.0 0.0 0.0 
0.0021411218 0.0 0.0 0.0 
-0.00013593255 0.0 0.0 0.0 
-0.002224987 0.0 0.0 0.0 
0.0025247184 0.0 0.0 0.0 
0.0042841467 0.00070551806 -0.008772034 -0.0012983177 
0.0048113726 0.0 0.0 0.0 
0.0031381203 0.0 0.0 0.0 
-0.00033129373 -0.0043692794 0.006386744 0.041182302 
-0.002190473 0.0 0.0 0.0 
0.0002944976 -0.00783388 -0.0065506673 0.00097017735 
0.0006265548 0.0008135927 0.0063804537 0.03473881 
-0.0017176596 -0.0018465811 0.002927037 0.0072437013 
-0.0023782344 0.0 0.0 0.0 
0.00024774636 -0.0031061885 -0.003850446 0.006938895 
-0.0011236629 0.0 0.0 0.0 
0.001376094 0.0 0.0 0.0 
0.009172828 -0.0025691064 0.0017642602 0.057983603 
0.002548923 0.0 0.0 0.0 
0.00016442384 -0.00095428067 -0.00805242 0.039937057 
-0.0009704946 0.0 0.0 0.0 
0.0037085782 0.0 0.0 0.0 
-0.0010476675 0.0 0.0 0.0 
0.005499604 0.0 0.0 0.0 
0.003604871 0.0 0.0 0.0 
-0.0020329177 0.0 0.0 0.0 
-0.0019527461 0.0 0.0 0.0 
-0.0009406811 0.0 0.0 0.0 
-0.0002285448 0.0 0.0 0.0 
-0.00085170567 0.0 0.0 0.0 
-0.0009317365 0.0 0.0 0.0 
0.0016684269 0.0 0.0 0.0 
0.00043568294 -0.002229557 0.0 0.0 
-0.00085945043 0.0 0.0 0.0 
-0.0012948296 0.0 0.0 0.0 
-0.0010984186 0.0 0.0 0.0 
-0.0027976846 0.0 0.0 0.0 
-0.0047748294 0.0 0.0 0.0 
0.0033426182 0.0 0.0 0.0 
-7.5538887e-06 0.0 0.0 0.0 
0.003379139 -0.0007401216 -0.0004766942 0.0036560753 
-0.00010230712 0.0 0.0 0.0 
0.004678023 0.0 0.0 0.0 
0.0037250489 0.0 0.0 0.0 
-0.0024479828 0.0061311675 -0.0033843715 0.04202603 
-0.0021854867 0.0 0.0 0.0 
-0.00014953851 -0.0015747679 0.0050902055 -0.002595314 
0.00063422765 0.0009014341 -0.008491888 0.001953803 
0.000850971 0.0 0.0 0.0 
-0.0012507825 0.0 0.0 0.0 
0.0010396031 0.0 0.0 0.0 
-0.005023022 0.0 0.0 0.0 
0.0019762302 -0.0007401216 -0.0024529248 0.0036560756 
0.0028557444 0.0 0.0 0.0 
-0.0006472424 0.0 0.0 0.0 
0.0013156233 0.0 0.0 0.0 
-0.00038510948 0.0 0.0 0.0 
-0.0016112212 0.0009014341 -0.006880665 0.0019538067 
-0.0024898974 0.0 0.0 0.0 
-4.9639693e-05 -0.0010816505 0.0 0.0 
0.002213383 0.0 0.0 0.0 
-0.0020630544 0.0 0.0 0.0 
0.0023003214 0.0 0.0 0.0 
0.00082458684 0.0 0.0 0.0 
-0.0004475289 0.0 0.0 0.0 
-0.00069029426 0.0 0.0 0.0 
0.0021946381 0.0 0.0 0.0 
0.0022701728 -0.0007401216 -0.004723098 0.0036560749 
-7.144418e-05 0.0029374235 -0.02439526 -0.004362054 
0.0029942545 0.0 0.0 0.0 
-0.00067770795 0.0067056506 -0.0056767673 0.009359054 
0.0016804499 -0.00338146 0.0026618633 0.0 
-0.002533197 0.004113838 -0.006604272 -0.0017474195 
0.00073401275 0.0 0.0 0.0 
-4.1066756e-05 -0.00086839293 0.002704706 0.0843486 
-0.004308071 0.0 0.0 0.0 
-0.0026656224 0.0 0.0 0.0 
0.00087179977 0.0 0.0 0.0 
0.0027635724 -0.0016340057 0.009866228 0.01855827 
-0.00097401644 0.0 0.0 0.0 
-5.5845252e-05 0.0 0.0 0.0 
-0.0010119773 0.0018263747 0.002895712 -0.005765778 
-0.0030567816 0.0 0.0 0.0 
0.004461891 0.0 0.0 0.0 
0.0030766802 0.0 0.0 0.0 
0.00059263106 -0.0007401216 -0.0053157294 0.0036560756 
-0.00073521835 0.0 0.0 0.0 
-0.0016870191 0.0 0.0 0.0 
-2.829138e-05 0.0 0.0 0.0 
0.0038869346 0.0 0.0 0.0 
-0.0039636157 0.0 0.0 0.0 
-0.000884871 0.0 0.0 0.0 
0.0010260977 0.002697577 0.005668415 -0.006707353 
-0.005472316 0.0 0.0 0.0 
-0.0034883746 0.0 0.0 0.0 
-0.0039935964 0.0 0.0 0.0 
-0.00010755989 -0.0036745332 0.008378807 -0.0033947732 
-0.0019632035 0.0 0.0 0.0 
-0.002526472 0.0 0.0 0.0 
0.005049617 0.0 0.0 0.0 
0.0018676859 0.0 0.0 0.0 
-0.00075434084 0.0 0.0 0.0 
-0.00078467536 -0.00086887984 0.0011724327 0.0034675621 
0.00082402525 0.0 0.0 0.0 
-0.004396397 0.0 0.0 0.0 
0.0006418109 0.0 0.0 0.0 
-0.0055196323 0.0 0.0 0.0 
0.00031065178 0.004198126 0.00074562384 0.012103732 
-0.00039590028 0.0 0.0 0.0 
0.00081690995 0.0 0.0 0.0 
-0.0025253824 0.0 0.0 0.0 
-0.0004734506 0.00024774636 -0.00036024777 0.0047593005 
0.00020901306 -0.0007157712 -0.0011476413 0.0059643947 
-0.0017434971 0.0 0.0 0.0 
0.0042801294 -0.013957288 -0.005094925 0.029817231 
0.0025078694 0.0 0.0 0.0 
0.00031487813 0.0 0.0 0.0 
-0.0029025322 0.0 0.0 0.0 
-0.004095544 0.009001811 -0.00420247 0.027935503 
-0.0020234904 -0.004768255 -0.0018202374 -0.0023047817 
-0.0021648358 0.0 0.0 0.0 
0.00035589378 0.0 0.0 0.0 
-0.0009921829 0.0 0.0 0.0 
0.004713434 0.0 0.0 0.0 
0.0014871295 0.0 0.0 0.0 
0.0038358872 0.0 0.0 0.0 
0.0021754254 0.0 0.0 0.0 
-1.601893e-05 0.0 0.0 0.0 
0.002135431 -0.0044384534 -0.00064293854 -0.0064063314 
-0.002745689 0.00022035585 0.0037808418 0.006224323 
-0.0008995864 0.0 0.0 0.0 
-0.0014175316 0.0 0.0 0.0 
-0.0003844247 0.0 0.0 0.0 
0.00075909926 0.0 0.0 0.0 
-0.0036672947 0.0 0.0 0.0 
-0.0006455396 0.0 0.0 0.0 
0.0015172242 0.0 0.0 0.0 
-0.003272001 0.0 0.0 0.0 
-0.0032089 0.0 0.0 0.0 
-0.0043914253 0.0 0.0 0.0 
0.001775589 0.0 0.0 0.0 
0.003715197 0.0 0.0 0.0 
0.0023759764 -0.002595314 0.016513664 0.0002625311 
0.0058711744 0.0 0.0 0.0 
0.0032855105 0.0 0.0 0.0 
-0.002424144 0.0 0.0 0.0 
-0.0019341293 0.0 0.0 0.0 
-0.0006074182 0.0 0.0 0.0 
-0.0007386421 6.697443e-05 0.002604511 0.0 
0.0007222437 0.0 0.0 0.0 
0.00013679481 0.0 0.0 0.0 
-0.0005442374 0.0 0.0 0.0 
-0.0004519423 0.0 0.0 0.0 
-0.0015693686 0.0 0.0 0.0 
0.0007602266 0.002179047 -0.007131245 0.031100448 
-0.0009516944 0.0 0.0 0.0 
-0.0015747679 0.0049406667 -0.002595314 0.018066954 
0.0016055377 0.0 0.0 0.0 
-0.0056846878 0.0 0.0 0.0 
0.00081392087 0.0 0.0 0.0 
-0.0036401614 0.0 0.0 0.0 
-0.0031786535 0.0 0.0 0.0 
-0.0037963972 0.0 0.0 0.0 
0.0008749615 0.0 0.0 0.0 
0.0008995409 0.0 0.0 0.0 
-0.0011860274 0.0 0.0 0.0 
0.0006763935 0.0 0.0 0.0 
-0.0001491078 0.0 0.0 0.0 
0.0008108088 -0.00036024777 0.0037639062 0.013166601 
-0.0009048656 0.0 0.0 0.0 
-0.00042817777 0.0023528836 0.019527437 0.028469777 
0.0012846831 0.0035839565 -0.0074002347 -0.013556586 
-0.0005829142 0.00017597209 0.006115076 -0.0012038405 
0.0035803744 0.0 0.0 0.0 
-1.7001115e-05 0.0 0.0 0.0 
-0.00087664515 0.00025833142 0.0012514233 0.011858907 
0.00014614314 0.0 0.0 0.0 
0.0009543173 -0.0015747679 0.004135888 -0.002595314 
-0.0005752753 0.0 0.0 0.0 
0.00188189 0.0 0.0 0.0 
0.0006971647 0.0 0.0 0.0 
-0.004560708 0.0 0.0 0.0 
-0.0042930585 0.0 0.0 0.0 
0.002888359 0.0 0.0 0.0 
-0.00073048123 -0.0007401216 -0.0045852475 0.0036560753 
-0.0020089028 0.0 0.0 0.0 
-0.00073977764 0.0 0.0 0.0 
-0.0013507402 0.0 0.0 0.0 
0.0018416919 0.0 0.0 0.0 
-0.0028174797 0.0 0.0 0.0 
-0.0003075692 0.0 0.0 0.0 
-0.0018189579 0.0 0.0 0.0 
0.0030883655 0.0 0.0 0.0 
-0.00021429548 0.0 0.0 0.0 
0.000731841 0.0 0.0 0.0 
0.00049660756 0.00378968 -0.008311521 -0.0025493833 
-0.0017474744 0.0 0.0 0.0 
-0.0021102459 0.0 0.0 0.0 
0.0046194657 0.0 0.0 0.0 
0.004058376 0.0 0.0 0.0 
-0.00541831 0.0016498506 0.0 0.0 
0.0025326663 0.0 0.0 0.0 
0.0017593238 0.0 0.0 0.0 
0.00030505544 0.0 0.0 0.0 
-0.0006256872 -0.0035757888 0.0100268815 0.02801299 
0.0051230267 0.0 0.0 0.0 
-0.0014344068 0.0 0.0 0.0 
-0.0035028434 0.002601898 -0.0036538772 -0.0025493833 
-0.0039899927 0.0 0.0 0.0 
-0.0027850564 0.0 0.0 0.0 
-0.0015479511 0.0 0.0 0.0 
-0.00076476875 0.0 0.0 0.0 
0.0037200009 0.0 0.0 0.0 
-0.0010847452 0.0 0.0 0.0 
-0.0021446743 0.0 0.0 0.0 
0.0032171356 0.0 0.0 0.0 
0.0010480486 0.0 0.0 0.0 
0.0011706777 0.0 0.0 0.0 
-0.0011846037 0.0 0.0 0.0 
0.0024942304 0.0 0.0 0.0 
-0.0032661937 0.0 0.0 0.0 
0.0007708172 0.0 0.0 0.0 
-0.00080842635 0.0017811271 0.0 0.0 
0.0023482663 0.0 0.0 0.0 
0.0033529196 0.0 0.0 0.0 
0.0038226654 0.0 0.0 0.0 
0.003202999 0.0 0.0 0.0 
-0.00019476561 0.0 0.0 0.0 
0.0021879126 0.0 0.0 0.0 
-0.0003314597 0.0 0.0 0.0 
-5.9328922e-05 -0.0008842404 0.006174405 -0.0012038405 
-0.0019335045 -0.0007401216 -0.0026517427 0.0036560756 
0.0017904408 0.0059706206 -0.011045501 -0.014651599 
0.0009014341 -0.018806111 0.01808921 0.18859757 
-0.0009963159 0.0 0.0 0.0 
-0.0067762653 -0.0010338213 0.00022559799 0.0005837539 
0.0055214525 -0.0063131647 -0.0036443423 0.016118824 
0.0011542583 0.0 0.0 0.0 
0.00076766656 0.0 0.0 0.0 
-0.0029957015 0.0 0.0 0.0 
0.0009598849 0.0 0.0 0.0 
0.0024696854 0.0 0.0 0.0 
0.0028297466 -0.0011786706 0.0 0.0 
0.0046222066 0.0 0.0 0.0 
-0.003068162 0.0009014341 -0.0057424167 0.004647637 
-0.0042599197 0.0055214525 0.0 0.0 
-0.005037658 0.0 0.0 0.0 
0.000260377 -0.0067762653 0.0 0.0 
0.0017259902 0.0 0.0 0.0 
-0.00036267727 0.0 0.0 0.0 
-0.00078347884 0.0 0.0 0.0 
0.0020760426 0.0 0.0 0.0 
-0.001642218 0.0 0.0 0.0 
0.001181655 0.0 0.0 0.0 
-0.0021490986 0.007716803 -0.009663874 -0.0016119378 
0.0019302481 0.0 0.0 0.0 
0.0013925931 0.0 0.0 0.0 
0.002092615 -0.007995447 0.0010245703 0.020445317 
0.0011616624 -0.0007401216 -0.004714839 0.01409184 
-0.0043202303 0.0 0.0 0.0 
7.8928766e-05 0.0 0.0 0.0 
-0.004092955 0.0 0.0 0.0 
0.003534268 0.0 0.0 0.0 
0.0010682407 0.0 0.0 0.0 
-0.00042507032 0.0 0.0 0.0 
-0.0013780077 0.0 0.0 0.0 
0.0016929924 0.0 0.0 0.0 
0.0008987614 0.0 0.0 0.0 
-0.002359782 0.0 0.0 0.0 
-0.00078823004 0.0 0.0 0.0 
-0.0015458413 0.0 0.0 0.0 
-0.005037346 0.0 0.0 0.0 
-0.0029986526 0.0 0.0 0.0 
-0.00030878236 0.0 0.0 0.0 
0.0033722816 0.0 0.0 0.0 
-0.0011294339 0.0 0.0 0.0 
-3.289973e-05 -0.0024043708 0.0013058619 0.011814572 
-0.0019717116 0.004113838 -0.0046325605 -0.0017474195 
0.00017740972 0.0 0.0 0.0 
-0.003305805 0.004467425 0.026821587 0.09710608 
-0.0058137444 0.0 0.0 0.0 
0.0016706663 0.0 0.0 0.0 
-4.723722e-05 0.0 0.0 0.0 
-0.0011109787 0.0 0.0 0.0 
-0.0019623209 0.0 0.0 0.0 
-0.0017676199 0.0 0.0 0.0 
-0.0032027112 0.0 0.0 0.0 
0.0041241203 -0.0007401216 -0.008838961 0.01409184 
-0.0027220503 0.0 0.0 0.0 
-0.00481766 0.0 0.0 0.0 
-0.0008674109 0.0 0.0 0.0 
0.0050243754 0.0 0.0 0.0 
0.0073573696 0.0 0.0 0.0 
-0.0011753961 0.0 0.0 0.0 
-0.0012397701 0.0 0.0 0.0 
-0.0037695167 0.0 0.0 0.0 
-0.0006407531 0.0 0.0 0.0 
-0.0020028304 0.00057947333 0.0 0.0 
-0.0006823092 0.0 0.0 0.0 
-0.0034807764 0.0 0.0 0.0 
-0.0011944978 -0.002918437 -0.0034932855 0.059849806 
0.0008958468 0.0 0.0 0.0 
0.00063444773 0.0 0.0 0.0 
-0.0028481958 0.0 0.0 0.0 
0.0002805392 0.0 0.0 0.0 
-0.002229557 0.00043568294 0.0 0.0 
0.0029471645 0.0 0.0 0.0 
-0.0013784843 0.0 0.0 0.0 
0.0043010595 0.0 0.0 0.0 
-0.0043503433 0.0 0.0 0.0 
-0.0033469298 0.0 0.0 0.0 
0.0013163239 0.0 0.0 0.0 
0.0012157267 0.0 0.0 0.0 
-4.796014e-05 0.0 0.0 0.0 
-0.001852555 0.0 0.0 0.0 
0.001460679 0.0 0.0 0.0 
0.0007811592 0.0009014341 0.0022121146 -0.0025493833 
0.0043881717 -0.005414272 0.0027723704 0.002697577 
-0.0013513888 0.0 0.0 0.0 
-0.00062941504 0.0 0.0 0.0 
0.004462596 0.0 0.0 0.0 
-0.001756704 0.0 0.0 0.0 
0.0022641297 0.0 0.0 0.0 
-0.0017000944 0.0094167795 0.060862012 0.12656981 
0.0005596342 -0.0013281868 0.0019671633 0.0082699 
-0.00063981896 -0.000421191 0.00080019596 -0.0020863605 
0.00075447845 0.0 0.0 0.0 
-0.002937348 0.0 0.0 0.0 
-0.000790772 -0.00036024777 0.00744927 0.00457289 
0.005085034 0.0 0.0 0.0 
-0.0019245048 0.0 0.0 0.0 
-6.3144944e-05 0.0 0.0 0.0 
0.0045299046 0.0 0.0 0.0 
-0.0012279669 0.0 0.0 0.0 
8.585782e-05 0.0 0.0 0.0 
0.004117495 -0.0007401216 -0.012956455 0.014091839 
-0.0011786706 0.0028297466 0.0 0.0 
-0.00024340421 0.0 0.0 0.0 
0.0028655734 0.0 0.0 0.0 
-0.000159286 0.0 0.0 0.0 
0.0012201436 0.0 0.0 0.0 
0.0031708642 0.0 0.0 0.0 
-0.005414272 0.007160542 0.002697577 0.0014093863 
0.0019271643 0.0 0.0 0.0 
-0.0022561026 0.0 0.0 0.0 
0.00039867402 0.0066218595 -0.0017175189 0.024570804 
-0.00029797465 -0.00032988313 0.010780003 -0.0048243636 
0.0005635646 0.0 0.0 0.0 
-0.00096007023 -0.0023229008 -0.00045691442 0.0021777495 
0.001677889 -0.00088228064 -0.0026691847 0.0016651907 
0.0009689624 0.0 0.0 0.0 
-0.0037104227 0.0 0.0 0.0 
0.00054277567 0.0 0.0 0.0 
-0.00423983 0.0 0.0 0.0 
0.002334817 0.0 0.0 0.0 
-0.0050775507 0.0 0.0 0.0 
0.001394052 0.0 0.0 0.0 
-0.0016909742 0.0 0.0 0.0 
0.0062342426 0.0 0.0 0.0 
-0.0024417846 0.0 0.0 0.0 
0.001733144 0.0 0.0 0.0 
-0.0028527065 0.0 0.0 0.0 
0.0004345852 0.0 0.0 0.0 
-0.0004510241 0.0 0.0 0.0 
-0.0037796225 0.0 0.0 0.0 
-0.004232957 0.0 0.0 0.0 
-0.00014125621 0.0 0.0 0.0 
-0.0054895543 0.0 0.0 0.0 
-0.0021454203 0.0 0.0 0.0 
0.0012593146 0.0 0.0 0.0 
-0.00094598497 0.0 0.0 0.0 
0.0003218332 0.0 0.0 0.0 
0.004259029 -0.006022501 -0.00054308225 -0.006994564 
-0.0028765227 0.005901315 -1.8513678e-05 0.0020605929 
-0.0007865488 0.0 0.0 0.0 
-0.0018456461 0.0 0.0 0.0 
-0.0032031753 0.0 0.0 0.0 
-0.0054546283 0.0 0.0 0.0 
0.00075093313 0.0 0.0 0.0 
-0.00432379 0.00068347645 0.03935698 0.030382827 
-0.0016299244 0.0005914543 -0.0013721394 -0.0017365846 
0.0017682808 0.0 0.0 0.0 
-0.001592771 0.0 0.0 0.0 
0.0010018261 0.0 0.0 0.0 
-0.0012836432 0.0 0.0 0.0 
-0.005983676 0.0 0.0 0.0 
0.002823278 0.0 0.0 0.0 
0.003712985 0.0 0.0 0.0 
-0.0032585033 0.0 0.0 0.0 
-0.004407044 0.0 0.0 0.0 
0.008145831 0.0 0.0 0.0 
0.0031058628 0.00090929423 0.026591644 0.022412393 
-0.0002900695 0.0 0.0 0.0 
-0.0016802441 0.0027695915 0.009997824 0.0056677954 
-3.2369328e-05 0.0 0.0 0.0 
0.0004584179 0.0 0.0 0.0 
-0.00059459644 0.0 0.0 0.0 
-0.004359841 0.0 0.0 0.0 
0.005774381 0.0 0.0 0.0 
-0.003163677 0.0 0.0 0.0 
0.0024787239 0.0 0.0 0.0 
-0.006237118 0.0 0.0 0.0 
0.002561352 0.0 0.0 0.0 
-0.0036586954 0.0 0.0 0.0 
-0.002569754 -0.0013727865 0.0 0.0 
0.0010773207 0.0 0.0 0.0 
0.0041401405 0.0 0.0 0.0 
0.0009020586 0.0 0.0 0.0 
-0.0022118853 0.0 0.0 0.0 
-0.0012030498 0.0 0.0 0.0 
-0.0026958103 0.0 0.0 0.0 
0.0046777087 0.0 0.0 0.0 
-0.0009795091 0.0 0.0 0.0 
-0.0023354234 0.0 0.0 0.0 
-0.002546704 0.0 0.0 0.0 
0.003217183 0.0 0.0 0.0 
0.0012530463 0.0 0.0 0.0 
-0.0007333931 0.0 0.0 0.0 
0.00021280347 0.0 0.0 0.0 
-0.00085097045 0.0 0.0 0.0 
-0.003012175 0.0 0.0 0.0 
-0.0015311468 0.0 0.0 0.0 
-0.0006785716 -0.00021293294 0.024457103 -0.038941085 
0.003310507 0.0 0.0 0.0 
0.0026520127 0.0 0.0 0.0 
-0.0009767733 0.0020947815 0.015295292 0.005330818 
-0.0029547294 -0.0008801953 0.001276685 0.0 
0.004314958 0.0 0.0 0.0 
-0.0016575803 0.0 0.0 0.0 
-0.0022329884 -0.0008734275 -0.016056202 0.0174697 
-0.0022651707 0.0 0.0 0.0 
0.0022190728 0.0 0.0 0.0 
-0.0016745849 0.0 0.0 0.0 
0.00021155537 0.0 0.0 0.0 
0.0025745684 0.0014105311 0.004904923 0.049919426 
-0.0007103488 0.0 0.0 0.0 
-0.0010810789 0.0 0.0 0.0 
0.005958157 0.0 0.0 0.0 
0.0007352861 0.0 0.0 0.0 
-0.0017849895 0.0 0.0 0.0 
0.0058962847 0.0 0.0 0.0 
0.0010842767 -0.0038775702 -0.00498212 0.008251201 
0.004118114 0.00018367951 -0.0041930717 0.014475493 
0.0013029687 0.0 0.0 0.0 
-0.0010038433 0.0 0.0 0.0 
-0.00014775437 0.0 0.0 0.0 
-0.004248139 0.0 0.0 0.0 
-0.0014263764 0.0 0.0 0.0 
0.0041303965 0.0 0.0 0.0 
-0.002784963 -0.0005378081 -0.00119171 0.003716196 
0.0059131784 -0.00015203882 -0.0056045754 0.0031058628 
-0.0024229689 0.0 0.0 0.0 
-0.00035063474 0.0008899545 0.0 0.0 
0.0040264525 0.010799889 0.0049197646 -0.03327495 
0.00072241353 0.0 0.0 0.0 
-0.0029562954 -0.0013281868 0.000876789 0.0024924236 
-0.003519875 0.0 0.0 0.0 
0.0014851909 0.0 0.0 0.0 
0.0019482855 0.0 0.0 0.0 
0.00076599914 0.0 0.0 0.0 
-0.00013330593 -0.0068054954 0.010514794 -0.027584076 
-0.0010041134 -0.0011948489 0.022765357 0.0020586383 
0.0037808418 0.0055246074 0.00498202 0.017521672 
0.00066017016 0.0014951755 0.0057122163 -0.022367407 
0.0006533104 0.0 0.0 0.0 
0.0026589648 0.0 0.0 0.0 
-0.003184938 0.0 0.0 0.0 
0.00012604667 -0.0067762653 0.000260377 0.0 
0.0026350385 0.0 0.0 0.0 
-0.00036024777 0.002066674 0.016582143 0.03237144 
0.0022742962 0.0 0.0 0.0 
0.005901315 -0.006990581 0.00025795586 0.00573535 
-0.0026842873 0.0 0.0 0.0 
6.45205e-06 -0.0014312122 -0.0020483246 0.0 
-0.00198492 0.0 0.0 0.0 
0.0026231555 0.0 0.0 0.0 
-0.0028117318 0.0060683056 0.0032878546 0.0 
-0.0002761279 0.0 0.0 0.0 
0.002225211 0.0 0.0 0.0 
0.0022352526 0.0 0.0 0.0 
0.0035272539 0.0 0.0 0.0 
0.0032525742 0.0 0.0 0.0 
0.0049540596 0.0009014341 -0.010543689 -0.0007262118 
0.0021228108 0.0 0.0 0.0 
0.0016057676 0.0 0.0 0.0 
-0.0045742183 0.0 0.0 0.0 
-0.0026691847 -0.004224788 0.019590154 0.04856567 
0.0015945422 -0.0007657535 0.0044407025 -0.03755559 
-0.001917981 0.002214 -0.0048871357 -0.0007401216 
0.0038532552 0.0 0.0 0.0 
-6.318134e-05 -0.0046991627 0.0045901937 0.016892131 
0.0038705936 0.0 0.0 0.0 
0.00038033948 0.0 0.0 0.0 
0.00031040498 0.0038536317 -0.002595314 0.009127221 
-0.0006788828 0.0 0.0 0.0 
-0.0011644755 0.0 0.0 0.0 
-0.0005703733 0.0 0.0 0.0 
5.828583e-06 -0.0051141973 0.04021905 0.06315651 
-0.004892679 -0.0020234904 0.00012442358 -0.0018202374 
-0.0025493833 -0.007432172 0.015736867 0.06039349 
-0.0016863152 -0.002595314 0.022317663 -0.0006788657 
0.0028516012 0.00075234636 0.010481603 0.007768689 
-0.0020532452 0.002933869 0.011999583 -0.0075765336 
0.003539188 0.0007552187 0.0 0.0 
-0.00046580992 -0.0026915814 0.0032418282 0.01701171 
0.0016651907 -0.0050068866 0.010346783 0.05870538 
0.0004083467 0.0 0.0 0.0 
0.0018408393 0.00030536795 -0.004163413 -0.0024348116 
-0.0011633534 0.0062554297 0.012348905 -0.020860787 
0.004113838 -0.0034189697 0.006154434 0.057754725 
0.0042507076 -0.004170082 0.018066954 -0.0006788657 
-0.0028715609 -0.00095428067 0.001923486 0.026233017 
0.0023389403 -0.002595314 0.015728014 -0.0006788657 
-0.0006250293 0.019635126 -0.006093149 -0.018959938 
-0.00020787027 0.0002238698 0.0 0.0 
0.0002238698 -0.00020787027 0.0 0.0 
-0.00380366 0.002275924 0.0014735808 0.0069388575 
0.0009291054 0.0 0.0 0.0 
0.0028406316 -0.0011290335 0.010808227 0.0030724523 
0.0041962718 -0.0006899432 -0.0033593236 -0.0046520624 
-0.0025163179 0.003927949 0.0 0.0 
-0.00026832306 -0.0025163179 0.0 0.0 
0.0042703934 -0.00032988313 0.007513724 -0.0027822426 
0.0018195988 0.0009014341 0.002492004 -0.002141268 
-0.0021022854 -0.0013721394 -0.0011451303 0.0 
0.0023117182 -0.0010700047 -0.009310249 0.0029937665 
6.60381e-06 -0.0060686474 0.018441217 -0.0015769745 
-0.0005012698 0.0020401133 0.0012786451 0.0020361524 
-0.0005829981 -0.002042121 0.0081983665 -0.001576974 
0.00080345914 0.0 0.0 0.0 
0.0032034651 -0.0017000944 0.004993344 0.00091576274 
0.0007174202 0.003197846 0.0033368017 -0.026996601 
-0.0018609494 0.0015021389 0.0 0.0 
0.0015021389 -0.0018609494 0.0 0.0 
0.006224323 0.0053738942 -0.020176802 0.0045655044 
0.00068220764 0.0042841467 0.0 0.0 
-0.0010532105 -0.0016567986 0.0 0.0 
-0.0019916159 -0.0007401216 -0.01874496 0.0034201336 
-0.0024742305 -0.0007401216 -0.01627073 0.0034201336 
-0.0013780124 -0.0007401216 -0.014892719 0.0034201336 
-0.006926001 -0.0007401216 -0.007966718 0.0034201336 
-0.00020374519 -0.0007401216 -0.007762972 0.0034201336 
0.0025379532 -0.0007401216 -0.010300924 0.0034201336 
0.00046439524 -0.0007401216 -0.010765321 0.0034201336 
-0.0032571068 -0.0007401216 -0.007508213 0.0034201336 
0.0022038983 -0.0007401216 -0.009712111 0.0034201336 
-0.0020679885 -0.0007401216 -0.0076441234 0.0034201336 
0.0039480035 -0.0007401216 -0.011592127 0.0034201336 
-0.0015669825 -0.0007401216 -0.010025145 0.0034201336 
-0.0020549283 -0.0014312122 0.0 0.0 
-0.0010309586 -0.002042121 0.009229326 -0.0015769745 
-0.0023250417 0.0 0.0 0.0 
0.0015254412 0.0 0.0 0.0 
-0.0040195766 0.0 0.0 0.0 
-3.949176e-05 0.0 0.0 0.0 
-0.0010819851 0.0 0.0 0.0 
-0.0042694444 0.0 0.0 0.0 
0.0016433536 0.0 0.0 0.0 
-0.0033673125 0.0 0.0 0.0 
0.004344519 0.0 0.0 0.0 
0.0028816604 0.0 0.0 0.0 
-0.005161415 0.0 0.0 0.0 
-0.0013930023 0.0 0.0 0.0 
-0.0020042064 0.0 0.0 0.0 
0.003425296 0.0 0.0 0.0 
-0.0034453326 0.0 0.0 0.0 
0.0020293007 0.0 0.0 0.0 
-0.0018927593 0.0 0.0 0.0 
0.001895664 0.0 0.0 0.0 
-0.0018877761 0.0 0.0 0.0 
0.0011696361 0.0 0.0 0.0 
-0.0019902652 0.0 0.0 0.0 
0.0006798341 0.0 0.0 0.0 
-0.000662027 0.0 0.0 0.0 
-0.0022964987 0.0 0.0 0.0 
-0.0026451962 0.0 0.0 0.0 
-0.0032260197 0.0 0.0 0.0 
0.0010749162 0.0 0.0 0.0 
-0.002313953 0.0 0.0 0.0 
0.0005996555 0.0 0.0 0.0 
0.0011664256 0.0 0.0 0.0 
-0.004233627 0.0 0.0 0.0 
-0.0030429203 0.0 0.0 0.0 
-0.00017922175 0.0 0.0 0.0 
7.475629e-05 0.0 0.0 0.0 
0.003480801 0.0 0.0 0.0 
0.0060683475 0.0 0.0 0.0 
-0.0014167286 0.0 0.0 0.0 
-0.00064743386 0.0 0.0 0.0 
-0.0011897815 0.0 0.0 0.0 
-0.0030499678 0.0 0.0 0.0 
-0.0033678664 0.0 0.0 0.0 
-0.0016796128 0.0 0.0 0.0 
0.000119408905 0.0 0.0 0.0 
-0.0015714221 0.0 0.0 0.0 
-0.0021130806 0.0 0.0 0.0 
0.0006120878 0.0 0.0 0.0 
0.002927361 0.0 0.0 0.0 
0.005241258 0.0 0.0 0.0 
-0.0040288772 0.0 0.0 0.0 
-0.005474543 0.0 0.0 0.0 
-0.00026467477 0.0 0.0 0.0 
0.0023715913 0.0 0.0 0.0 
0.0004075833 0.0 0.0 0.0 
0.00017713275 0.0 0.0 0.0 
-1.3283946e-05 0.0 0.0 0.0 
0.00068287225 0.0 0.0 0.0 
0.0014968512 0.0 0.0 0.0 
0.0008483886 0.0 0.0 0.0 
0.0028103113 0.0 0.0 0.0 
-0.0023283956 0.0 0.0 0.0 
0.0023593558 0.0 0.0 0.0 
0.006294823 0.0 0.0 0.0 
-0.00081125554 0.0 0.0 0.0 
-0.00043876466 0.0 0.0 0.0 
-0.0020277116 0.0 0.0 0.0 
-0.0023581681 0.0 0.0 0.0 
0.00065654994 -0.0010041134 -0.0018513987 0.022765357 
-0.0018497135 0.0 0.0 0.0 
0.0016148385 0.0 0.0 0.0 
0.0052836263 0.0 0.0 0.0 
-0.003053725 0.0 0.0 0.0 
0.00047518942 0.0 0.0 0.0 
0.0017170788 0.0 0.0 0.0 
0.002572745 0.0 0.0 0.0 
-0.0036468578 0.0 0.0 0.0 
0.001186131 0.0 0.0 0.0 
-0.0005726593 0.0 0.0 0.0 
-0.00032988313 0.005096471 0.0076728244 -0.0045906976 
-0.00043400953 0.0009014341 -0.009780116 -0.00168401 
0.0054711318 -0.0017055842 0.0015472901 -0.013905065 
-0.0002544468 0.0 0.0 0.0 
-0.0013721394 -0.0054952246 0.002601898 -0.0071567204 
0.0025607008 -0.0006094042 0.0009014341 -0.014357716 
-0.000940349 0.0 0.0 0.0 
-0.00070164824 0.0 0.0 0.0 
0.002567073 0.0 0.0 0.0 
-0.003941331 0.00036054396 -0.0007237487 0.0 
0.0025599215 0.00049660756 0.0012297586 -0.008311521 
-0.00010007431 -0.002595314 0.012980852 0.0 
0.0017764154 0.0 0.0 0.0 
-0.002737664 0.0 0.0 0.0 
-0.0012358015 0.0 0.0 0.0 
0.00050881243 0.0 0.0 0.0 
-0.001881689 0.0 0.0 0.0 
-0.00013953005 -0.0025493833 0.0 0.0 
0.0008156769 0.0 0.0 0.0 
-0.0050334777 0.0 0.0 0.0 
-0.002114261 0.0 0.0 0.0 
-0.00019019855 0.0 0.0 0.0 
0.0008475077 0.0 0.0 0.0 
-0.0019900405 0.0 0.0 0.0 
-0.0006036811 0.0 0.0 0.0 
-0.0008469615 -0.001786475 0.0016471575 5.4822303e-06 
-0.0018617507 -0.002909631 -0.002333194 -0.00801363 
0.003429363 0.0 0.0 0.0 
-0.0027093673 0.0 0.0 0.0 
-0.0005629059 0.0 0.0 0.0 
-0.0019805173 0.0 0.0 0.0 
-0.00072171615 0.0 0.0 0.0 
-0.0021821503 0.0 0.0 0.0 
-0.002620591 0.0 0.0 0.0 
-0.003647878 0.0 0.0 0.0 
0.003319562 0.0 0.0 0.0 
0.002077237 0.00093942543 0.0009066019 -0.02542489 
0.0055008554 0.0 0.0 0.0 
-0.0038824156 0.0 0.0 0.0 
0.0008083619 -0.008519895 -0.0008664931 -0.0013263826 
0.0039754105 0.0 0.0 0.0 
-0.00066262385 0.0 0.0 0.0 
0.0005983437 0.0 0.0 0.0 
-0.0024904523 0.0 0.0 0.0 
0.004947495 0.0 0.0 0.0 
-0.0004136976 0.0 0.0 0.0 
-0.003588189 0.0 0.0 0.0 
0.0007164738 0.0 0.0 0.0 
-0.0008923889 0.0 0.0 0.0 
0.0005914543 -0.0030020638 -0.0017365846 0.0 
0.0038536317 -0.0022849091 0.009127221 0.0 
-0.00071072986 0.0 0.0 0.0 
0.0026799832 0.0 0.0 0.0 
0.00019148899 0.0 0.0 0.0 
0.00041499684 0.0 0.0 0.0 
0.0022642284 0.0 0.0 0.0 
-0.00042168502 0.0 0.0 0.0 
0.00066905946 0.0 0.0 0.0 
0.0030006424 0.0 0.0 0.0 
0.0026867334 0.0 0.0 0.0 
-0.00031505965 0.0 0.0 0.0 
0.00042101098 -0.00010755989 0.0 0.0 
-0.0009177978 0.0029852684 -0.00045938432 0.0 
-0.000875917 0.0 0.0 0.0 
-0.0014719972 0.0 0.0 0.0 
-0.003308092 0.0 0.0 0.0 
0.00017597209 0.005532162 -0.0012038405 -0.013785502 
-0.00097236654 0.0 0.0 0.0 
0.0028943054 0.0 0.0 0.0 
-0.0006502047 0.0 0.0 0.0 
0.0030397098 0.0 0.0 0.0 
-0.0008640415 0.0 0.0 0.0 
-0.0017604282 0.0 0.0 0.0 
-0.0011063732 0.0 0.0 0.0 
0.0043779337 0.0009014341 -0.012468595 0.0006619049 
-0.0034861283 0.001223045 0.0 0.0 
-0.004944374 0.0 0.0 0.0 
0.0021170564 0.0 0.0 0.0 
-0.00025537514 0.0 0.0 0.0 
0.0022158464 -0.0011947531 -0.0010650323 -0.011359145 
-0.002863783 0.0 0.0 0.0 
-0.0024958174 0.0 0.0 0.0 
-0.0020042758 0.0 0.0 0.0 
0.004834364 0.0 0.0 0.0 
0.001975874 0.0 0.0 0.0 
-0.0042605265 0.0 0.0 0.0 
-0.0034582238 0.0 0.0 0.0 
0.0006468768 0.0 0.0 0.0 
-0.0015815513 0.0 0.0 0.0 
-0.0014691578 0.0079069985 0.030173983 0.039343797 
0.00079508947 0.0 0.0 0.0 
0.002178772 0.0016991078 0.012458416 0.007964378 
5.85138e-06 0.0034201336 -0.0022865147 0.0 
0.0014241536 -0.0034074027 0.0 0.0 
0.0011193488 0.0 0.0 0.0 
-0.0020769709 0.0 0.0 0.0 
-0.0046170177 0.0 0.0 0.0 
0.0027695915 0.00831758 0.0056677954 -0.0019530449 
-0.0024325638 0.004113838 -0.00030028285 -0.002094187 
0.0037485398 0.0 0.0 0.0 
0.003242111 0.0 0.0 0.0 
0.0005150471 0.0 0.0 0.0 
-0.0074825506 0.0 0.0 0.0 
-0.00513516 0.0 0.0 0.0 
0.0037926002 0.0027695915 0.0 0.0 
-0.0007902855 0.0 0.0 0.0 
-0.0011431867 0.0 0.0 0.0 
-0.00072749786 -0.00036024777 0.0059536044 -0.00028271403 
-0.0010930704 0.0 0.0 0.0 
-0.00054801605 0.0 0.0 0.0 
0.00048472034 0.0 0.0 0.0 
0.0007429351 0.0 0.0 0.0 
-0.0032186978 0.0 0.0 0.0 
0.0007552187 0.003539188 0.0 0.0 
-0.00064682186 0.0 0.0 0.0 
0.003853528 0.0 0.0 0.0 
0.0021680016 0.0 0.0 0.0 
-0.0010848715 0.0 0.0 0.0 
-0.0059132986 0.002092615 -0.0008344834 0.0009367638 
-0.0036418075 0.0 0.0 0.0 
0.0009820586 0.00054456154 -0.008405304 -0.003239979 
0.0026377635 0.0 0.0 0.0 
-0.002595314 0.019195009 -0.002060042 -0.0056508267 
-0.0005597516 0.0 0.0 0.0 
-0.0022357374 0.0 0.0 0.0 
0.00014557302 0.0 0.0 0.0 
2.4610405e-05 0.0005559875 -0.014269467 -0.00045413617 
0.0009834396 0.0025745684 0.0019738588 -0.00046580992 
-0.0009775652 0.0 0.0 0.0 
-0.00127954 0.0 0.0 0.0 
-0.0025155977 0.0 0.0 0.0 
0.0017082909 0.0 0.0 0.0 
0.0056675677 0.0017435304 0.014622181 0.04206965 
-0.0011054582 -0.0007386421 0.0011724327 0.002604511 
-0.004055872 0.0 0.0 0.0 
-0.0019680492 0.0 0.0 0.0 
-0.0005680012 -0.0032448366 0.00013234148 0.0 
-0.00029838123 0.0019771256 -0.005794533 0.014401586 
-0.00044093927 0.0 0.0 0.0 
-0.0008630424 0.0 0.0 0.0 
0.004539998 0.0 0.0 0.0 
0.0002608217 0.0 0.0 0.0 
-0.0022739149 0.0 0.0 0.0 
0.0009075768 0.0014809074 -0.014019152 0.0123433685 
-0.0015618302 -0.0017751863 -0.00649059 0.04075796 
-0.002042121 0.0120425215 0.0003776243 0.008227109 
0.0030322678 0.0 0.0 0.0 
-0.0015542718 0.0 0.0 0.0 
-0.0012661511 0.0 0.0 0.0 
0.0040151724 0.0 0.0 0.0 
0.0013774873 0.0 0.0 0.0 
-0.0015076083 0.0 0.0 0.0 
-0.00014366345 0.0 0.0 0.0 
0.0050289417 0.0 0.0 0.0 
-0.001857147 -0.0007401216 -0.007107936 0.0034201336 
0.0013294765 0.0 0.0 0.0 
0.0041382574 0.0 0.0 0.0 
0.0003247317 0.0 0.0 0.0 
-0.0033995407 0.0 0.0 0.0 
-0.0019361424 0.0 0.0 0.0 
0.00012386167 0.0 0.0 0.0 
-0.0043195947 -0.0007401216 -0.0027883407 0.0034201336 
-0.0018908614 0.0009014341 -0.008090662 0.0006619054 
-0.0005986566 0.0 0.0 0.0 
-0.0030638522 0.0 0.0 0.0 
-0.003583812 0.0 0.0 0.0 
-0.0009984726 0.0 0.0 0.0 
0.0014370845 0.0 0.0 0.0 
-0.00022182145 0.0 0.0 0.0 
-0.00029141325 0.0033674897 -0.001317461 -0.0006250293 
0.00044933666 -0.012686545 0.0042846757 -0.010290623 
-0.0012583236 0.0 0.0 0.0 
0.0016867688 0.0 0.0 0.0 
-0.0032073795 0.0 0.0 0.0 
0.00017651726 0.0 0.0 0.0 
-0.00456173 0.0 0.0 0.0 
0.001454352 0.0 0.0 0.0 
-0.0019675584 0.0 0.0 0.0 
0.0020283249 0.0 0.0 0.0 
0.00047466878 0.0 0.0 0.0 
0.004873363 0.0 0.0 0.0 
0.00203849 0.0 0.0 0.0 
-0.0006943093 0.0020359894 -0.009736596 0.02688106 
0.0030878282 0.0 0.0 0.0 
-0.00079994585 0.0 0.0 0.0 
0.0038502556 0.0 0.0 0.0 
0.0016528075 -0.001951412 0.0 0.0 
-0.0011835861 0.00354731 0.014362659 0.05406224 
0.002612373 0.0 0.0 0.0 
-0.0027589942 0.00046003168 -0.0023947544 0.039912954 
1.7780527e-05 0.0 0.0 0.0 
0.0005206053 -0.0010041134 -0.002372004 0.022765357 
-8.178798e-05 0.0 0.0 0.0 
-0.0023300392 0.0 0.0 0.0 
0.0040948004 0.0 0.0 0.0 
0.0028433872 0.0 0.0 0.0 
0.000457555 0.0 0.0 0.0 
-0.0021373434 -0.0013281868 -0.0040014195 0.017083284 
0.0027303165 0.0 0.0 0.0 
-0.00092024426 0.0 0.0 0.0 
-0.0033073234 0.0 0.0 0.0 
-0.0017869947 0.0 0.0 0.0 
-0.0056161587 0.0 0.0 0.0 
0.0023743426 0.0 0.0 0.0 
-0.0012269855 0.0 0.0 0.0 
0.0003975412 0.0 0.0 0.0 
-0.00030550797 0.0009014341 -0.014436264 0.00021257252 
0.00025054935 0.0 0.0 0.0 
-0.0029100063 -0.002042121 0.0037069658 -0.003761287 
-0.0032962165 0.0 0.0 0.0 
0.0016492943 0.0 0.0 0.0 
-0.0016179834 0.0 0.0 0.0 
0.0006479526 0.0 0.0 0.0 
0.0023406511 0.0 0.0 0.0 
-0.0025640256 0.0 0.0 0.0 
0.0011302545 0.0 0.0 0.0 
-0.0012973223 -0.00013330593 0.0 0.0 
-0.00025508486 0.0 0.0 0.0 
0.00017182463 0.0 0.0 0.0 
0.004206695 0.0 0.0 0.0 
-0.005053122 0.0 0.0 0.0 
-0.0019772146 0.0 0.0 0.0 
0.001853609 0.0009014341 -0.004069453 0.0046476345 
0.0014551209 0.0 0.0 0.0 
9.0892085e-05 0.0040264525 0.005576903 -0.001953043 
-0.00020965874 0.0 0.0 0.0 
-0.0017365846 -0.0026818793 -0.010795821 -0.0025777658 
-0.0035171416 0.0 0.0 0.0 
0.0030542929 0.0 0.0 0.0 
0.0036099658 -0.001873149 -0.0006393073 -0.0058106114 
-0.0017550762 0.0 0.0 0.0 
-0.0005378081 -0.0077979183 0.036395334 0.06876606 
-0.0027469716 0.0 0.0 0.0 
-0.00015047769 0.0 0.0 0.0 
-0.0018961965 0.0 0.0 0.0 
-0.00045938432 0.003345516 0.0 0.0 
-0.002711948 0.0 0.0 0.0 
0.0006438455 0.0 0.0 0.0 
0.0016256204 0.0 0.0 0.0 
0.0014536614 0.0 0.0 0.0 
0.002414938 0.0 0.0 0.0 
-0.0032686975 0.0 0.0 0.0 
0.0009287167 0.0 0.0 0.0 
-0.0023940606 0.0 0.0 0.0 
0.003984545 0.0 0.0 0.0 
-0.0014312122 -0.0020418726 0.0 0.0 
0.0014327151 0.0 0.0 0.0 
0.0020948185 0.0 0.0 0.0 
0.004160372 0.0 0.0 0.0 
-0.0005088112 0.0 0.0 0.0 
-0.001932062 0.0 0.0 0.0 
0.0011724327 0.0011642367 -0.0016607946 0.021898843 
-0.00070592837 0.0 0.0 0.0 
-0.00032937396 0.0 0.0 0.0 
0.00019629284 -0.0007401216 -0.00022563944 0.0034201336 
-0.00085028895 0.0 0.0 0.0 
0.00034676757 -0.0067863716 -0.00018295977 0.0040212804 
-0.0022594614 0.0 0.0 0.0 
-0.0026065456 0.0 0.0 0.0 
-0.0006006625 0.0 0.0 0.0 
0.001276685 -0.0008801953 0.0 0.0 
0.00077177474 0.0 0.0 0.0 
0.00078213104 0.0 0.0 0.0 
0.0024447732 0.0 0.0 0.0 
0.00051172666 0.0 0.0 0.0 
0.002277765 0.0 0.0 0.0 
-0.0017055842 0.007018422 -0.013905064 -0.010662643 
0.0009542155 0.0 0.0 0.0 
0.0013546302 0.0022158464 0.0 0.0 
0.0017696341 -0.01937672 -0.010248412 -0.0014287923 
-0.001647173 0.0 0.0 0.0 
-0.0012950152 0.0 0.0 0.0 
0.0015697356 -0.00032988313 0.00028281825 -0.002042121 
-0.0059343325 0.0 0.0 0.0 
0.004320235 0.0 0.0 0.0 
0.0023252952 0.0 0.0 0.0 
-0.00082090567 -0.0015618302 0.0 0.0 
-0.0012556902 0.0 0.0 0.0 
0.0018263747 0.00086091587 -0.01099948 0.00047684275 
0.001416109 0.0 0.0 0.0 
0.0013388541 0.0 0.0 0.0 
-0.0017247413 0.0 0.0 0.0 
0.00028281825 -0.00147057 -0.008934799 -0.0009106891 
-0.00017345788 0.0 0.0 0.0 
-0.0005128023 0.0 0.0 0.0 
-7.754601e-05 0.0 0.0 0.0 
0.0033494516 -0.00032988313 0.0018525538 -0.002042121 
-0.00027084874 0.0 0.0 0.0 
0.00026235703 0.0 0.0 0.0 
0.0023792454 0.0 0.0 0.0 
0.0036035157 0.0 0.0 0.0 
-0.0030152544 0.0 0.0 0.0 
0.0023453962 0.0 0.0 0.0 
0.0043590604 0.0 0.0 0.0 
-0.002665042 0.00059456355 0.0 0.0 
-0.00037159395 0.0 0.0 0.0 
0.0034675621 -0.0033918829 0.0012343688 0.0064761243 
-0.004008251 0.0 0.0 0.0 
-0.0020264946 0.0 0.0 0.0 
-8.262296e-05 0.0 0.0 0.0 
0.0010166301 0.0 0.0 0.0 
-7.065728e-05 0.0 0.0 0.0 
0.00036304473 0.0 0.0 0.0 
0.0011289414 0.0 0.0 0.0 
0.0015982768 0.0 0.0 0.0 
-0.0034155983 0.0 0.0 0.0 
-0.0037407181 0.0 0.0 0.0 
-0.0015893357 0.0 0.0 0.0 
-0.0045905374 0.0 0.0 0.0 
0.002328312 -0.003305805 0.0021893105 -0.012723184 
0.00056015607 0.0 0.0 0.0 
-0.0040171975 0.0 0.0 0.0 
0.00046943506 0.0 0.0 0.0 
0.0046779052 0.0 0.0 0.0 
0.0026989675 0.0 0.0 0.0 
-0.003957173 0.0 0.0 0.0 
-1.8513678e-05 0.0049336264 0.022730324 0.06519127 
-0.00061407563 0.0 0.0 0.0 
-0.000690816 0.0 0.0 0.0 
0.002110121 0.0 0.0 0.0 
0.0016000966 0.0 0.0 0.0 
-0.0035877351 0.0 0.0 0.0 
-0.0010602125 -5.9328922e-05 0.00017597209 0.006174405 
0.0009683097 0.0 0.0 0.0 
0.0020339072 0.0 0.0 0.0 
0.0024447264 0.0 0.0 0.0 
-0.0008730871 -0.00048668205 -0.008143729 -0.001660265 
0.0025344135 0.0 0.0 0.0 
0.0003292976 0.0 0.0 0.0 
-0.0012214562 0.0 0.0 0.0 
-0.002686936 0.0 0.0 0.0 
-0.00035078678 0.0 0.0 0.0 
-0.0011215637 0.0 0.0 0.0 
-0.00071389263 0.0 0.0 0.0 
0.0033333176 0.0 0.0 0.0 
0.002104597 0.0 0.0 0.0 
-0.005796866 0.002214 0.0 0.0 
-0.0004441029 0.0 0.0 0.0 
-0.000222344 -0.002597291 0.0048334487 0.043192074 
0.0009490523 0.001434616 -0.0007401216 -0.004165202 
0.002715264 0.0 0.0 0.0 
0.0048907413 0.0 0.0 0.0 
-0.0022958254 0.0 0.0 0.0 
0.0037100452 0.0 0.0 0.0 
-0.0047674924 0.0 0.0 0.0 
0.0026618633 -0.00338146 0.0 0.0 
0.0006955785 0.0 0.0 0.0 
-0.0027460412 0.0 0.0 0.0 
0.0072434586 -0.00067770795 0.0 0.0 
0.007047492 -0.005059781 -0.003524376 0.016176255 
0.0008899545 -0.00035063474 0.0 0.0 
0.00371494 0.0 0.0 0.0 
-0.001354361 0.0 0.0 0.0 
-0.0015081507 0.0 0.0 0.0 
-0.0060559036 0.0 0.0 0.0 
-0.0001270551 0.0 0.0 0.0 
-0.0065168566 0.004216948 0.0 0.0 
0.005667643 0.0 0.0 0.0 
0.0025773437 0.0 0.0 0.0 
-0.0012603367 0.0 0.0 0.0 
-0.000305025 0.0 0.0 0.0 
-0.003244552 0.0 0.0 0.0 
-0.0009878601 0.0 0.0 0.0 
0.0013119149 0.0025745684 -0.0010390495 -0.011949333 
0.00022710585 0.0 0.0 0.0 
-0.00134205 0.0042801294 -0.0106124 0.0040354966 
0.0017763163 0.0 0.0 0.0 
0.0022121146 -0.0016479492 -0.0032771467 -0.011359146 
-0.0040038936 0.004113838 -0.0027328467 -0.002094187 
-0.0036716955 0.0 0.0 0.0 
-0.00090639776 0.0 0.0 0.0 
-0.0007401216 -0.0018726913 0.0036560758 0.017447777 
0.006124156 0.0 0.0 0.0 
-0.0013263826 0.0023702276 0.006224323 0.0008756323 
0.00010488615 0.0 0.0 0.0 
-0.0010875965 0.0 0.0 0.0 
-0.0010505683 0.0 0.0 0.0 
0.0014484868 0.0 0.0 0.0 
-0.00029993994 0.0 0.0 0.0 
-0.0021540474 0.0 0.0 0.0 
0.000819136 0.0 0.0 0.0 
0.0031598306 0.0 0.0 0.0 
-0.00076636707 0.0 0.0 0.0 
-0.0053136772 0.0 0.0 0.0 
-9.585451e-06 0.0 0.0 0.0 
-0.0048383363 0.0 0.0 0.0 
0.0004778319 0.0 0.0 0.0 
-0.00087639684 -0.0031644923 -0.00013953005 0.0 
-0.002476368 0.0 0.0 0.0 
0.0021127784 0.0 0.0 0.0 
-0.0014296769 0.0 0.0 0.0 
0.0031613777 0.0 0.0 0.0 
0.00050332636 0.0 0.0 0.0 
0.0001758933 0.0 0.0 0.0 
0.0024628323 0.0 0.0 0.0 
0.005349751 0.0 0.0 0.0 
0.002661534 0.0 0.0 0.0 
0.0020749767 -0.0028134445 0.0 0.0 
0.0037585073 0.0 0.0 0.0 
-0.0015016486 0.0 0.0 0.0 
-0.0007090545 0.0 0.0 0.0 
0.0020583242 0.0 0.0 0.0 
0.0028926032 0.0 0.0 0.0 
0.00030406733 0.0 0.0 0.0 
0.0012359779 0.0009014341 -0.0076553803 0.004647635 
-0.0040418287 0.0 0.0 0.0 
-0.0038541898 0.0 0.0 0.0 
-0.00033471605 0.0 0.0 0.0 
-0.00034544658 0.00045859744 -0.003138006 0.003738305 
-0.00020248418 0.0 0.0 0.0 
-0.001969543 0.0 0.0 0.0 
0.000934826 0.0 0.0 0.0 
0.0006669649 0.0 0.0 0.0 
-0.003809093 -0.0032012933 -0.018032113 0.029137982 
-0.003666603 0.0 0.0 0.0 
-0.0074534887 0.0 0.0 0.0 
0.0026061505 0.0 0.0 0.0 
-0.0014979771 0.0 0.0 0.0 
-0.0014242495 0.0 0.0 0.0 
-0.0067818174 0.0 0.0 0.0 
-0.0034027356 0.0 0.0 0.0 
-0.001066924 0.0034201336 -0.0012195909 0.0 
0.00073314435 0.0 0.0 0.0 
-0.00017890784 0.0 0.0 0.0 
-0.0014003583 0.0 0.0 0.0 
-0.0009928554 0.0 0.0 0.0 
-0.001180275 0.0 0.0 0.0 
0.0057229823 -0.0011633534 0.0 0.0 
-0.0036952787 0.0 0.0 0.0 
0.002558157 0.0 0.0 0.0 
-0.00059164845 0.0 0.0 0.0 
-0.0010331825 0.0 0.0 0.0 
0.0015264532 0.0 0.0 0.0 
-0.003563654 0.0 0.0 0.0 
0.001185962 0.0 0.0 0.0 
0.00026610255 0.0 0.0 0.0 
-0.0024269116 -0.0014691578 0.0 0.0 
-0.0027251295 -0.0011830338 0.0034675621 0.0011375289 
0.002075683 0.0 0.0 0.0 
0.0021131877 0.0002089307 -0.004165202 0.0034201336 
-0.0032279391 0.0036099658 0.0 0.0 
-0.0024561032 0.0 0.0 0.0 
0.0022731752 0.0013507707 -0.02204522 0.0007040249 
-0.00039786825 0.0 0.0 0.0 
0.0019350055 0.0040264525 0.0067978655 -0.002402381 
0.003818702 0.0 0.0 0.0 
0.00055594405 -0.0007401216 0.0022533364 0.0034201336 
-0.0032897007 0.0 0.0 0.0 
0.0010652987 0.0011732447 0.0 0.0 
0.0017811271 -0.00080842635 0.0 0.0 
0.00013234148 -0.0010387565 -0.018702365 0.02025126 
-0.0003031976 0.0 0.0 0.0 
-0.002140552 0.0 0.0 0.0 
-0.00011481957 -0.0015747679 0.0042507076 -0.002595314 
-0.0023602787 0.0 0.0 0.0 
-0.0005770783 0.0 0.0 0.0 
0.00077523466 0.0 0.0 0.0 
0.0051464196 0.0009014341 -0.010214126 -0.0016840054 
-0.0033293723 0.0 0.0 0.0 
0.00083532097 0.0 0.0 0.0 
0.0024250601 0.0 0.0 0.0 
-0.0015052385 0.0 0.0 0.0 
-0.0013727865 -0.002569754 0.0 0.0 
-0.0010011831 0.0 0.0 0.0 
0.0009047049 0.0 0.0 0.0 
0.0022998478 0.0 0.0 0.0 
-0.0013271763 0.0 0.0 0.0 
-0.0018007437 0.0 0.0 0.0 
-0.0014018861 0.0 0.0 0.0 
-0.0046515046 0.0 0.0 0.0 
0.0029963965 -0.0007401216 -0.0047172047 0.0034201336 
-0.00113477 0.0 0.0 0.0 
-0.0017955841 0.0 0.0 0.0 
-0.002083641 -0.0022045837 0.004682298 0.051232807 
0.00044203043 0.0 0.0 0.0 
-0.0010982133 0.00022286252 0.00929482 0.037058152 
-0.00261121 0.0 0.0 0.0 
-0.0039987713 0.0 0.0 0.0 
0.0003940451 0.0 0.0 0.0 
0.0020093126 0.0022165026 -0.002069958 0.004744157 
-0.0020735383 0.0008083619 -0.0041212332 -0.0025193007 
0.005521145 0.0 0.0 0.0 
0.0016304418 0.0 0.0 0.0 
-0.001971166 0.0 0.0 0.0 
0.0016954237 0.0 0.0 0.0 
-0.0004566542 0.004434568 0.00966034 -0.002810496 
0.0009541405 0.0 0.0 0.0 
-0.0018809958 0.0 0.0 0.0 
0.0020105971 -0.0007401216 -0.006175799 0.0034201336 
-0.00086008874 -0.000222344 0.0 0.0 
-0.0027428945 0.0 0.0 0.0 
-0.0031562047 0.0 0.0 0.0 
-9.501099e-05 0.003911718 0.003073914 -0.010489424 
-0.0023010524 0.0 0.0 0.0 
0.0017686308 -0.0006250293 0.0024611694 -0.0075211544 
-0.0061893817 0.0 0.0 0.0 
-0.004005161 0.0 0.0 0.0 
-0.0032567258 0.0 0.0 0.0 
-0.00024916514 0.0 0.0 0.0 
-0.0003412008 2.9938761e-05 0.007581164 0.05431769 
-0.0060478286 -0.0007401216 0.0031732167 0.0034201336 
0.0059726625 0.0 0.0 0.0 
0.0019746267 0.0 0.0 0.0 
-0.0016424995 -0.0029517405 0.0010862531 -0.00036135223 
0.001201023 0.0 0.0 0.0 
-0.00022885746 0.0 0.0 0.0 
0.00020915177 0.0 0.0 0.0 
-0.00089176226 0.0 0.0 0.0 
0.0008533026 0.0 0.0 0.0 
-0.000931128 0.0 0.0 0.0 
-0.0004165 0.0 0.0 0.0 
-0.0031492084 0.0 0.0 0.0 
-0.0052635754 0.0 0.0 0.0 
-0.0022660492 -0.00015203882 0.0 0.0 
0.002579777 -0.0003993616 0.017812312 0.038709875 
0.0009507638 0.0 0.0 0.0 
0.0006691767 0.0 0.0 0.0 
0.0012548044 0.0 0.0 0.0 
0.0029274367 0.0 0.0 0.0 
0.0019068642 0.0036959015 -0.0047902595 -0.0062123127 
-0.0007916684 0.0 0.0 0.0 
-0.0011073871 0.0 0.0 0.0 
-0.000590444 0.0 0.0 0.0 
-0.00018169345 0.0 0.0 0.0 
0.0019869616 0.0 0.0 0.0 
-0.00040645275 0.0 0.0 0.0 
-0.0013548639 0.0 0.0 0.0 
0.0010258337 0.0 0.0 0.0 
0.0003749684 0.0 0.0 0.0 
0.0011463299 0.0 0.0 0.0 
-0.0037984871 0.0 0.0 0.0 
-0.0007454764 0.0 0.0 0.0 
-3.7036043e-05 0.0 0.0 0.0 
0.0027944674 0.011230609 -0.0051664636 -0.0067742737 
0.0010139797 0.0 0.0 0.0 
-0.0036068386 0.0 0.0 0.0 
-0.002466839 0.0 0.0 0.0 
0.0031771185 0.0 0.0 0.0 
0.0034201336 0.0019590955 -0.0047294786 -0.001920541 
-0.0021098852 0.0 0.0 0.0 
0.0039660633 0.0 0.0 0.0 
0.0023066844 0.0 0.0 0.0 
0.0033626007 0.0 0.0 0.0 
-0.0019055229 0.0 0.0 0.0 
-0.0034715442 0.0 0.0 0.0 
0.00038577776 0.0 0.0 0.0 
-0.0040769055 0.005779029 -0.0013335529 0.007074805 
-0.00025296918 0.0 0.0 0.0 
-0.001953723 0.0 0.0 0.0 
0.0006072203 0.0 0.0 0.0 
0.002276993 0.0 0.0 0.0 
0.004089392 0.0 0.0 0.0 
0.0013869313 -0.002595314 0.0077402894 0.0 
0.00064376096 0.0 0.0 0.0 
-0.0058337883 0.0 0.0 0.0 
0.003502415 0.0 0.0 0.0 
0.0030304012 0.0 0.0 0.0 
0.00092026166 0.0 0.0 0.0 
0.0020064546 0.0 0.0 0.0 
0.0027924944 0.0 0.0 0.0 
0.0021512643 0.0 0.0 0.0 
-0.0085488735 0.0 0.0 0.0 
-0.001975127 0.0016856608 0.0007203083 0.0 
0.00027744778 -0.0012926292 0.00042372104 0.0063225143 
-0.0014081245 0.0 0.0 0.0 
-0.00211086 0.0 0.0 0.0 
-0.00024810896 0.0 0.0 0.0 
-0.0012195909 0.0035814461 -0.0021167034 -0.0007262137 
0.0005782943 0.0 0.0 0.0 
0.0008880526 0.0 0.0 0.0 
-0.0011568981 0.0 0.0 0.0 
-0.00031257162 0.0 0.0 0.0 
0.0001600136 0.0 0.0 0.0 
0.0044085034 0.0 0.0 0.0 
-0.0016932281 0.0 0.0 0.0 
-0.0036938738 -0.00015203882 -0.0019107015 0.0031058628 
0.0016425647 -0.0007401216 0.00023199472 0.0 
-0.0027873574 0.0 0.0 0.0 
-0.0056436034 0.0 0.0 0.0 
0.003345516 -0.0038251649 0.004113838 -0.009137469 
-0.00019274632 -0.0016424995 0.0 0.0 
-0.0022610852 0.0 0.0 0.0 
0.0016856608 -0.0034531527 0.020559743 0.038271945 
-0.0040744157 -0.00096007023 0.0 0.0 
0.0036951138 0.0 0.0 0.0 
0.007295917 0.0 0.0 0.0 
-0.0021306004 0.0 0.0 0.0 
0.0012592573 0.0 0.0 0.0 
-0.00088228064 -0.0009912957 0.0016651907 -0.0015822097 
0.0017055059 0.0031324187 -0.0012798309 0.03881369 
-0.0056763883 0.0 0.0 0.0 
0.005107375 0.0 0.0 0.0 
0.004144932 0.0 0.0 0.0 
-0.001760776 0.0 0.0 0.0 
0.002990165 0.0 0.0 0.0 
0.0017244926 0.0 0.0 0.0 
0.000582764 0.0 0.0 0.0 
-0.0039427443 -0.002039459 -0.0018020704 0.0 
0.00030741934 0.0 0.0 0.0 
-0.0023665843 0.0 0.0 0.0 
0.004179013 0.0 0.0 0.0 
0.002647328 0.0 0.0 0.0 
0.0023672532 0.0 0.0 0.0 
-0.004824537 0.0 0.0 0.0 
0.0039203204 0.0 0.0 0.0 
-0.0022881648 0.0 0.0 0.0 
0.0027207837 0.0009014341 -0.002215844 0.0046476345 
0.0035417585 0.0 0.0 0.0 
-0.0009855826 0.0 0.0 0.0 
-0.0026682403 0.0 0.0 0.0 
0.0053953235 0.0 0.0 0.0 
-0.0029616163 0.0 0.0 0.0 
0.00165686 0.0 0.0 0.0 
-0.0030375666 0.0 0.0 0.0 
-0.00066655996 0.0 0.0 0.0 
-0.00027501278 0.0 0.0 0.0 
-8.426044e-05 0.0 0.0 0.0 
-0.0008639626 0.0 0.0 0.0 
0.004254429 0.0 0.0 0.0 
-0.0023734795 0.0 0.0 0.0 
-0.003061201 0.0 0.0 0.0 
0.0019738588 0.0011486883 -0.0038886443 -0.0020603333 
-0.007073635 0.0 0.0 0.0 
0.003190402 0.0 0.0 0.0 
-0.0030898685 0.0 0.0 0.0 
-0.0029841487 0.0 0.0 0.0 
-0.001911521 0.0 0.0 0.0 
-7.0559494e-05 -0.002595314 0.0 0.0 
-0.004528304 0.00027744778 0.0 0.0 
0.0056734746 0.0 0.0 0.0 
-0.002529581 0.0 0.0 0.0 
-0.0044567618 0.0 0.0 0.0 
-0.0008540649 0.0 0.0 0.0 
-0.0027103755 0.0 0.0 0.0 
-0.003193339 0.0 0.0 0.0 
0.0021662721 0.0 0.0 0.0 
-0.0031913284 0.0 0.0 0.0 
0.002864585 0.0 0.0 0.0 
-3.5461217e-05 0.0 0.0 0.0 
0.0025494278 0.0 0.0 0.0 
0.0016498506 -0.00541831 0.0 0.0 
-0.0011874054 0.0 0.0 0.0 
0.0011732447 0.0014011549 -0.0038827132 0.0007345211 
0.0013832672 0.0 0.0 0.0 
0.00026286318 0.0 0.0 0.0 
-0.0032448366 -0.004065751 0.0017255011 -0.008862674 
0.00046747457 0.0 0.0 0.0 
-0.0043687406 0.0 0.0 0.0 
-0.005315558 0.0017696341 -0.005744815 -0.003809093 
-0.0048852395 0.0 0.0 0.0 
-0.002696335 0.0 0.0 0.0 
-0.008387064 0.0 0.0 0.0 
-0.0004138755 0.0 0.0 0.0 
0.004793238 0.0 0.0 0.0 
0.00022900442 0.0 0.0 0.0 
0.004354824 0.0 0.0 0.0 
-0.0023600124 0.0 0.0 0.0 
-0.0008638003 0.0 0.0 0.0 
0.0012145288 0.0 0.0 0.0 
0.008619671 0.0058041285 -0.0033275941 0.023265304 
0.002637042 0.0040264525 0.005689486 0.004018328 
-0.0030061675 0.0 0.0 0.0 
0.00089005043 0.0 0.0 0.0 
-0.0025865415 0.0 0.0 0.0 
-0.0002050685 0.0 0.0 0.0 
0.0018963846 0.0 0.0 0.0 
-0.00042980775 0.0 0.0 0.0 
-0.006114892 0.0 0.0 0.0 
-0.0043294304 0.0 0.0 0.0 
-0.0012157499 0.0 0.0 0.0 
-0.0012292042 0.0 0.0 0.0 
0.00023244295 0.0 0.0 0.0 
0.00078462117 0.0 0.0 0.0 
-0.0012081425 0.0 0.0 0.0 
0.002584723 0.0 0.0 0.0 
-0.0020023836 0.0009014341 -0.0041596843 0.013544517 
-0.00049800065 -0.0007401216 0.0007299954 0.0 
0.0016157539 0.0029804402 0.0011453708 -0.006363184 
-0.0013729874 0.0 0.0 0.0 
0.0018830018 0.0 0.0 0.0 
0.00034226992 0.0 0.0 0.0 
-0.0008071186 0.0 0.0 0.0 
0.0029203384 0.0 0.0 0.0 
-0.00064357335 0.0 0.0 0.0 
0.00028133343 0.0 0.0 0.0 
0.0035042102 0.0 0.0 0.0 
0.001101504 0.0 0.0 0.0 
0.00022819007 0.0 0.0 0.0 
0.00036054396 -0.004070516 -0.002665042 0.0 
0.0052228672 0.0 0.0 0.0 
0.00022035585 0.0010351529 0.006224323 0.0015930524 
-0.004923656 0.0 0.0 0.0 
0.00090973027 0.0014738785 -0.005796866 0.0 
-0.0028834045 0.0 0.0 0.0 
-0.0003682634 0.0 0.0 0.0 
-0.003576767 0.0 0.0 0.0 
0.0031258161 0.0 0.0 0.0 
0.00033045837 0.0 0.0 0.0 
0.0025485153 0.001395937 -0.0016305298 0.0033362815 
0.0034843197 0.0 0.0 0.0 
-0.0022400916 0.0 0.0 0.0 
-0.0022584908 0.0 0.0 0.0 
-0.0029734746 -0.0035982165 0.0 0.0 
-0.002496842 0.0 0.0 0.0 
0.00012279766 0.0 0.0 0.0 
0.000761147 0.0 0.0 0.0 
0.0005701534 0.0 0.0 0.0 
0.0052166516 0.0 0.0 0.0 
-0.00037368658 0.0 0.0 0.0 
-0.0010850581 0.0 0.0 0.0 
0.0015371795 0.0 0.0 0.0 
-0.002669436 0.0 0.0 0.0 
-0.0032097318 -0.00013330593 -0.0038926364 0.020631347 
0.00035534764 0.002953824 0.00829626 -0.0024965862 
-0.0020629298 0.0 0.0 0.0 
-0.00023598658 0.0 0.0 0.0 
-0.0010919432 0.0 0.0 0.0 
-0.0045492407 0.0009014341 0.00038955617 0.013544517 
0.0026530465 0.0 0.0 0.0 
-0.00019853482 0.0 0.0 0.0 
0.0065797195 0.0 0.0 0.0 
0.0012691292 0.0 0.0 0.0 
-0.00035630065 0.0 0.0 0.0 
-0.002747901 0.003973606 0.004328469 0.03136181 
-0.0037616075 0.0 0.0 0.0 
0.0019570086 0.0 0.0 0.0 
-0.0034943565 0.0030512346 0.0 0.0 
-0.00014168829 0.0 0.0 0.0 
0.00046957214 0.0 0.0 0.0 
-0.0001797349 -0.0007401216 0.00090973027 0.0 
0.002601898 -0.011217487 0.00032340456 0.016538061 
7.726093e-05 0.0 0.0 0.0 
-0.000106241554 0.0 0.0 0.0 
0.0018030361 0.0 0.0 0.0 
0.002716507 0.0 0.0 0.0 
-0.0010574554 0.0 0.0 0.0 
0.0011183205 0.0009014341 -0.011175885 -0.0008181324 
-0.003666489 0.0 0.0 0.0 
-0.0009889503 0.0 0.0 0.0 
-0.0028365315 0.0 0.0 0.0 
-0.00338146 0.0043423134 0.0 0.0 
-0.0005648726 0.0 0.0 0.0 
0.0012723943 0.0 0.0 0.0 
-0.0061794193 0.0 0.0 0.0 
-0.0038999792 0.0 0.0 0.0 
0.00050483696 0.0 0.0 0.0 
0.0013057704 0.0 0.0 0.0 
-0.0030565476 0.0 0.0 0.0 
0.00054448936 0.0 0.0 0.0 
-0.002499589 0.0 0.0 0.0 
0.0031371438 0.0 0.0 0.0 
-0.0015823774 0.0 0.0 0.0 
-0.00020304212 0.0 0.0 0.0 
0.00240582 0.00046010778 0.0038942632 0.025680142 
-0.004452461 0.0 0.0 0.0 
-0.0042452584 0.0 0.0 0.0 
0.0011161491 0.0 0.0 0.0 
-0.00010336996 0.0012611622 0.0 0.0 
-0.0006465916 0.0 0.0 0.0 
-0.0029542285 0.0 0.0 0.0 
-0.0048507676 -0.00042675273 -0.0033819461 0.013406809 
-0.004454991 -0.0007401216 -0.0017208084 0.0034201336 
-0.0021375103 0.0 0.0 0.0 
-0.0028696635 0.0 0.0 0.0 
0.002365467 0.0 0.0 0.0 
-0.0033154346 0.0 0.0 0.0 
0.0028868925 0.0 0.0 0.0 
0.0014550033 0.0 0.0 0.0 
0.0017411836 0.0 0.0 0.0 
0.0026431375 0.0 0.0 0.0 
0.004337006 0.0 0.0 0.0 
0.0007203083 0.0016856608 0.0 0.0 
0.0021414107 0.0 0.0 0.0 
-0.0028976593 0.0 0.0 0.0 
-0.00017293914 0.0 0.0 0.0 
-0.0041143275 0.0 0.0 0.0 
0.0023682208 0.0 0.0 0.0 
-0.0018425928 -0.0007401216 -0.0028746119 0.0034201336 
0.0021871754 0.0 0.0 0.0 
0.00011557039 0.0 0.0 0.0 
0.00032881845 0.0 0.0 0.0 
0.00065212103 0.0009014341 -0.009981524 0.00066190585 
-0.00039628826 0.0 0.0 0.0 
0.0021416722 0.0 0.0 0.0 
-0.0010777103 0.0 0.0 0.0 
-0.0030170942 0.0 0.0 0.0 
-0.0007976174 -0.0021490986 0.007047492 -0.0008628472 
0.00036393615 -0.005577153 0.0014371411 0.0027619402 
0.0015118663 0.00050384377 0.008180328 0.027631054 
0.0010556559 0.0 0.0 0.0 
-0.0036595925 0.0 0.0 0.0 
-0.0020204112 0.0 0.0 0.0 
-0.001112903 0.0 0.0 0.0 
0.0007460755 0.0 0.0 0.0 
-0.0013384019 0.0 0.0 0.0 
-0.0013053064 0.0 0.0 0.0 
0.00016481619 0.0 0.0 0.0 
0.0015748006 0.0 0.0 0.0 
-0.0014948205 0.0 0.0 0.0 
-0.0017972382 0.0 0.0 0.0 
0.0016414151 0.0 0.0 0.0 
-0.0001469125 0.0 0.0 0.0 
-0.00048636942 0.0 0.0 0.0 
-0.0007237487 0.00036054396 0.0 0.0 
0.0032550076 0.0 0.0 0.0 
-0.0027009633 0.0 0.0 0.0 
-0.00023440571 0.0 0.0 0.0 
-0.005244715 0.0 0.0 0.0 
-0.0011213132 0.0 0.0 0.0 
-0.0067858947 0.0 0.0 0.0 
-0.0049612746 0.0 0.0 0.0 
0.001351309 0.0 0.0 0.0 
0.0015983679 -0.0007401216 0.0018745594 0.0 
0.00021253918 0.0 0.0 0.0 
-0.0027959791 0.0 0.0 0.0 
-0.002085058 0.0 0.0 0.0 
0.0016363612 0.0 0.0 0.0 
0.0033045204 0.0 0.0 0.0 
0.0021688906 0.0 0.0 0.0 
-0.00029564367 -0.0013281868 0.0 0.0 
0.0078108488 -0.002595314 -7.0559494e-05 0.0 
-0.0068169124 0.0 0.0 0.0 
-0.002091843 -0.0008469615 0.0 0.0 
0.002931953 0.0 0.0 0.0 
0.004739769 0.0 0.0 0.0 
-3.4249017e-05 0.0 0.0 0.0 
-0.0020393352 0.0 0.0 0.0 
0.0012645408 0.0 0.0 0.0 
-0.0009994758 0.0 0.0 0.0 
-0.00049110875 0.0 0.0 0.0 
0.0015653375 0.0 0.0 0.0 
0.0041260323 -0.002042121 0.003591427 -0.0015769743 
0.00073133217 0.0 0.0 0.0 
-0.00073938066 0.0 0.0 0.0 
0.0036326344 0.0 0.0 0.0 
0.001479357 0.0 0.0 0.0 
-0.0037251299 0.0002944976 0.0 0.0 
0.00024762182 0.0009014341 -0.007903002 0.0046476363 
-0.0035984481 0.0 0.0 0.0 
0.0032787658 0.0 0.0 0.0 
0.0008555922 0.0 0.0 0.0 
-0.0005313442 0.0 0.0 0.0 
-0.00019411498 0.0 0.0 0.0 
0.00013940939 0.0 0.0 0.0 
0.00040811536 0.007811186 0.00996262 0.008250049 
-0.0041252123 0.0 0.0 0.0 
-0.001961464 0.0 0.0 0.0 
-0.0008069804 0.0009014341 -0.004935437 0.0046476345 
0.0013800068 0.0 0.0 0.0 
0.0033891627 0.0 0.0 0.0 
5.9216676e-05 0.0 0.0 0.0 
0.001661215 0.0 0.0 0.0 
-0.0040693176 0.0 0.0 0.0 
0.0018267847 0.0 0.0 0.0 
0.001437954 0.0 0.0 0.0 
0.0013362325 0.0 0.0 0.0 
0.0010683849 0.0 0.0 0.0 
0.0005773612 0.0 0.0 0.0 
-0.004221109 0.0 0.0 0.0 
-0.0009812317 0.0 0.0 0.0 
0.00050927146 0.0 0.0 0.0 
-0.002155618 0.0 0.0 0.0 
-0.0054882616 0.0 0.0 0.0 
0.0032878546 0.00419841 -0.0024269116 0.0 
0.0038646057 0.0 0.0 0.0 
0.002697577 0.006694513 -0.0067073535 -0.0070652817 
0.0012611622 -0.0014315568 0.023740271 0.03672295 
-0.0014866586 -0.005414272 0.0 0.0 
0.003950166 0.0 0.0 0.0 
-9.794322e-06 0.0 0.0 0.0 
-0.0029020207 0.0 0.0 0.0 
-0.0054403762 0.0009014341 0.00050493935 0.0046476345 
-0.003155968 0.004475789 0.0037025975 -0.0019109235 
-0.002866546 0.0 0.0 0.0 
0.002011734 0.0 0.0 0.0 
-0.0012477963 0.0 0.0 0.0 
-0.0014393731 0.0 0.0 0.0 
-0.006489692 0.0 0.0 0.0 
0.0047422103 0.0 0.0 0.0 
-0.00064199703 0.0 0.0 0.0 
-0.00013287095 0.0 0.0 0.0 
-0.0018020704 0.0017696341 0.0 0.0 
0.0011205111 0.0 0.0 0.0 
0.0023028676 0.0 0.0 0.0 
0.0015735707 0.0 0.0 0.0 
-0.0027659554 0.0 0.0 0.0 
0.0025937841 0.0 0.0 0.0 
-0.00014264528 0.0 0.0 0.0 
0.003225199 0.0 0.0 0.0 
0.0007029489 0.0 0.0 0.0 
0.0044657453 0.0 0.0 0.0 
0.006227282 0.0 0.0 0.0 
0.0038936813 0.0 0.0 0.0 
0.0012496879 0.0 0.0 0.0 
-4.6331177e-05 -0.0013281868 0.005503241 0.040907882 
-0.0010138681 0.0 0.0 0.0 
-0.00086887984 0.00016404066 -0.0025139758 0.05416113 
0.0039490033 0.0 0.0 0.0 
0.004029581 0.0 0.0 0.0 
