0.00030536795 0.005134046 -0.05095406 -0.62147206 
-0.0010118673 0.0017251199 0.0 0.0 
-0.0012916079 -0.005152091 -0.018100042 0.015957855 
-0.0007425198 0.015496542 0.04834855 -0.36351162 
-0.0003174307 -0.0038845206 0.039575003 0.09146716 
-0.0034074027 -0.012421583 -0.01252144 -0.1136435 
-0.0020582308 -0.0041410564 0.0064824284 0.057481542 
0.0009790357 0.010922972 0.028817035 -0.9012598 
0.0019651179 0.009765957 -0.02127634 -0.35254493 
-0.0068917735 -0.0061764666 -0.0027332567 -0.41140074 
-0.0008034504 0.0040151724 -0.014578303 -0.1447652 
0.0011875175 -0.0052674054 0.015759766 0.09243671 
-0.0023013735 0.0015982768 -0.0015310277 -0.01712054 
-0.0048370315 -0.010294092 0.009541497 -0.06480193 
-0.0010524263 0.0015982768 -0.00047860178 -0.017120557 
-9.199512e-05 -0.0022739149 -0.00981725 -0.0056032166 
-0.0027697803 -0.0064974935 2.6482157e-06 0.0013224483 
-0.0021495267 0.0026393104 0.017290093 -0.19511026 
0.000867309 0.0037912887 0.010332942 -0.66287094 
-0.005174236 0.002249894 -0.0058118757 -0.10394971 
0.0027715587 0.002249894 -0.011354993 -0.10361982 
0.0015876435 -0.008099438 0.013777638 -0.0817139 
0.0024791325 -0.011173472 -0.018646061 -1.1191756 
-0.00040056978 0.005944255 -0.15755217 -0.82752186 
0.002255946 -4.0573534e-05 -0.051241405 -0.41382325 
-0.0014799857 0.00029023067 0.005682968 -0.025580775 
-0.0044384534 0.010774409 0.010335872 -0.021936685 
0.002669232 -0.0077871303 -0.017169373 -0.12324236 
-0.0023702085 -0.0048469277 0.018534388 -0.27719164 
0.0015357718 -0.00253815 0.0005042972 0.24571398 
0.0018579605 0.009404292 -0.026081216 -0.061724648 
-0.0008801953 0.0025114585 -0.045335263 -0.17369664 
0.0010677993 -0.0013281868 0.014427934 0.027256548 
0.0025175218 -0.001639999 0.01755482 -0.016706161 
0.0026089866 -0.002599977 -0.021730639 0.06856614 
-0.0031921573 -0.0062911958 -0.12828411 -4.1943035 
0.0024206727 0.0020093126 -0.0013360782 -0.0114332475 
-0.00015203882 -0.015525201 0.009160467 -0.14218298 
-0.005541506 0.013978612 0.07883274 -0.42355335 
0.0019312834 0.03410833 -0.00065876916 -1.279782 
0.0018842521 0.018300243 0.016820539 -0.47218412 
-0.0019876694 0.0033835126 0.018367715 0.058269866 
-0.0028260686 -0.0013002353 0.03577419 -0.34064442 
0.0029654952 -0.00020663557 -0.045646444 -0.57997954 
0.0025982233 0.0080286935 0.01440794 -0.173482 
0.0007231309 0.008957582 -0.0043485165 -1.1493046 
0.00057083427 0.0013424555 0.030457044 -0.017104447 
0.0032267866 -0.0035854352 0.04859622 -0.009590387 
0.0003441253 -0.008631417 0.019708373 -0.21865112 
0.006098512 0.0014326228 -0.06688284 -0.62012064 
0.0028720999 -0.0014835754 0.017447665 -0.10651469 
0.0025554325 -0.0026931479 -0.03405377 -0.27411002 
-0.002592372 0.0028905573 0.0061592516 -0.080123946 
-0.0048666224 0.000867309 0.012421865 0.013712868 
-0.0020007992 0.0026007274 -0.034883577 -0.30465597 
-0.0010885418 0.00022710585 -0.01763759 -0.029055752 
0.0010357888 0.009238189 -0.01114206 -0.3687997 
-0.0013281868 0.0062202476 0.0428288 -4.603609 
0.0028752047 0.0066265725 -0.056589935 -0.33483058 
0.00023237315 -0.0012898508 -0.0049019773 -0.24967146 
-0.0032933955 0.0074904547 -0.052319825 -0.43401217 
-0.003658497 0.0009108045 -0.038306355 -0.20915711 
0.005073308 0.0029936004 -0.012685439 -0.30160052 
0.002138143 -0.0013281868 0.013301719 -0.0370629 
-0.0019211015 0.018362122 0.05746571 -0.39173335 
-0.0022273764 0.00035534764 0.016514868 -0.07087609 
0.002101925 -0.0057032183 -0.009024192 -0.13448372 
0.000315782 -0.0070048794 0.031063609 -0.27578366 
0.0001548581 -0.0025865415 0.0003939937 -0.015928678 
0.0008718816 -0.004425018 -0.11117457 -0.35371616 
-0.00059683464 0.0029815645 0.01640036 0.017081073 
0.0029815645 0.015803525 0.017081056 -0.62119555 
-0.0010871205 -0.0064165564 0.01874654 -0.38236234 
0.0025299152 0.0073774015 0.0076267323 -0.07464588 
-0.0053360295 -0.0027790032 -0.03132619 -0.086378306 
0.0050839474 -0.0014202218 0.0022952557 -0.18429792 
0.0035324355 0.0001600136 -0.030849878 -0.013128333 
-0.001227513 0.010324793 -0.012885779 -0.87513614 
-0.0026521133 -0.006187308 0.023954261 -0.4901937 
0.003267904 0.0 0.0 0.0 
0.00057694054 0.0023854026 -0.01243886 -0.04569328 
-0.00013959919 -0.0029193675 0.055476394 -0.024618 
0.0013618548 -0.0069217267 0.03678195 0.03036499 
0.0015156047 0.0040151724 -0.021716049 -0.16196804 
0.0020905328 -0.0010919432 -0.017144423 0.07333192 
-0.0028209656 0.0016425647 -0.01789109 -0.08362717 
-0.0018212919 0.0002349033 0.022683626 -0.100127086 
-0.0019702401 0.0027140586 0.00643587 -0.071859695 
0.002221674 -0.002182923 -0.0026529282 -0.0026870556 
0.0013391173 0.002221674 -0.00032988313 -0.02819971 
0.002460952 -0.00045938432 -0.032013115 -0.19865422 
-0.0038680048 0.0019758125 0.06184519 -0.056672186 
-0.0026885055 -0.00024916514 0.033889394 0.025180034 
-0.005003718 -0.0018212919 0.0 0.0 
-0.009072224 0.0042712977 0.031080898 -0.36647904 
0.0001354511 0.0025607008 0.00964433 -0.1592443 
0.0015730138 0.0025607008 0.0080713155 -0.15924415 
-0.00022643061 0.0025607008 0.008297747 -0.15924418 
0.00051685347 0.00035045343 0.016559005 -0.45674932 
0.0021469465 0.00051685347 -0.0017964928 0.016558997 
0.00089073996 -0.0038649421 -0.024187928 -0.0794607 
-0.0013687569 0.00054564467 -0.012217917 -0.3818708 
-0.0023401172 0.002859504 -0.02419288 -0.042563535 
0.00057246856 -0.0026907006 -0.058539126 -0.13108817 
-0.0012791185 0.0019378582 -0.086426094 -0.031991184 
-0.0031774815 -0.012611528 0.052358177 -0.2100684 
-0.0004623896 0.0047763973 0.011463855 -0.07381988 
0.0006305876 -0.0019055229 0.0073139626 -0.004902806 
-0.0019030541 0.0012645408 0.003336286 0.041631505 
-0.0027817376 0.011653418 -0.01297012 -0.8258529 
0.0015358439 -0.00032988313 -0.028366797 -0.056990307 
0.0013589897 -0.0039290483 -0.032657597 -0.18185201 
-0.0015323947 -0.00045938432 -0.029111959 -0.20223925 
-0.003504429 -0.0030081593 0.027155265 -0.11509779 
0.0010656794 -0.003682531 -0.057289857 -0.5400056 
0.0026328329 -0.006239417 0.09361557 -0.57081926 
-0.0016941883 -0.003367506 0.0112616215 0.020936728 
-0.0050781765 0.013122205 0.1030576 -0.5800042 
0.0027858405 -0.011346021 0.03423709 -0.08871454 
-0.004841812 -0.005892396 0.021394389 -0.15474969 
0.0043209484 0.000730564 -0.006845358 0.17145438 
-0.0023370099 -0.008693872 0.0014852546 0.013827771 
0.00076855096 0.002815454 0.03398773 0.06925272 
0.0034024671 -0.00015203882 -0.010325566 -0.006571632 
-0.0032487076 0.0 0.0 0.0 
-0.0013706618 -0.010126678 -0.06507301 -0.3952766 
0.00436085 -0.010896364 -0.0011930959 -0.47960877 
0.0025026517 0.0028943054 0.004478083 -0.17944449 
-0.0019213412 -0.005345255 0.17074624 -1.6925173 
0.0014440665 -0.0101859495 -0.0056011975 0.037544064 
0.0010395176 -0.0025155977 -0.0032876302 -0.11633299 
0.0039391667 -0.0034118278 0.030911231 0.053312674 
0.005634654 -0.011814998 -0.08301933 -0.80764496 
0.0025955946 7.858337e-05 0.072984934 -0.60510105 
-0.00030861018 -0.0008801953 -0.0044677453 0.015183142 
-0.0015241256 -0.0053587398 0.019073874 -0.18914534 
0.0009971515 -0.0018338221 -0.023858476 -0.19170141 
-0.001675423 0.0051614624 -0.04801662 -0.18581882 
-0.0014707057 -0.009147851 -0.054737993 -0.065727994 
0.00068925164 -0.00347333 0.0040067425 -0.0014081895 
-0.0028778422 0.004696061 0.096627325 -0.37161687 
-0.001532246 -0.002433645 -0.0047591124 -0.021897286 
0.0020241379 -0.003302488 -0.0014692759 0.04739088 
-0.00095428067 -0.021311495 -0.006620452 -0.98170364 
0.0022513543 0.0018842521 0.009744238 -0.027769757 
0.0047091288 0.0030586135 0.004653139 -0.049698517 
0.004066815 0.0 0.0 0.0 
0.0010965143 -0.0039599175 -0.045777585 -0.10703294 
-0.0022151459 -0.004118931 -0.12189303 -0.14772171 
-0.005030495 -0.0037300834 -0.0042502433 -0.31179935 
-0.00010738404 -0.00032988313 -0.023469277 -0.06354332 
-0.0009661682 -0.0013281868 0.030500116 -0.024540976 
-0.0016909553 -0.0022958254 -0.0006029513 -0.079057425 
0.0013037068 -0.0020077005 -0.047729716 -1.4066986 
0.001009352 0.0029103819 -0.054873798 -0.043922275 
-0.0016133399 -0.013020596 0.08074583 -0.10343915 
-0.0026059407 0.0020014076 0.035584815 -0.43568227 
0.0015106845 -0.0004122709 -0.014709786 -0.37575972 
-0.0012436144 -0.0074825506 -0.0051385816 -0.035295054 
-0.002994931 -0.0011681733 -0.017484512 0.009877354 
-0.0041384036 0.014253978 -0.035296097 -0.2893312 
0.0038166777 -0.0013281868 0.011495117 0.0038276762 
-0.003391391 0.0024905151 -0.04377858 -0.078829795 
0.0020394954 -0.004286596 0.012847016 0.0029673874 
-1.2650516e-05 0.0005643286 -0.0027238186 -0.059571408 
-0.0006908069 -0.0013281868 0.015106583 -0.005527027 
0.00037234335 -0.0013281868 0.01473424 -0.0055270717 
-0.003287352 -0.0013281868 0.018021591 -0.0055270344 
-0.0044850428 -0.0005764277 0.025190825 -0.040300503 
-7.484804e-05 -0.0013281868 0.014157273 -0.0034433976 
0.00096533145 -0.0013281868 0.01319194 -0.003443461 
-0.0032918353 -0.0013281868 0.015266395 0.0025882572 
0.0010530634 -0.008328678 0.069975495 -0.049535602 
0.0014140288 0.005400738 0.0035562068 -0.08038655 
-0.005451036 -0.003583812 -0.002785514 0.048368566 
0.0027354248 -0.006358682 0.00028675515 0.032001715 
-0.0018200326 -0.0013281868 0.0028914628 0.038493708 
0.004850974 -0.008539477 0.05080708 -0.4630446 
0.0039216154 -0.0074534887 0.0053489925 -0.0429795 
0.0004016238 -0.0010984186 -0.006094767 -0.012943952 
-0.0018138794 -0.0019213412 -0.0053250673 0.102194905 
0.001223045 -2.96387e-05 0.0003491901 -0.04125297 
0.0017628435 -0.002017174 -0.0049995854 -0.07612023 
-0.0002809538 0.0036254455 0.03577185 -0.2020871 
0.0021341017 0.0040151724 -0.009978743 -0.14620961 
-0.0055380138 -0.0020759467 0.007436039 -0.051971853 
0.0010861767 0.0018842521 0.009986249 -0.038382158 
0.00059456355 -0.007354803 -0.014985323 -0.3252269 
0.003911718 -0.008535384 -0.053697724 -0.5886369 
-0.003006572 0.00043338578 0.011638559 -0.5720427 
0.0016480004 0.0 0.0 0.0 
0.0020113294 -0.0027817376 -0.005587822 0.0074339034 
-0.0031471085 -0.0070792628 0.034042455 -0.13434038 
-0.00093345775 -0.0032377667 0.00871633 -0.018270673 
-0.0032377667 0.010262005 -0.025777157 -0.5216542 
-0.00073031336 0.0017571682 -0.048134252 -0.14857437 
-0.00077969575 -0.004058258 0.018256355 0.08841446 
0.0028327813 -0.0061021093 0.0015904643 -0.07428702 
-0.003557777 -0.003809093 -0.016852245 0.012755433 
0.0016011271 0.0091657825 0.021912932 -0.2315225 
-0.0009913897 0.00019340997 0.011706873 -0.062221438 
0.001858978 0.0036834832 0.061254717 -0.073182166 
-0.0010713428 0.010458447 0.0034011565 -0.25659534 
0.0025880404 -0.023414329 -0.028413609 -0.30249953 
0.0014125983 -0.0041323807 -0.0325369 -0.15146221 
0.0020648853 0.008237739 -0.0103889685 -0.86079633 
-0.0012118375 -0.01382333 -0.049422875 -1.0858812 
0.00054516806 -0.009167962 -0.08294187 -1.3605496 
-0.0016567986 0.0010829323 0.05296635 -0.127532 
-0.0011281342 0.0017501356 0.04563003 -0.6054304 
-0.0013818856 0.00561778 0.01341465 0.15058208 
0.001762122 -0.017490089 0.0787154 -0.73548055 
0.0007872997 -0.009701223 -0.030784018 -0.85440576 
-0.0007027034 -0.012728682 -0.0694874 -0.8357406 
-0.0016308541 0.0011727731 -0.027022725 -0.02810648 
0.0026991682 -0.00010108366 -0.012372747 -0.06821055 
-0.0048211957 -0.0010046703 -0.030501807 -0.2176504 
-0.0015773786 0.0034553495 -0.008159027 0.016137414 
0.0033692177 -0.008276313 -0.014376471 -0.090941265 
-0.002359926 -0.00036924263 -0.014961448 0.029368162 
-0.0044856435 0.0015118663 0.012006259 -0.05354178 
0.00040180734 0.00042790227 0.016397038 -0.10543609 
-0.0033985367 -0.010336107 -0.01549994 -0.035491847 
0.000730564 -0.011890418 0.18635027 -1.2503026 
0.004119316 -6.458827e-05 0.0051865396 -0.012388488 
-0.00272844 -0.004095544 0.0013417373 -0.07660614 
0.0002952577 0.0006438455 0.0016555944 -0.06976855 
0.0008134571 0.00020933151 0.012593299 -0.025462888 
-0.001874722 -0.00095428067 -0.01222707 -0.0019730385 
0.0016861038 -0.007619646 -0.0014634924 0.002594329 
0.0014594697 -0.004452461 -0.0021730277 0.00018381816 
-0.00023147334 0.0011288521 -0.0077592917 -0.090474755 
0.0009103936 -0.003534506 -0.059840277 0.07216862 
-0.0015448339 0.0013636183 0.0022118436 -0.34730327 
0.0021993208 0.004641612 -0.02174517 -0.039955273 
0.005901545 -0.0016998441 -0.021454241 -0.42208165 
0.0042799483 -0.0020910553 0.0039306534 -0.077512056 
0.0031735932 -0.0011325309 0.0276489 -0.2574044 
0.0020246159 -0.0024269116 -0.00017108927 0.00560477 
0.00051382254 0.0020757755 -0.012734026 -0.13549817 
0.0011155885 -0.008906846 -0.06324455 0.054723173 
-0.0006094042 -0.015109753 -0.014582083 -0.92606664 
-0.0006281935 -0.0062277964 0.024604604 -0.34787324 
0.0010793016 0.005305674 -0.022236384 0.12717527 
-0.0031861986 -0.0011368784 -0.007351817 -0.01668135 
0.0010383034 0.0075621596 0.02729209 0.09702868 
-0.00064223126 -0.00654508 -0.0032717886 -0.06939069 
1.6804033e-06 0.00054516806 -0.00511074 -0.011842718 
-0.004813848 -0.00032988313 -0.022380214 -0.0668415 
0.004056257 0.00012279766 0.020529304 -0.061684385 
-0.005238235 -0.00014581907 -0.0024702363 -0.15114513 
-0.000816023 -0.0016636401 0.001776062 -0.23004961 
-0.00041113867 0.0020648853 0.006371212 0.019820252 
-0.007855959 -0.00053774123 0.044310354 -0.18029666 
-3.6792164e-05 0.007952103 -0.07206078 -0.6461631 
0.0014575975 -0.0025155977 -0.011021153 -0.09999791 
0.0006713078 0.00034676757 0.009446191 -0.06273854 
0.00089918653 -0.002856252 -0.051318392 -0.23533882 
0.0011448655 0.00010935424 0.008719154 0.07409955 
0.0021665068 0.011866186 -0.07151235 -0.40323752 
0.0005850827 -0.003790076 -0.018081136 -0.041229993 
-0.0034411957 0.006257594 -0.06302638 0.04724875 
0.0020926388 -0.003459014 -0.076823294 -0.2898987 
0.0016632912 0.0068808477 0.046817243 -0.19934835 
0.0012145027 -0.00736652 -0.032166004 -0.77997756 
-0.0003628925 0.0077779875 -0.034939013 -0.16942194 
0.00047143234 0.0017867325 -0.009713829 0.03889413 
-0.008039491 -0.0012186521 -0.02227996 -0.010895774 
0.00050475553 -0.00039838627 0.038704976 -0.9017923 
-0.001040485 -0.0021852897 0.043103706 -0.049483877 
0.004784566 0.00085178716 -0.008432896 0.115334734 
-0.0031966933 -0.0012583236 -0.0142645165 -0.08886007 
-0.0027008841 -0.0011918263 -0.003052758 -0.0643481 
-0.001867946 -0.0011244218 -0.049250774 -0.7353144 
-0.0013029929 -0.0045492407 -0.0039605917 -0.07144117 
0.00019312734 0.0041790814 -0.12564035 -0.8361246 
-0.0007430626 -0.003325156 -0.045885682 -0.2169801 
-0.0013217586 -0.0045113745 -0.028819896 -0.5676398 
-0.002878062 -0.0040403293 -0.013114308 -0.07351879 
0.004259846 0.0018557659 -0.009245576 -0.15592092 
0.006545412 0.0006438455 -0.004889818 -0.06976854 
-0.0023591865 -0.0004419614 -0.013673848 -0.10360587 
0.004059918 0.0011823293 0.02843081 0.018902421 
0.002214 0.0056260717 -0.023725461 -0.83663285 
-0.0048864298 0.0020926388 0.007153593 -0.032537803 
-0.0027086993 0.032409288 0.035431363 0.16650844 
0.0015579036 -0.0023908613 0.026086362 0.15834258 
0.0019303436 0.0001600136 -0.036759425 -0.0038175797 
0.0017251199 -0.0010118673 0.0 0.0 
0.00037971875 0.0012145027 -0.020867353 -0.038911894 
0.0015974621 0.0025494278 -0.004855484 0.020795345 
-0.0011528026 -0.007396308 -0.013824962 -0.7837489 
-0.0017283306 0.0056550307 -0.019126385 -0.048281863 
0.002749906 -0.010745328 0.043985214 -0.24026412 
0.0037753312 0.0016856608 0.00038004667 -0.0033357479 
-0.001837281 -0.0053730337 -0.0047312565 -0.2054699 
0.0007575254 0.009322715 0.0131937675 -0.1059523 
0.0019326598 0.00034676757 0.0074723233 -0.071936145 
0.0012773769 0.0034965642 0.03644116 -0.28354406 
0.0033104208 -0.003110035 -0.01504403 -0.15562522 
-0.001747955 -0.026886912 -0.012661915 -0.6399299 
-0.0011385536 -0.009807579 0.017371217 -0.2259613 
0.004500782 0.0023836528 -0.017675254 -0.37371457 
0.0018846166 -0.0035061862 -0.045613334 -0.29776454 
0.0051180245 0.0018729102 -0.044573177 -0.45721853 
0.002403417 0.00021983543 -0.0065944185 -0.07053834 
-0.0022083945 -0.004355553 -0.049861323 -0.2576639 
-0.00410916 -0.001867946 0.0001749855 -0.05002521 
0.004841407 -0.00018185691 -0.012703616 0.03501475 
-0.0013338819 -0.00010755989 -0.008818711 -0.049440376 
0.0010476687 -0.004095544 -0.0056074774 -0.07811378 
0.0011400128 0.00029846025 -0.023655273 -0.5758591 
0.00055273465 0.03665127 -0.14906475 -1.4669746 
0.00033585622 0.009823819 -0.08235422 -0.5772028 
0.0004007379 -0.016781576 -0.051731456 -1.9998214 
-0.00013562347 0.0038393592 -0.004907533 0.0007586088 
-0.0023443757 -0.0024265256 -0.22124295 -2.9527154 
0.000197374 0.009065614 -0.023224305 -0.70301384 
0.00057947333 -0.0022249792 0.039578103 0.017220423 
0.0044699763 0.006634256 -0.053464387 -0.17941518 
-0.0014723282 -0.018545672 0.0339332 -0.24823132 
-7.903535e-05 0.00034676757 0.002517346 -0.084274024 
0.00045669146 -0.0010047387 0.018838108 -0.34285867 
-0.0013066779 -0.00093261956 -0.0316082 -0.23053083 
-0.0010113623 -0.0020172172 0.03913752 -0.24197698 
0.00012561484 0.0074895173 0.06619716 -0.5468638 
0.00090553623 -0.0008779224 0.027878337 -0.32229656 
-0.0032852644 -0.0022958254 -0.00042938627 -0.06959509 
0.000120613164 0.00037185568 0.0018172413 -0.18496993 
0.0011699836 0.00086537964 -0.074145555 -0.11936456 
-0.0016878285 0.010490446 -0.0600665 -0.24082084 
-0.0034618806 0.0045771366 -0.05441095 -0.26841158 
-0.0018136887 -0.00019999822 -0.042416815 -0.15495801 
-0.00019518772 -0.008031474 -0.0045670243 -0.083571464 
0.0025645748 -0.00045938432 -0.034086403 -0.2040605 
-0.00027469828 0.0 0.0 0.0 
0.004834872 -0.00024916514 0.028993178 0.07196347 
0.0018541459 -0.0052098357 0.006684028 -0.024501301 
-0.0023026795 0.0004011374 0.045458153 -0.37467855 
-0.00036022466 -0.00011481957 -0.00785 -0.0134948045 
0.004303845 0.00017597209 0.0049212407 -0.03949368 
-0.0024294227 -0.003576767 0.006602291 -0.0027584732 
-0.00083971536 0.00041395891 -0.035615623 -0.04084398 
0.0013633254 0.00034676757 0.0033360883 -0.0899093 
0.0044830865 0.00034676757 -0.0011469978 -0.089909285 
0.0020226636 0.00034676757 -0.0031696614 -0.08990931 
-0.00070493476 -0.0043711746 -0.019496992 -0.5961271 
-0.0010950346 -0.004257715 -0.039168913 -0.5347612 
-3.1559463e-07 0.0016856608 0.0038632918 0.0053644963 
-0.0010816505 -0.0055446653 0.020098181 0.016386986 
-0.0016000096 -0.0030220975 0.037602827 0.035943 
0.00027689303 -0.0037773238 -0.00020112842 0.0088031795 
0.0018476602 -0.004856714 -0.009557953 -0.028064758 
-0.0020478352 0.0027947288 -0.004674106 -0.0380866 
0.00026752206 -0.021549918 0.11612226 -0.26764375 
-0.00059899234 0.00026752206 -0.019006805 0.10896812 
0.002107368 0.0024120025 0.0287245 -0.09207531 
0.0023115766 0.0004484814 -0.011731443 -0.8989667 
-0.0009730422 -0.0021757924 0.0037414273 -0.05627861 
-0.00051225844 -0.004757354 -0.0011515074 -0.010991375 
0.0034369132 0.0001600136 -0.033721987 -0.02353685 
0.0040400326 0.005787502 0.013046715 -0.05409363 
0.0014393349 0.00033598568 -0.031679414 -0.06319052 
-0.0013912485 -0.0038630685 -0.008936396 -0.19129431 
0.0035803244 -0.0065902965 0.034938 -0.09883027 
0.0033414664 -0.00513516 0.014893828 0.016152859 
-0.002151683 -0.0004977423 -0.07401515 -0.0937596 
0.002506111 0.002970011 -0.049250662 -0.052542057 
0.0027307873 0.0023252952 -0.006241371 -0.08548699 
-0.00027851193 0.006098512 -0.001763993 -0.0066448413 
0.002205736 0.0017330658 0.003086458 -0.026571117 
-0.0014202449 0.006896168 0.02586356 -0.021766886 
-0.0029584093 0.0020394954 0.0 0.0 
0.0021411218 -0.0067816023 0.015663266 -0.01687999 
-0.00013593255 0.002212694 0.019393 0.011508048 
-0.002224987 -0.0018600228 0.026376538 0.051897526 
0.0025247184 -0.00072015636 0.0029814867 -0.09489083 
0.0042841467 0.01595241 0.054608256 -0.50492173 
0.0048113726 0.0054683695 -0.05130887 -0.6002346 
0.0031381203 -0.0015393498 -0.0028271973 -0.2332494 
-0.00033129373 -0.020229777 -0.0029318035 0.049263 
-0.002190473 -0.0023443757 -0.0022286111 -0.066230774 
0.0002944976 -0.0008044792 0.014236761 -0.028874632 
0.0006265548 0.0047762766 -0.02284443 0.0035433983 
-0.0017176596 0.0025166483 -0.0024893987 -0.07931374 
-0.0023782344 0.0004007379 -0.014523848 -0.048957087 
0.00024774636 0.0041225837 -0.00485109 0.008820586 
-0.0011236629 0.0040151724 -0.010942732 -0.11714451 
0.001376094 -0.0019213412 -0.010934243 0.05547122 
0.009172828 -0.0038256533 0.012451272 -0.325778 
0.002548923 -0.0076149954 0.0069072917 -0.38538536 
0.00016442384 -0.007032084 -0.0042784833 -0.26398474 
-0.0009704946 0.000292958 0.021763012 -0.008264748 
0.0037085782 0.0054954565 -0.009259159 -0.15588549 
-0.0010476675 -0.0006770008 0.0035677352 -0.09508822 
0.005499604 0.0013019217 -0.022511264 -0.27503222 
0.003604871 0.006708403 -0.008878759 -0.0056183226 
-0.0020329177 0.0041174935 -0.04579512 -0.29044843 
-0.0019527461 0.00034676757 -0.016340017 -0.062285453 
-0.0009406811 0.000633209 -0.06913437 -0.18868947 
-0.0002285448 0.00703567 -0.009347778 -0.2506337 
-0.00085170567 0.0 0.0 0.0 
-0.0009317365 0.0020648853 0.009998208 -0.0062694605 
0.0016684269 0.0031832058 -0.006157409 -0.053614814 
0.00043568294 0.010411382 -0.0016956199 -0.44745803 
-0.00085945043 0.0032391218 -0.022019207 -0.057394285 
-0.0012948296 0.0047545596 -0.008303149 -0.15828776 
-0.0010984186 -0.008095799 -0.017747073 -0.12837842 
-0.0027976846 -0.0010984186 -0.0031937123 -0.021382816 
-0.0047748294 0.0007854032 -0.026221363 0.0988121 
0.0033426182 -0.007122552 0.0031377045 -0.008961275 
-7.5538887e-06 -0.0025422443 0.03707667 -0.08640512 
0.003379139 0.0 0.0 0.0 
-0.00010230712 0.0015129569 0.013897059 0.24597296 
0.004678023 0.0009518579 0.022306338 0.119299605 
0.0037250489 -0.001575448 -0.02356514 -0.1131659 
-0.0024479828 -0.02062317 0.011709493 -0.084102064 
-0.0021854867 0.0025186026 -0.015430074 0.013549 
-0.00014953851 0.008599594 0.0009702798 -0.15989248 
0.00063422765 -8.1493105e-05 0.016620899 -0.022214286 
0.000850971 0.0059029087 -0.012155073 -0.3024161 
-0.0012507825 -0.0009574444 -0.014302847 -0.008594446 
0.0010396031 0.005725211 -0.0021407306 0.042542875 
-0.005023022 2.4610405e-05 0.00023914664 -0.051399857 
0.0019762302 -0.00039966707 -0.0040308163 -0.022515772 
0.0028557444 0.0039663184 -0.023892432 -0.25588435 
-0.0006472424 0.0014018782 -0.014609861 -0.12374189 
0.0013156233 0.0036216574 -0.0064233243 -0.17139369 
-0.00038510948 0.0045684427 0.048110504 -0.073639475 
-0.0016112212 -0.002042121 -0.009429539 -0.06050387 
-0.0024898974 -0.0041933693 -0.0129378885 -0.08190956 
-4.9639693e-05 0.00078336184 0.00017886609 -0.13865215 
0.002213383 -0.00029993994 -0.002793469 -0.025383756 
-0.0020630544 -0.0016133399 -0.01664557 0.08483544 
0.0023003214 0.0 0.0 0.0 
0.00082458684 -0.0026742588 -0.025580678 -0.07030498 
-0.0004475289 -0.00946513 -0.024017233 -0.050543338 
-0.00069029426 0.0026093335 -0.0153654935 -0.018978389 
0.0021946381 -0.001823151 -0.087027326 -0.06787075 
0.0022701728 0.0007429351 0.003248245 0.007073164 
-7.144418e-05 -0.0033660203 -0.050045192 -0.0722003 
0.0029942545 0.0041260323 0.0017891647 -0.012135387 
-0.00067770795 -0.0052496633 0.021012774 -0.005357757 
0.0016804499 -0.0055056373 -0.0050482587 -0.24113125 
-0.002533197 0.0021146552 -0.011895273 -0.012050793 
0.00073401275 0.0 0.0 0.0 
-4.1066756e-05 -0.0019137245 -0.0662134 0.126578 
-0.004308071 -0.0054082936 -0.0320514 0.027020678 
-0.0026656224 0.002240917 0.029252235 -0.082655944 
0.00087179977 0.019877132 -0.0140684545 -1.5992136 
0.0027635724 -0.0021908013 -0.030690763 -0.18289956 
-0.00097401644 0.0026951632 0.008122092 0.025633976 
-5.5845252e-05 0.0013119149 -0.0044895643 0.011811914 
-0.0010119773 0.0060553094 0.07950321 -0.04852563 
-0.0030567816 0.0014308284 -0.016788203 0.056964368 
0.004461891 -0.004095544 -0.0077249925 -0.07638583 
0.0030766802 -0.004289077 0.026534364 -0.07395912 
0.00059263106 -0.0034565446 0.022863928 0.11760198 
-0.00073521835 -0.0024885992 0.008523221 -0.10104184 
-0.0016870191 -0.004308071 -0.0040744157 0.002581729 
-2.829138e-05 -0.002491179 -0.01127269 -0.13269803 
0.0038869346 0.008575535 0.011451846 -0.12518924 
-0.0039636157 0.00074750546 -0.0134387715 -0.10061251 
-0.000884871 -0.008636491 -0.039688636 -0.15329283 
0.0010260977 0.013184093 -0.03656111 -0.12604558 
-0.005472316 0.01759547 0.042114332 -0.21021962 
-0.0034883746 0.00034676757 -0.010790018 -0.09310065 
-0.0039935964 0.0070083374 0.008978205 -0.106853664 
-0.00010755989 -0.014171595 -0.06447449 -0.8969897 
-0.0019632035 0.015130884 0.01700837 -0.4220251 
-0.002526472 0.0010602167 0.00964904 -0.24695249 
0.005049617 -0.008163583 -0.010703588 0.07575303 
0.0018676859 0.0061592343 -0.03649459 -0.20927024 
-0.00075434084 -0.007352764 0.009585347 0.029660525 
-0.00078467536 -0.011522468 -0.013965741 -0.12397142 
0.00082402525 0.007500645 -0.0008709412 -0.054240305 
-0.004396397 0.00053948606 -0.009943221 -0.068780266 
0.0006418109 0.00034676757 -0.011324271 -0.085125804 
-0.0055196323 0.0004007379 -5.0472678e-05 0.000505398 
0.00031065178 -0.0017215828 -0.08319411 -0.70568335 
-0.00039590028 0.0026405563 -0.027307406 -0.18705557 
0.00081690995 0.002102144 0.040335305 -0.29825586 
-0.0025253824 -0.00029993994 -0.0002680868 -0.025383752 
-0.0004734506 -0.0010214397 -0.049680226 -0.0024506897 
0.00020901306 -0.0033288498 0.0030402243 -0.23698573 
-0.0017434971 -0.0021970868 -0.014665427 -0.060220327 
0.0042801294 0.0005206053 0.0 0.0 
0.0025078694 -0.00220536 0.0017785482 -0.009744201 
0.00031487813 0.008655856 -0.030098304 -0.057032228 
-0.0029025322 0.005499604 0.00070731156 -0.015571227 
-0.004095544 0.0034741217 -0.102516815 -1.1392338 
-0.0020234904 0.0024869028 0.013083972 -0.0845806 
-0.0021648358 -0.007942487 -0.017205661 0.07473208 
0.00035589378 -0.0043195947 0.0042818403 0.016210567 
-0.0009921829 0.0019312834 0.0041631274 0.008035544 
0.004713434 0.011129559 0.009517802 -0.08659074 
0.0014871295 0.009019768 -0.010415437 -0.13041192 
0.0038358872 -0.0049773576 -0.008504994 -0.05550003 
0.0021754254 0.0042841467 0.018262308 0.010487482 
-1.601893e-05 -0.0068917735 -0.010074565 -0.017150924 
0.002135431 -0.015923837 -0.041497715 -0.7272192 
-0.002745689 -0.0041334936 0.062579066 0.009793162 
-0.0008995864 0.0015118663 0.0059818514 -0.062932074 
-0.0014175316 0.0044934307 0.017153064 -0.049481284 
-0.0003844247 -0.00023608864 0.0016255155 -0.04978262 
0.00075909926 0.0075642536 0.025516778 -0.37928683 
-0.0036672947 0.0025078694 0.0 0.0 
-0.0006455396 0.0029815645 0.010399222 0.013450782 
0.0015172242 -0.001747955 -0.008547319 -0.0050459653 
-0.003272001 -0.001747955 -0.0014362559 0.012128556 
-0.0032089 -0.001747955 -0.0019524046 0.011842361 
-0.0043914253 -0.001747955 0.0024390197 0.011842366 
0.001775589 0.008356256 -0.021080708 -0.37687737 
0.003715197 -0.001747955 0.006434058 0.0035285838 
0.0023759764 0.0013501998 -9.373389e-05 -0.029075978 
0.0058711744 0.00044933666 0.03333544 -0.12988862 
0.0032855105 0.006360528 -0.048511073 -0.15251489 
-0.002424144 0.002584723 -0.0138707915 0.035006218 
-0.0019341293 0.002584723 -0.011936663 0.03500622 
-0.0006074182 0.002584723 -0.011329244 0.035006225 
-0.0007386421 0.0001600136 -0.04020591 -0.036672413 
0.0007222437 -0.0020909067 -0.022622392 -0.12575683 
0.00013679481 0.0032855105 -0.0012269855 0.013538584 
-0.0005442374 0.006460826 -0.029075455 -0.45896688 
-0.0004519423 0.0015935522 0.013767625 -0.15711585 
-0.0015693686 0.002584723 -0.009759875 0.035006225 
0.0007602266 -0.0024427553 0.008122569 -0.009048656 
-0.0009516944 0.002584723 -0.008808182 0.035006218 
-0.0015747679 0.00069641124 -0.021491872 -0.026975527 
0.0016055377 -0.00049800065 0.00070242584 -0.07085517 
-0.0056846878 -0.005887916 0.012942737 0.009500567 
0.00081392087 0.00034676757 -0.008042647 -0.09098941 
-0.0036401614 -0.0014984565 -0.037726015 -0.02065041 
-0.0031786535 0.00013167819 -0.0018577026 -0.07758145 
-0.0037963972 -0.00088741945 0.0004237406 0.12879771 
0.0008749615 0.00039792145 0.019395817 0.08343543 
0.0008995409 0.001762122 -0.0053006895 0.0029075402 
-0.0011860274 0.0024116528 -0.0068566184 -0.09098941 
0.0006763935 -0.00032988313 -0.020753479 -0.051285125 
-0.0001491078 -0.0011835861 -0.0028704943 -0.014020851 
0.0008108088 0.007740138 0.010418038 -0.147982 
-0.0009048656 0.002548923 -0.0020329177 -0.0008970528 
-0.00042817777 0.0038573786 -0.039613973 -0.17711994 
0.0012846831 0.002558157 -0.014977241 0.011550397 
-0.0005829142 0.0017594136 -0.037982702 -0.029297775 
0.0035803744 -0.005055462 0.055747386 -0.41526115 
-1.7001115e-05 -0.0025865415 -0.0030066923 -0.013419019 
-0.00087664515 0.008833039 0.04914932 0.06848643 
0.00014614314 0.001945473 0.020601394 0.11194758 
0.0009543173 0.00056066306 -0.008608599 -0.040163875 
-0.0005752753 0.00036054396 -0.00041057123 0.041132763 
0.00188189 -0.0020234904 0.00049660756 0.007884406 
0.0006971647 0.0081487615 -0.042100802 -0.13112412 
-0.004560708 -0.004607127 0.014768124 -0.33605888 
-0.0042930585 0.004850974 -0.00030550797 -0.00456778 
0.002888359 0.0004007379 -0.002239123 -0.007165109 
-0.00073048123 -0.00045938432 -0.035389677 -0.18341464 
-0.0020089028 0.0 0.0 0.0 
-0.00073977764 -0.00013953005 -0.017549198 0.039838307 
-0.0013507402 0.0043063336 0.00051848777 -0.14068846 
0.0018416919 -0.0017740172 -0.004183208 -0.06322797 
-0.0028174797 0.00084050884 -0.003359227 -0.0032113113 
-0.0003075692 0.00017597209 0.006474171 -0.06766897 
-0.0018189579 0.0034458952 -0.0345496 -0.2789225 
0.0030883655 0.00034676757 -0.008126024 -0.0886174 
-0.00021429548 0.0057693347 -0.049075674 -0.28308454 
0.000731841 0.0064473255 -0.008698139 -0.23625237 
0.00049660756 -0.001750356 -0.029935956 -0.40738687 
-0.0017474744 0.003450121 -0.004682746 -0.118165225 
-0.0021102459 -0.0031956632 0.012857012 -0.117414355 
0.0046194657 0.00049660756 0.0014644035 -0.042627767 
0.004058376 0.00034676757 -0.012466714 -0.09603949 
-0.00541831 0.00313491 0.0021947152 -0.05967902 
0.0025326663 0.008221532 0.009777507 -0.0024420284 
0.0017593238 0.00049660756 0.0001600136 -0.036773503 
0.00030505544 -0.0017365846 -0.0047639217 -0.09175912 
-0.0006256872 -0.00045201974 -0.011595707 -0.018748194 
0.0051230267 -0.0038726716 -0.015996741 -0.08637011 
-0.0014344068 -0.002042121 -0.008645112 -0.065808296 
-0.0035028434 0.013110663 -0.09085909 -0.7162717 
-0.0039899927 0.0018776068 -0.0024210569 -0.00999931 
-0.0027850564 0.0024528592 0.011781834 -0.107381016 
-0.0015479511 0.0037370594 0.0159207 -0.16851056 
-0.00076476875 0.002703169 -0.040758573 -0.13380043 
0.0037200009 -0.0015479511 0.006196478 -0.005767204 
-0.0010847452 0.00017597209 0.0070623085 -0.0750306 
-0.0021446743 0.012282304 0.04052283 -0.27729562 
0.0032171356 -0.004095544 0.0039203204 0.0070279194 
0.0010480486 0.0008218605 0.005210057 0.026934957 
0.0011706777 -0.00014953851 0.0 0.0 
-0.0011846037 0.0 0.0 0.0 
0.0024942304 0.0026991682 0.0 0.0 
-0.0032661937 -0.0016932281 0.014355719 0.059505634 
0.0007708172 0.0011183205 -0.015258009 -0.046227027 
-0.00080842635 0.0 0.0 0.0 
0.0023482663 0.0 0.0 0.0 
0.0033529196 0.0 0.0 0.0 
0.0038226654 0.0 0.0 0.0 
0.003202999 0.0 0.0 0.0 
-0.00019476561 0.0 0.0 0.0 
0.0021879126 0.0 0.0 0.0 
-0.0003314597 0.00916516 -0.0071655363 -0.64751977 
-5.9328922e-05 0.0 0.0 0.0 
-0.0019335045 0.0 0.0 0.0 
0.0017904408 0.0 0.0 0.0 
0.0009014341 0.0 0.0 0.0 
-0.0009963159 0.0 0.0 0.0 
-0.0067762653 0.0 0.0 0.0 
0.0055214525 0.0 0.0 0.0 
0.0011542583 0.0 0.0 0.0 
0.00076766656 0.0 0.0 0.0 
-0.0029957015 0.0 0.0 0.0 
0.0009598849 -0.0035781297 -0.045835465 -0.3919536 
0.0024696854 0.0 0.0 0.0 
0.0028297466 0.0 0.0 0.0 
0.0046222066 0.0 0.0 0.0 
-0.003068162 0.0 0.0 0.0 
-0.0042599197 0.0 0.0 0.0 
-0.005037658 0.0 0.0 0.0 
0.000260377 0.0 0.0 0.0 
0.0017259902 0.0 0.0 0.0 
-0.00036267727 0.0 0.0 0.0 
-0.00078347884 0.0 0.0 0.0 
0.0020760426 0.0016856608 0.004676534 0.040107876 
-0.001642218 0.0 0.0 0.0 
0.001181655 0.0 0.0 0.0 
-0.0021490986 0.0 0.0 0.0 
0.0019302481 0.0 0.0 0.0 
0.0013925931 0.0 0.0 0.0 
0.002092615 0.0 0.0 0.0 
0.0011616624 0.0 0.0 0.0 
-0.0043202303 0.0 0.0 0.0 
7.8928766e-05 0.0 0.0 0.0 
-0.004092955 0.0 0.0 0.0 
0.003534268 0.002133647 -0.00041080173 0.047491923 
0.0010682407 0.0 0.0 0.0 
-0.00042507032 0.0 0.0 0.0 
-0.0013780077 0.0 0.0 0.0 
0.0016929924 0.0 0.0 0.0 
0.0008987614 0.0 0.0 0.0 
-0.002359782 0.0 0.0 0.0 
-0.00078823004 0.0 0.0 0.0 
-0.0015458413 0.0 0.0 0.0 
-0.005037346 0.0 0.0 0.0 
-0.0029986526 0.0 0.0 0.0 
-0.00030878236 -0.00045938432 -0.029499117 -0.20233855 
0.0033722816 0.0 0.0 0.0 
-0.0011294339 0.0 0.0 0.0 
-3.289973e-05 0.0 0.0 0.0 
-0.0019717116 0.0 0.0 0.0 
0.00017740972 0.0 0.0 0.0 
-0.003305805 0.0 0.0 0.0 
-0.0058137444 0.0 0.0 0.0 
0.0016706663 0.0 0.0 0.0 
-4.723722e-05 0.0 0.0 0.0 
-0.0011109787 0.0 0.0 0.0 
-0.0019623209 0.00030536795 -0.00082912605 -0.045173522 
-0.0017676199 0.0 0.0 0.0 
-0.0032027112 0.0 0.0 0.0 
0.0041241203 0.0 0.0 0.0 
-0.0027220503 0.0 0.0 0.0 
-0.00481766 0.0 0.0 0.0 
-0.0008674109 0.0 0.0 0.0 
0.0050243754 0.0 0.0 0.0 
0.0073573696 0.0 0.0 0.0 
-0.0011753961 0.0 0.0 0.0 
-0.0012397701 0.0 0.0 0.0 
-0.0037695167 0.0 0.0 0.0 
-0.0006407531 0.008538576 0.03498228 0.043563247 
-0.0020028304 0.0 0.0 0.0 
-0.0006823092 0.0 0.0 0.0 
-0.0034807764 0.0 0.0 0.0 
-0.0011944978 0.0 0.0 0.0 
0.0008958468 0.0 0.0 0.0 
0.00063444773 0.0 0.0 0.0 
-0.0028481958 0.0 0.0 0.0 
0.0002805392 0.0 0.0 0.0 
-0.002229557 0.0 0.0 0.0 
0.0029471645 0.0 0.0 0.0 
-0.0013784843 0.0028631939 -8.659577e-05 -0.25144827 
0.0043010595 0.0 0.0 0.0 
-0.0043503433 0.0 0.0 0.0 
-0.0033469298 0.0 0.0 0.0 
0.0013163239 0.0 0.0 0.0 
0.0012157267 0.0 0.0 0.0 
-4.796014e-05 0.0 0.0 0.0 
-0.001852555 0.0 0.0 0.0 
0.001460679 0.0 0.0 0.0 
0.0007811592 0.0 0.0 0.0 
0.0043881717 0.0 0.0 0.0 
-0.0013513888 -0.0017768526 -0.037650175 -0.1132873 
-0.00062941504 0.0 0.0 0.0 
0.004462596 0.0 0.0 0.0 
-0.001756704 0.0 0.0 0.0 
0.0022641297 0.0 0.0 0.0 
-0.0017000944 0.0 0.0 0.0 
0.0005596342 0.0 0.0 0.0 
-0.00063981896 0.0 0.0 0.0 
0.00075447845 0.0 0.0 0.0 
-0.002937348 0.0 0.0 0.0 
-0.000790772 0.0 0.0 0.0 
0.005085034 0.0067575728 -0.12609434 -0.54749256 
-0.0019245048 0.0 0.0 0.0 
-6.3144944e-05 0.0 0.0 0.0 
0.0045299046 0.0 0.0 0.0 
-0.0012279669 0.0 0.0 0.0 
8.585782e-05 0.0 0.0 0.0 
0.004117495 0.0 0.0 0.0 
-0.0011786706 0.0 0.0 0.0 
-0.00024340421 0.0 0.0 0.0 
0.0028655734 0.0 0.0 0.0 
-0.000159286 0.0 0.0 0.0 
0.0012201436 0.0 0.0 0.0 
0.0031708642 0.0 0.0 0.0 
-0.005414272 0.0 0.0 0.0 
0.0019271643 0.0 0.0 0.0 
-0.0022561026 0.0 0.0 0.0 
0.00039867402 0.0 0.0 0.0 
-0.00029797465 0.0 0.0 0.0 
0.0005635646 0.0 0.0 0.0 
-0.00096007023 0.0 0.0 0.0 
0.001677889 0.0 0.0 0.0 
0.0009689624 0.0 0.0 0.0 
-0.0037104227 -0.00045938432 -0.025788693 -0.2023386 
0.00054277567 0.0 0.0 0.0 
-0.00423983 0.0 0.0 0.0 
0.002334817 0.0 0.0 0.0 
-0.0050775507 0.0 0.0 0.0 
0.001394052 0.0 0.0 0.0 
-0.0016909742 0.0 0.0 0.0 
0.0062342426 0.0 0.0 0.0 
-0.0024417846 0.0 0.0 0.0 
0.001733144 0.0 0.0 0.0 
-0.0028527065 0.0 0.0 0.0 
0.0004345852 -0.0022073393 -0.016074028 -0.19881 
-0.0004510241 0.0 0.0 0.0 
-0.0037796225 0.0 0.0 0.0 
-0.004232957 0.0 0.0 0.0 
-0.00014125621 0.0 0.0 0.0 
-0.0054895543 0.0 0.0 0.0 
-0.0021454203 0.0 0.0 0.0 
0.0012593146 0.0 0.0 0.0 
-0.00094598497 0.0 0.0 0.0 
0.0003218332 0.0 0.0 0.0 
0.004259029 0.0 0.0 0.0 
-0.0028765227 0.0 0.0 0.0 
-0.0007865488 0.0 0.0 0.0 
-0.0018456461 0.0 0.0 0.0 
-0.0032031753 0.0 0.0 0.0 
-0.0054546283 0.0 0.0 0.0 
0.00075093313 0.0 0.0 0.0 
-0.00432379 0.0 0.0 0.0 
-0.0016299244 0.0 0.0 0.0 
0.0017682808 0.0 0.0 0.0 
-0.001592771 0.0 0.0 0.0 
0.0010018261 0.0 0.0 0.0 
-0.0012836432 -0.001653848 -0.030745022 -0.34068164 
-0.005983676 0.0 0.0 0.0 
0.002823278 0.0 0.0 0.0 
0.003712985 0.0 0.0 0.0 
-0.0032585033 0.0 0.0 0.0 
-0.004407044 0.0 0.0 0.0 
0.008145831 0.0 0.0 0.0 
0.0031058628 0.0 0.0 0.0 
-0.0002900695 0.0 0.0 0.0 
-0.0016802441 0.0 0.0 0.0 
-3.2369328e-05 0.0 0.0 0.0 
0.0004584179 0.0 0.0 0.0 
-0.00059459644 0.0 0.0 0.0 
-0.004359841 0.0 0.0 0.0 
0.005774381 0.0 0.0 0.0 
-0.003163677 0.0 0.0 0.0 
0.0024787239 0.0 0.0 0.0 
-0.006237118 0.0 0.0 0.0 
0.002561352 0.0 0.0 0.0 
-0.0036586954 0.0 0.0 0.0 
-0.002569754 0.0 0.0 0.0 
0.0010773207 0.0 0.0 0.0 
0.0041401405 0.0016856608 0.0019148812 0.036480755 
0.0009020586 0.0 0.0 0.0 
-0.0022118853 0.0 0.0 0.0 
-0.0012030498 0.0 0.0 0.0 
-0.0026958103 0.0 0.0 0.0 
0.0046777087 0.0 0.0 0.0 
-0.0009795091 0.0 0.0 0.0 
-0.0023354234 0.0 0.0 0.0 
-0.002546704 0.0 0.0 0.0 
0.003217183 0.0 0.0 0.0 
0.0012530463 0.0 0.0 0.0 
-0.0007333931 0.0 0.0 0.0 
0.00021280347 0.0 0.0 0.0 
-0.00085097045 0.0 0.0 0.0 
-0.003012175 0.0 0.0 0.0 
-0.0015311468 0.0 0.0 0.0 
-0.0006785716 0.0 0.0 0.0 
0.003310507 0.0 0.0 0.0 
0.0026520127 0.0 0.0 0.0 
-0.0009767733 0.0 0.0 0.0 
-0.0029547294 0.0 0.0 0.0 
0.004314958 0.0 0.0 0.0 
-0.0016575803 0.0 0.0 0.0 
-0.0022329884 -0.0075170007 -0.0018224642 0.067537665 
-0.0022651707 0.0 0.0 0.0 
0.0022190728 0.0 0.0 0.0 
-0.0016745849 0.0 0.0 0.0 
0.00021155537 0.0 0.0 0.0 
0.0025745684 0.0 0.0 0.0 
-0.0007103488 0.0 0.0 0.0 
-0.0010810789 0.0 0.0 0.0 
0.005958157 0.0 0.0 0.0 
0.0007352861 0.0 0.0 0.0 
-0.0017849895 0.0 0.0 0.0 
0.0058962847 -0.0052153473 0.022165153 -0.31051153 
0.0010842767 0.0 0.0 0.0 
0.004118114 0.0 0.0 0.0 
0.0013029687 0.0 0.0 0.0 
-0.0010038433 0.0 0.0 0.0 
-0.00014775437 0.0 0.0 0.0 
-0.004248139 0.0 0.0 0.0 
-0.0014263764 0.0 0.0 0.0 
0.0041303965 0.0 0.0 0.0 
-0.002784963 0.0 0.0 0.0 
0.0059131784 0.0 0.0 0.0 
-0.0024229689 -0.002703199 0.028556196 -0.1563529 
-0.00035063474 0.0 0.0 0.0 
0.0040264525 0.0 0.0 0.0 
0.00072241353 0.0 0.0 0.0 
-0.0029562954 0.0 0.0 0.0 
-0.003519875 0.0 0.0 0.0 
0.0014851909 0.0 0.0 0.0 
0.0019482855 0.0 0.0 0.0 
0.00076599914 0.0 0.0 0.0 
-0.00013330593 0.0 0.0 0.0 
-0.0010041134 0.0 0.0 0.0 
0.0037808418 -0.007405867 0.030683719 -0.26730102 
0.00066017016 0.0 0.0 0.0 
0.0006533104 0.0 0.0 0.0 
0.0026589648 0.0 0.0 0.0 
-0.003184938 0.0 0.0 0.0 
0.00012604667 0.0 0.0 0.0 
0.0026350385 0.0 0.0 0.0 
-0.00036024777 0.0 0.0 0.0 
0.0022742962 0.0 0.0 0.0 
0.005901315 0.0 0.0 0.0 
-0.0026842873 0.0 0.0 0.0 
6.45205e-06 -0.028252773 0.034183502 -0.3669315 
-0.00198492 0.0 0.0 0.0 
0.0026231555 0.0 0.0 0.0 
-0.0028117318 0.0 0.0 0.0 
-0.0002761279 0.0 0.0 0.0 
0.002225211 0.0 0.0 0.0 
0.0022352526 0.0 0.0 0.0 
0.0035272539 0.0 0.0 0.0 
0.0032525742 0.0 0.0 0.0 
0.0049540596 0.0 0.0 0.0 
0.0021228108 0.0 0.0 0.0 
0.0016057676 -0.006867811 0.015095644 -0.19474751 
-0.0045742183 0.0 0.0 0.0 
-0.0026691847 0.0 0.0 0.0 
0.0015945422 0.0 0.0 0.0 
-0.001917981 0.0 0.0 0.0 
0.0038532552 0.0 0.0 0.0 
-6.318134e-05 0.0 0.0 0.0 
0.0038705936 0.0 0.0 0.0 
0.00038033948 0.0 0.0 0.0 
0.00031040498 0.0 0.0 0.0 
-0.0006788828 0.0 0.0 0.0 
-0.0011644755 0.0 0.0 0.0 
-0.0005703733 0.0 0.0 0.0 
5.828583e-06 0.0 0.0 0.0 
-0.004892679 0.0 0.0 0.0 
-0.0025493833 0.0 0.0 0.0 
-0.0016863152 0.0 0.0 0.0 
0.0028516012 0.0 0.0 0.0 
-0.0020532452 0.0 0.0 0.0 
0.003539188 0.0 0.0 0.0 
-0.00046580992 0.0 0.0 0.0 
0.0016651907 0.0 0.0 0.0 
0.0004083467 0.0 0.0 0.0 
0.0018408393 0.0 0.0 0.0 
-0.0011633534 0.0 0.0 0.0 
0.004113838 0.0 0.0 0.0 
0.0042507076 0.0 0.0 0.0 
-0.0028715609 0.0 0.0 0.0 
0.0023389403 0.0 0.0 0.0 
-0.0006250293 0.0 0.0 0.0 
-0.00020787027 0.0 0.0 0.0 
0.0002238698 0.0 0.0 0.0 
-0.00380366 0.0 0.0 0.0 
0.0009291054 0.0 0.0 0.0 
0.0028406316 0.0038023219 -0.015374716 -0.06677605 
0.0041962718 0.0 0.0 0.0 
-0.0025163179 0.0 0.0 0.0 
-0.00026832306 0.0 0.0 0.0 
0.0042703934 0.0 0.0 0.0 
0.0018195988 0.0 0.0 0.0 
-0.0021022854 0.0 0.0 0.0 
0.0023117182 0.0 0.0 0.0 
6.60381e-06 0.0 0.0 0.0 
-0.0005012698 0.0 0.0 0.0 
-0.0005829981 0.0 0.0 0.0 
0.00080345914 0.024319973 -0.0901012 -0.74132776 
0.0032034651 0.0 0.0 0.0 
0.0007174202 0.0 0.0 0.0 
-0.0018609494 0.0 0.0 0.0 
0.0015021389 0.0 0.0 0.0 
0.006224323 0.0 0.0 0.0 
0.00068220764 0.0 0.0 0.0 
-0.0010532105 0.0 0.0 0.0 
-0.0019916159 0.0 0.0 0.0 
-0.0024742305 0.0 0.0 0.0 
-0.0013780124 0.0 0.0 0.0 
-0.006926001 0.0 0.0 0.0 
-0.00020374519 0.0 0.0 0.0 
0.0025379532 0.0 0.0 0.0 
0.00046439524 0.0 0.0 0.0 
-0.0032571068 0.0 0.0 0.0 
0.0022038983 0.0 0.0 0.0 
-0.0020679885 0.0 0.0 0.0 
0.0039480035 0.0 0.0 0.0 
-0.0015669825 0.0 0.0 0.0 
-0.0020549283 0.0 0.0 0.0 
-0.0010309586 0.0 0.0 0.0 
-0.0023250417 -0.00026685116 0.0012905933 -0.49553657 
0.0015254412 0.0 0.0 0.0 
-0.0040195766 0.0 0.0 0.0 
-3.949176e-05 0.0 0.0 0.0 
-0.0010819851 0.0 0.0 0.0 
-0.0042694444 0.0 0.0 0.0 
0.0016433536 0.0 0.0 0.0 
-0.0033673125 0.0 0.0 0.0 
0.004344519 0.0 0.0 0.0 
0.0028816604 0.0 0.0 0.0 
-0.005161415 0.0 0.0 0.0 
-0.0013930023 -0.0012355223 0.0060813725 -0.12707299 
-0.0020042064 0.0 0.0 0.0 
0.003425296 0.0 0.0 0.0 
-0.0034453326 0.0 0.0 0.0 
0.0020293007 0.0 0.0 0.0 
-0.0018927593 0.0 0.0 0.0 
0.001895664 0.0 0.0 0.0 
-0.0018877761 0.0 0.0 0.0 
0.0011696361 0.0 0.0 0.0 
-0.0019902652 0.0 0.0 0.0 
0.0006798341 0.0 0.0 0.0 
-0.000662027 0.0041117715 -0.040296413 -0.08706389 
-0.0022964987 0.0 0.0 0.0 
-0.0026451962 0.0 0.0 0.0 
-0.0032260197 0.0 0.0 0.0 
0.0010749162 0.0 0.0 0.0 
-0.002313953 0.0 0.0 0.0 
0.0005996555 0.0 0.0 0.0 
0.0011664256 0.0 0.0 0.0 
-0.004233627 0.0 0.0 0.0 
-0.0030429203 0.0 0.0 0.0 
-0.00017922175 0.0 0.0 0.0 
7.475629e-05 0.0 0.0 0.0 
0.003480801 0.0 0.0 0.0 
0.0060683475 0.0 0.0 0.0 
-0.0014167286 0.0 0.0 0.0 
-0.00064743386 0.0 0.0 0.0 
-0.0011897815 0.0 0.0 0.0 
-0.0030499678 0.0 0.0 0.0 
-0.0033678664 0.0 0.0 0.0 
-0.0016796128 0.0 0.0 0.0 
0.000119408905 0.0 0.0 0.0 
-0.0015714221 0.0 0.0 0.0 
-0.0021130806 0.0 0.0 0.0 
0.0006120878 0.0 0.0 0.0 
0.002927361 0.0 0.0 0.0 
0.005241258 0.0 0.0 0.0 
-0.0040288772 0.0 0.0 0.0 
-0.005474543 0.0 0.0 0.0 
-0.00026467477 0.0 0.0 0.0 
0.0023715913 0.0 0.0 0.0 
0.0004075833 0.0 0.0 0.0 
0.00017713275 0.0 0.0 0.0 
-1.3283946e-05 0.0 0.0 0.0 
0.00068287225 0.0 0.0 0.0 
0.0014968512 0.0 0.0 0.0 
0.0008483886 0.0 0.0 0.0 
0.0028103113 0.0 0.0 0.0 
-0.0023283956 0.0 0.0 0.0 
0.0023593558 0.0 0.0 0.0 
0.006294823 0.0 0.0 0.0 
-0.00081125554 0.0 0.0 0.0 
-0.00043876466 0.0 0.0 0.0 
-0.0020277116 0.0 0.0 0.0 
-0.0023581681 0.0 0.0 0.0 
0.00065654994 -0.019258324 -0.1334692 -1.0989792 
-0.0018497135 0.0 0.0 0.0 
0.0016148385 0.0 0.0 0.0 
0.0052836263 0.0 0.0 0.0 
-0.003053725 0.0 0.0 0.0 
0.00047518942 0.0 0.0 0.0 
0.0017170788 0.0 0.0 0.0 
0.002572745 0.0 0.0 0.0 
-0.0036468578 0.0 0.0 0.0 
0.001186131 0.0 0.0 0.0 
-0.0005726593 0.0 0.0 0.0 
-0.00032988313 -0.030898485 -0.06489283 -0.802611 
-0.00043400953 -0.006874272 0.028546076 -0.10474004 
0.0054711318 -0.018603127 -0.074119225 -0.41458893 
-0.0002544468 0.0 0.0 0.0 
-0.0013721394 0.02354505 -0.039398182 -0.3184632 
0.0025607008 0.0015651593 -0.13272789 -2.9233418 
-0.000940349 0.0011724327 -0.005971169 -0.031064657 
-0.00070164824 0.0 0.0 0.0 
0.002567073 0.0 0.0 0.0 
-0.003941331 -0.0077914996 -0.011100538 0.06305607 
0.0025599215 -0.005522226 -0.06350374 -0.69906765 
-0.00010007431 -0.001413665 -0.04466151 -0.20265073 
0.0017764154 -0.00045938432 -0.035072964 -0.20200682 
-0.002737664 0.0 0.0 0.0 
-0.0012358015 0.0010858825 -0.0075776232 -0.37216806 
0.00050881243 0.0 0.0 0.0 
-0.001881689 -0.0005759484 0.006792797 -0.30439043 
-0.00013953005 -0.029291641 0.022418067 -0.90200335 
0.0008156769 0.0 0.0 0.0 
-0.0050334777 0.0025607008 -0.0023411354 -0.18837903 
-0.002114261 0.0 0.0 0.0 
-0.00019019855 0.0 0.0 0.0 
0.0008475077 0.0118952785 0.06199888 -0.27244693 
-0.0019900405 0.0 0.0 0.0 
-0.0006036811 0.0 0.0 0.0 
-0.0008469615 -0.0070302486 -0.010490775 -0.77081895 
-0.0018617507 0.0008806903 -0.24370916 -1.8594589 
0.003429363 0.0 0.0 0.0 
-0.0027093673 -0.0066802474 0.02051562 -0.7267553 
-0.0005629059 -0.007129237 0.04705643 0.028593302 
-0.0019805173 0.0 0.0 0.0 
-0.00072171615 0.0 0.0 0.0 
-0.0021821503 0.0 0.0 0.0 
-0.002620591 -0.0007040998 0.019253727 -0.01706338 
-0.003647878 0.0 0.0 0.0 
0.003319562 -0.004208588 -0.151777 -0.8082528 
0.002077237 -0.0009817376 -0.0022810306 -0.11373355 
0.0055008554 0.008538995 -0.023702309 -0.20606929 
-0.0038824156 0.0 0.0 0.0 
0.0008083619 0.0067090206 -0.080782935 -0.73397565 
0.0039754105 0.00015157275 0.010629361 0.11644947 
-0.00066262385 0.0051925653 -0.007974787 -0.010937337 
0.0005983437 0.0020926388 0.0067841066 -0.024398549 
-0.0024904523 -0.0047596786 -0.06259695 -0.46241826 
0.004947495 0.0 0.0 0.0 
-0.0004136976 0.0 0.0 0.0 
-0.003588189 0.0 0.0 0.0 
0.0007164738 0.0 0.0 0.0 
-0.0008923889 0.0018263747 -0.0152475005 -0.0842845 
0.0005914543 0.0004839599 -0.032223485 -0.39725062 
0.0038536317 0.004023525 -0.042626314 -0.55501914 
-0.00071072986 0.00055273465 0.026272187 -0.08781018 
0.0026799832 -0.0001317067 -0.00047733076 -0.34252933 
0.00019148899 0.008035522 -0.060738735 -0.3483079 
0.00041499684 0.001762122 -0.0048249746 0.023698237 
0.0022642284 -0.010202715 0.03345384 -0.28024966 
-0.00042168502 0.0 0.0 0.0 
0.00066905946 0.0 0.0 0.0 
0.0030006424 0.0023118395 -0.026390996 -0.27409494 
0.0026867334 0.0014617171 -0.0013233125 -0.76711357 
-0.00031505965 -0.010389166 0.0061013335 -0.08802334 
0.00042101098 -0.0022057248 -0.014664967 -0.1747885 
-0.0009177978 0.001251071 -0.012373291 -0.36809763 
-0.000875917 0.0 0.0 0.0 
-0.0014719972 0.0 0.0 0.0 
-0.003308092 0.008760872 -0.010847788 -0.06866372 
0.00017597209 0.000145016 -0.045552447 -1.7333902 
-0.00097236654 0.002584723 -0.008287739 0.037993398 
0.0028943054 -0.009956604 -0.14569618 -1.5110693 
-0.0006502047 -0.00045938432 -0.041444983 -0.19853745 
0.0030397098 0.020121608 -0.12248799 -1.0705415 
-0.0008640415 0.0 0.0 0.0 
-0.0017604282 0.0018713879 -0.22030511 -1.5035193 
-0.0011063732 0.0 0.0 0.0 
0.0043779337 -0.016395176 0.05622963 -0.21277776 
-0.0034861283 0.0169209 -0.053623203 -0.3974497 
-0.004944374 -0.0027103755 -0.0031257018 -0.021904701 
0.0021170564 0.0068072537 -0.073685795 -0.40627682 
-0.00025537514 0.012980979 -0.034972575 -0.6355763 
0.0022158464 -0.0010689013 -0.07182562 -0.04393536 
-0.002863783 -0.005453209 -0.008054713 -0.15386912 
-0.0024958174 0.0 0.0 0.0 
-0.0020042758 -0.012820177 -0.19093888 -0.97014546 
0.004834364 0.0 0.0 0.0 
0.001975874 0.0076641436 -0.03920234 -0.23953845 
-0.0042605265 0.0035253381 -0.073795766 -1.6620059 
-0.0034582238 -0.00010336996 0.01290862 0.020029051 
0.0006468768 0.0 0.0 0.0 
-0.0015815513 -0.0016661965 0.009842226 0.060189992 
-0.0014691578 -0.0001733813 0.004339015 -0.45223922 
0.00079508947 -0.007789172 0.0076476242 -0.18705873 
0.002178772 0.0073798895 -0.012163392 -0.15846042 
5.85138e-06 -0.0074016997 -0.10297693 -0.8311045 
0.0014241536 0.0013537672 -0.036390066 -0.089574255 
0.0011193488 -0.013401537 -0.079722814 -0.28506926 
-0.0020769709 0.0 0.0 0.0 
-0.0046170177 0.009682199 -0.039028868 -0.23767559 
0.0027695915 0.0069460133 -0.0951728 -1.1839081 
-0.0024325638 -0.0041602617 -0.04425129 -0.41940147 
0.0037485398 0.0032878546 0.0014346571 -0.021452086 
0.003242111 0.0 0.0 0.0 
0.0005150471 -0.0015542718 -0.00026647747 -0.027964473 
-0.0074825506 -0.005273726 -0.047779053 -0.8375943 
-0.00513516 0.010642815 0.04917577 -0.07307199 
0.0037926002 0.010208406 -0.04834846 -0.78868175 
-0.0007902855 -0.0045338 -0.041888624 -0.16199662 
-0.0011431867 -0.0119325 0.0074500795 -0.44812518 
-0.00072749786 0.0046840403 0.0006579398 -0.2481815 
-0.0010930704 0.0 0.0 0.0 
-0.00054801605 -0.00014957204 -0.081788816 -0.05205673 
0.00048472034 -0.009608018 -0.10592313 -1.357507 
0.0007429351 0.0045595416 -0.01365971 0.07357365 
-0.0032186978 -0.0055233184 -0.016816143 -0.17176631 
0.0007552187 -0.0016190629 -0.024254475 -0.32818556 
-0.00064682186 0.0 0.0 0.0 
0.003853528 0.0013491117 -0.00034315884 0.1159441 
0.0021680016 -0.0043021794 -0.09854913 -0.67679757 
-0.0010848715 0.00071918964 0.0042077936 -0.21283333 
-0.0059132986 -0.0030619232 0.04167847 -0.8429035 
-0.0036418075 0.02640175 -0.060049705 -1.5514591 
0.0009820586 -0.006081615 -0.094989054 -0.3677999 
0.0026377635 -0.011332029 -0.07092304 -0.88940156 
-0.002595314 -0.012660213 -0.083539575 -1.1730171 
-0.0005597516 -0.0020461427 -0.00852849 -0.30057764 
-0.0022357374 0.0010069815 -0.0040447228 0.11405113 
0.00014557302 0.0 0.0 0.0 
2.4610405e-05 0.0051644817 0.010407539 -1.0726477 
0.0009834396 -0.006670092 -0.097796276 -0.70581216 
-0.0009775652 0.0021253387 -0.05438509 -0.17747086 
-0.00127954 -0.010755187 -0.007712895 -0.41984126 
-0.0025155977 -0.0058408394 -0.09754896 -2.2707162 
0.0017082909 -0.0030382809 -0.022920866 0.016029589 
0.0056675677 -0.014439117 -0.10588126 -1.5395122 
-0.0011054582 -0.02924434 -0.013850298 -0.077296555 
-0.004055872 0.0 0.0 0.0 
-0.0019680492 -0.0019055229 0.00023815548 -0.027802553 
-0.0005680012 -0.0020661354 -0.02186413 -0.2980544 
-0.00029838123 -0.0016183155 0.019803401 -0.07583172 
-0.00044093927 -0.0006394745 -0.016221445 -0.35972786 
-0.0008630424 -0.013034252 -0.011159286 -1.0745707 
0.004539998 6.910437e-05 -0.07676796 -0.03913501 
0.0002608217 0.010229304 0.035838623 -0.43738067 
-0.0022739149 -0.009909244 -0.005603209 -1.3335335 
0.0009075768 -0.006218291 0.012843074 -0.6575975 
-0.0015618302 -0.00046985876 0.059964087 -0.22463198 
-0.002042121 -0.009296667 0.034349114 -1.4072499 
0.0030322678 -0.00073938066 0.005349162 -0.00027977861 
-0.0015542718 -0.0011705123 -0.031706527 -1.0946293 
-0.0012661511 0.006019233 -0.0011992883 -0.32634526 
0.0040151724 -0.021968156 -0.15597272 -1.0005141 
0.0013774873 0.004002604 0.010439243 -0.36068094 
-0.0015076083 -0.0014809333 -0.051133975 -1.3671558 
-0.00014366345 2.420519e-05 0.008031872 -0.028188433 
0.0050289417 -0.0057406235 0.01102935 -0.08122563 
-0.001857147 -0.002160809 -0.00051184936 0.016375147 
0.0013294765 0.004770672 -0.0076417346 -0.037503235 
0.0041382574 0.0 0.0 0.0 
0.0003247317 0.0 0.0 0.0 
-0.0033995407 -0.00032988313 -0.00914769 -0.036128003 
-0.0019361424 -0.011870159 0.034422982 -0.48585007 
0.00012386167 0.0051521626 0.0038126893 -0.12228671 
-0.0043195947 -0.00056131044 0.070520334 -0.39939925 
-0.0018908614 -0.00366742 -0.0036335331 -0.026582465 
-0.0005986566 0.004521095 -0.009438408 -0.20714495 
-0.0030638522 -0.004144107 0.04234902 -1.2620903 
-0.003583812 -0.0077877194 0.05280026 -0.15849757 
-0.0009984726 0.016580923 -0.03725505 -0.45996392 
0.0014370845 0.0015966466 -0.063995704 -0.6130819 
-0.00022182145 -0.0007376693 0.011622904 -0.09277186 
-0.00029141325 0.0051604956 0.01301603 -0.17254853 
0.00044933666 0.0342502 -0.11133453 -0.9462561 
-0.0012583236 -0.019429494 -0.09923307 -0.6425767 
0.0016867688 -0.0017604282 -0.006036275 -0.11680742 
-0.0032073795 -1.0508811e-05 0.01266118 -0.122071974 
0.00017651726 0.007773253 -0.1119882 -0.33379304 
-0.00456173 0.0054711318 0.003918667 -0.08576734 
0.001454352 -0.0015499047 0.011211737 -0.139795 
-0.0019675584 -0.010771194 -0.026471667 -0.12014015 
0.0020283249 0.002579777 0.014529599 -0.045159232 
0.00047466878 -0.00031808438 -0.01860659 -0.8832477 
0.004873363 0.002752742 -0.040282615 -0.058083892 
0.00203849 -0.007225021 -0.036138147 -0.743929 
-0.0006943093 0.002744833 -0.03531657 -0.6033077 
0.0030878282 -0.002585053 -0.011617272 -0.12580463 
-0.00079994585 0.006583375 0.0074384063 -0.38767064 
0.0038502556 -0.018035773 0.035639927 -0.080492824 
0.0016528075 0.013756795 -0.16901818 -1.5457658 
-0.0011835861 -0.0054811956 -0.015202209 -0.3909843 
0.002612373 0.0016856608 -0.016334727 0.020259954 
-0.0027589942 -0.018888377 -0.11095795 -0.71626043 
1.7780527e-05 -0.00045938432 -0.050308093 -0.2012441 
0.0005206053 0.0042801294 0.0 0.0 
-8.178798e-05 0.010033288 -0.009893976 -0.0074587613 
-0.0023300392 0.0015323593 0.013587242 -0.05702214 
0.0040948004 -0.0043404475 0.011608645 -0.038309872 
0.0028433872 -0.010295564 -0.023274872 -0.6154683 
0.000457555 0.010849256 0.025888521 0.06099597 
-0.0021373434 -0.0066283154 -0.011189405 -0.23758906 
0.0027303165 -0.022599477 -0.031153522 -1.0370343 
-0.00092024426 0.0 0.0 0.0 
-0.0033073234 0.0 0.0 0.0 
-0.0017869947 -0.010547703 -0.012909485 -0.015813991 
-0.0056161587 0.0065379585 -0.10907612 -1.3865237 
0.0023743426 0.0055811694 -0.13175496 -2.0444727 
-0.0012269855 0.018738033 0.017014839 0.06134464 
0.0003975412 -0.003308092 0.0024447264 0.0024253791 
-0.00030550797 0.00028319424 -0.014187092 -0.48604047 
0.00025054935 0.0054702666 -0.060831293 -0.6543173 
-0.0029100063 -0.044498894 0.10495703 -0.6601091 
-0.0032962165 -0.00716303 0.01533708 -0.5763793 
0.0016492943 -0.005505658 0.07096112 -0.45473439 
-0.0016179834 -0.0020955876 -0.022654504 -0.6784853 
0.0006479526 -0.0010166229 -0.0025773584 0.04267151 
0.0023406511 0.00022900442 0.009937271 0.02230475 
-0.0025640256 -0.00045938432 -0.04237846 -0.20081696 
0.0011302545 0.0 0.0 0.0 
-0.0012973223 0.0 0.0 0.0 
-0.00025508486 -0.00021087658 -0.0094712 -0.15953909 
0.00017182463 -0.030281298 -0.03472033 -0.22069061 
0.004206695 0.0052454416 -0.0011899481 -0.20549539 
-0.005053122 -0.018039495 0.043052353 -1.384125 
-0.0019772146 0.0062921015 0.052698452 -0.57789207 
0.001853609 -0.0085322745 -0.04100372 -0.22200862 
0.0014551209 0.0 0.0 0.0 
9.0892085e-05 -0.0063444213 -0.026615515 -0.36947024 
-0.00020965874 -0.0069421385 -0.02763829 -0.7999552 
-0.0017365846 -0.0035589421 -0.11076774 -0.6033009 
-0.0035171416 0.001074393 0.051435485 -0.39060795 
0.0030542929 -0.0035171416 0.006155877 0.01620238 
0.0036099658 -0.0041512307 -0.02747313 -0.5244222 
-0.0017550762 0.0 0.0 0.0 
-0.0005378081 0.01753902 -0.03717736 -0.39404517 
-0.0027469716 0.0029425998 -0.020972412 -0.13318774 
-0.00015047769 0.0 0.0 0.0 
-0.0018961965 0.0 0.0 0.0 
-0.00045938432 -0.03438919 -0.20411962 -0.24062073 
-0.002711948 -0.0115626715 0.010929355 0.2366624 
0.0006438455 -0.0015508545 -0.053448636 -0.5671417 
0.0016256204 0.00028505397 0.0034721019 -0.04106779 
0.0014536614 -0.0020609691 -0.039197117 -0.28060237 
0.002414938 -0.009410483 -0.019053293 -0.063008726 
-0.0032686975 0.0 0.0 0.0 
0.0009287167 0.010848517 -0.05912802 -0.20969367 
-0.0023940606 -0.015088336 -0.022131043 -0.2041552 
0.003984545 -0.01089528 -0.033942495 -0.19063157 
-0.0014312122 0.014479595 -0.025785148 -0.35127032 
0.0014327151 -0.0010724029 0.008633141 0.04276196 
0.0020948185 -0.00045938432 -0.035941087 -0.0022897422 
0.004160372 0.0 0.0 0.0 
-0.0005088112 -0.009065229 -0.04865981 -0.058282673 
-0.001932062 0.0015910631 0.019332113 0.044249818 
0.0011724327 -0.013466917 -0.05467337 -0.060712844 
-0.00070592837 -0.00029993994 0.0047441213 -0.015958797 
-0.00032937396 0.0 0.0 0.0 
0.00019629284 -0.0011008694 0.04332922 0.13112876 
-0.00085028895 -0.00049895525 -0.03938004 -0.03536521 
0.00034676757 0.014671445 -0.084152244 -0.75705445 
-0.0022594614 -0.0012019041 -0.03700872 -0.04010649 
-0.0026065456 0.010554641 -0.009751938 -0.0543101 
-0.0006006625 -0.00855772 -0.04840357 -0.5626571 
0.001276685 -0.003326731 0.0404302 -0.16264537 
0.00077177474 -0.00030927127 -0.035421584 0.0074016675 
0.00078213104 0.0013886082 -0.0021855808 0.014362723 
0.0024447732 0.00051172666 0.0028868925 0.0028709038 
0.00051172666 0.0053316657 0.002870904 0.005270245 
0.002277765 -0.00045938432 -0.05017285 -0.18409427 
-0.0017055842 0.007398689 -0.022875642 -0.4290532 
0.0009542155 -0.0016767228 -0.002582777 0.004190946 
0.0013546302 -0.00078743446 -0.02283983 -0.13968866 
0.0017696341 -0.0019592077 -0.043017402 -0.37130356 
-0.001647173 -0.0002515962 -0.046647687 0.010284185 
-0.0012950152 0.0030397098 5.9618847e-05 0.017075833 
0.0015697356 -0.00032988313 -0.0012724937 -0.0032412582 
-0.0059343325 0.0 0.0 0.0 
0.004320235 0.0007130484 -0.03342428 0.020309594 
0.0023252952 0.0007762993 -0.095759846 -0.21701312 
-0.00082090567 -0.0012383014 -0.061497096 -0.089197755 
-0.0012556902 -0.008034465 -0.10518376 -0.5591821 
0.0018263747 -0.018367615 -0.110864155 -0.18794799 
0.001416109 -0.027182491 -0.12971456 -0.63870597 
0.0013388541 0.0009273947 0.0097163655 -0.07545645 
-0.0017247413 -0.01308186 -0.045003854 -0.08688654 
0.00028281825 -4.6332338e-05 -0.037738938 -0.04659605 
-0.00017345788 -0.00045938432 -0.046169885 -0.07107533 
-0.0005128023 0.00028447597 0.021336284 -0.36199874 
-7.754601e-05 0.0 0.0 0.0 
0.0033494516 -0.0011202546 -0.026388282 -0.5178984 
-0.00027084874 -0.0071034404 -0.12991054 -0.51944655 
0.00026235703 0.004824567 -0.009984311 -0.7081632 
0.0023792454 0.0 0.0 0.0 
0.0036035157 0.0 0.0 0.0 
-0.0030152544 0.0026498123 -0.03694205 -0.1348804 
0.0023453962 0.0036789996 -0.028148716 -0.2391368 
0.0043590604 0.00065517786 -0.015751958 -0.18699163 
-0.002665042 0.017674835 0.020144656 -1.1103883 
-0.00037159395 0.0 0.0 0.0 
0.0034675621 0.006949999 -0.105958275 -0.56301326 
-0.004008251 -0.0010166229 0.006150747 0.039288316 
-0.0020264946 0.0 0.0 0.0 
-8.262296e-05 -0.0034210007 -0.052236214 -0.09576755 
0.0010166301 0.0 0.0 0.0 
-7.065728e-05 -0.004439635 0.0400745 -0.5150623 
0.00036304473 0.0009287167 0.008513042 -0.0177593 
0.0011289414 -0.006332058 0.019961618 -0.23176229 
0.0015982768 -0.0028533647 -0.00668318 -0.34414056 
-0.0034155983 -0.00045938432 -0.038829755 -0.049406722 
-0.0037407181 -0.006124082 0.012122216 -0.3809227 
-0.0015893357 -0.004577851 -0.02856129 -0.15651235 
-0.0045905374 -0.002665042 0.008515764 0.02902558 
0.002328312 0.0010497888 0.019524373 -0.1567108 
0.00056015607 0.005265115 -0.03001218 0.012620844 
-0.0040171975 -0.011483672 0.032582022 0.037279896 
0.00046943506 0.0057515763 2.2649765e-05 -0.25040793 
0.0046779052 0.0068860445 0.025630644 0.08942061 
0.0026989675 -0.00054802536 0.004328744 -0.05472991 
-0.003957173 0.010044342 -0.022386832 0.06924638 
-1.8513678e-05 -0.00083022704 -0.08461747 -0.54731673 
-0.00061407563 0.0008430695 -0.006660372 0.4544543 
-0.000690816 -0.00045938432 -0.031571485 -0.0032478683 
0.002110121 0.0038883456 0.016144132 -0.14622311 
0.0016000966 0.0 0.0 0.0 
-0.0035877351 -0.01349648 0.04208795 0.35196722 
-0.0010602125 -0.01727263 -0.09853731 0.02212888 
0.0009683097 -0.0018962615 -0.037449725 -0.005503863 
0.0020339072 0.0076126615 -0.10949892 -0.36447084 
0.0024447264 -0.0045305165 -0.122264415 -0.54504085 
-0.0008730871 0.0023792346 -0.04383409 -0.44449672 
0.0025344135 -0.005784249 0.017377809 0.105511695 
0.0003292976 0.0 0.0 0.0 
-0.0012214562 0.0 0.0 0.0 
-0.002686936 -0.0025904137 -0.015718859 -0.2170513 
-0.00035078678 0.0044426834 -0.025510177 -0.22533134 
-0.0011215637 -0.0008178146 -0.016450226 -0.17959544 
-0.00071389263 0.0 0.0 0.0 
0.0033333176 -0.0007401216 -0.006696801 -0.012501305 
0.002104597 -0.0015542718 0.008317142 -0.046914496 
-0.005796866 -0.012042131 0.001792918 -0.04095211 
-0.0004441029 -0.0009984726 0.007728086 -0.041690327 
-0.000222344 -0.0040555215 -0.060716603 0.12957196 
0.0009490523 -0.01588187 0.072154075 -0.47261155 
0.002715264 -0.0016132442 -0.046944454 0.16292658 
0.0048907413 0.0065842625 0.009015457 -0.10749594 
-0.0022958254 0.0030859644 -0.0716898 -0.097797036 
0.0037100452 -0.00045938432 -0.045707732 -0.08158076 
-0.0047674924 0.0 0.0 0.0 
0.0026618633 -0.019178009 -0.08031235 -0.37050486 
0.0006955785 -0.005901525 -0.008244197 -0.01766619 
-0.0027460412 0.010029176 -0.009470082 -0.11066435 
0.0072434586 -0.02983516 -0.014701255 -0.14768171 
0.007047492 -0.004366068 0.008769643 -0.15063007 
0.0008899545 -0.016740814 -0.017595142 -0.1342147 
0.00371494 -0.0014019677 -0.008707905 0.13594599 
-0.001354361 0.0 0.0 0.0 
-0.0015081507 0.00022856385 0.0036332258 0.11071879 
-0.0060559036 -0.0006452118 -0.019382592 -0.10969047 
-0.0001270551 -0.015698278 -0.035867468 -0.45694375 
-0.0065168566 0.0009763993 -0.004265858 0.09154612 
0.005667643 0.0 0.0 0.0 
0.0025773437 -0.005910095 -0.028988587 -0.034968168 
-0.0012603367 -0.002972459 -0.061037906 -0.024269357 
-0.000305025 -0.03422508 -0.17323917 -0.75236136 
-0.003244552 -0.0037006952 -0.13675842 -0.20983702 
-0.0009878601 0.0026809787 0.010989163 -0.37179026 
0.0013119149 -0.00454541 0.011811915 -0.3041952 
0.00022710585 -0.018726133 -0.02905577 -0.33405757 
-0.00134205 -0.0006666454 -2.0277686e-05 -0.066416115 
0.0017763163 -0.0034210007 -0.058740832 -0.038058586 
0.0022121146 0.0027734563 -0.046810463 -0.30285227 
-0.0040038936 0.014457839 0.030248232 -0.09274352 
-0.0036716955 -0.00127954 0.0 0.0 
-0.00090639776 -0.0064683342 0.00014777109 -0.025453448 
-0.0007401216 -0.014029332 -0.06985314 0.024514914 
0.006124156 0.0 0.0 0.0 
-0.0013263826 -0.008324086 -0.030770415 -0.17291352 
0.00010488615 0.002110121 0.0039565926 0.023882423 
-0.0010875965 0.007501825 -0.10802235 -0.62903726 
-0.0010505683 -0.008285049 -0.06710723 -0.040207148 
0.0014484868 0.0 0.0 0.0 
-0.00029993994 0.020576324 -0.06579373 -0.0994817 
-0.0021540474 -0.001747955 -0.006359025 -0.007420305 
0.000819136 0.0 0.0 0.0 
0.0031598306 0.011983991 -0.059252582 0.018240362 
-0.00076636707 0.0 0.0 0.0 
-0.0053136772 -0.004955543 0.03511075 0.014692187 
-9.585451e-06 0.004577872 -0.04160647 -0.1476795 
-0.0048383363 0.03945831 -0.086176544 -0.6499493 
0.0004778319 -0.01079375 -0.005557023 0.059688818 
-0.00087639684 -0.013676514 -0.08008645 -0.73980755 
-0.002476368 0.0025400536 -0.019880887 0.17259157 
0.0021127784 -0.0007209012 -0.0077439314 -0.062406495 
-0.0014296769 0.02166928 -0.06812827 -0.04206933 
0.0031613777 -0.0002611701 -0.029825933 0.0046809595 
0.00050332636 0.006641661 -0.050456412 0.023427546 
0.0001758933 0.012070097 -0.0127586275 -0.009305686 
0.0024628323 -0.00020962767 -0.04538029 -0.25716925 
0.005349751 0.01015695 -0.07516199 -0.65727293 
0.002661534 -0.0034806198 -0.035398755 -0.15640286 
0.0020749767 -0.012281464 -0.023937695 -0.27186927 
0.0037585073 -0.0028926083 -0.0024642758 -0.03637469 
-0.0015016486 0.009752117 -0.00040098745 0.09983598 
-0.0007090545 -0.0020735383 0.0013073683 -0.010797663 
0.0020583242 -0.0074675702 0.011887227 -0.04521486 
0.0028926032 0.0032757297 -0.14230011 -0.5334135 
0.00030406733 0.0009687025 -0.010013409 -0.11204909 
0.0012359779 -0.0077490597 -0.03649924 -0.14152849 
-0.0040418287 -0.0049691168 -0.017865099 -0.069165975 
-0.0038541898 0.010590737 -0.1300838 -1.0643821 
-0.00033471605 -0.0003465102 -0.025915463 -0.035983987 
-0.00034544658 -0.017334647 0.0391902 -0.06082417 
-0.00020248418 2.4610405e-05 0.010463376 -0.009859774 
-0.001969543 -0.004875774 -0.05309046 0.019509688 
0.000934826 0.0017408708 0.008932411 0.031966027 
0.0006669649 0.0021429555 -0.071802914 0.22352025 
-0.003809093 -0.021902742 0.011510663 -0.6702338 
-0.003666603 -0.0106130075 -0.022849768 -0.03214541 
-0.0074534887 0.007942421 -0.01271194 0.10332942 
0.0026061505 -0.00068359217 -0.076989666 -0.06222433 
-0.0014979771 -0.0007401216 -0.0013972311 -0.0135629065 
-0.0014242495 0.00499326 0.026023963 -0.17795074 
-0.0067818174 0.0134562645 0.047984388 0.056660175 
-0.0034027356 0.00076243305 0.0012634727 -0.015456342 
-0.001066924 0.013639215 0.028171517 -0.388124 
0.00073314435 -0.0038145105 0.009341907 -0.0037148893 
-0.00017890784 -0.007515121 -0.03580092 -0.040410474 
-0.0014003583 -0.0030044555 0.057235315 -0.0016963705 
-0.0009928554 0.00556475 -0.052322842 -0.09208208 
-0.001180275 -0.0019881567 0.02095513 -0.34942293 
0.0057229823 0.0022453459 0.021256253 -0.24622296 
-0.0036952787 -0.0015119652 -0.006725828 -0.097244635 
0.002558157 -0.0033302284 -0.0127783865 -0.28590637 
-0.00059164845 -0.0107345935 -0.006809133 -0.011066705 
-0.0010331825 -0.00067111757 0.008009733 -0.054391228 
0.0015264532 0.00039345844 -0.03209361 -0.029967505 
-0.003563654 -0.0112731755 3.4365803e-07 0.02710881 
0.001185962 0.00045877148 -0.018367363 0.029351443 
0.00026610255 -0.003879082 0.012944231 -0.029759571 
-0.0024269116 0.006133475 0.005940631 -0.002742704 
-0.0027251295 0.021317199 -0.033007346 -0.85852635 
0.002075683 -0.0031687517 -0.04090029 0.023776691 
0.0021131877 0.0011464263 -0.009174673 -0.00042014662 
-0.0032279391 -0.0054516103 0.043118194 -0.24635917 
-0.0024561032 0.0054690954 -0.057715192 -0.3162044 
0.0022731752 -0.019641016 0.008747965 -0.27754903 
-0.00039786825 0.009765256 -0.04194271 -0.08892138 
0.0019350055 -0.0015138569 -0.060449924 -0.26646695 
0.003818702 -0.059653886 -0.048339136 0.2262572 
0.00055594405 -0.0013839003 0.018622091 -0.0046435893 
-0.0032897007 -0.0011130599 -0.05640301 -0.2130214 
0.0010652987 -0.008302787 -0.031210009 -0.22201037 
0.0017811271 0.021789081 -0.023926241 0.047883213 
0.00013234148 0.006389187 0.00059691817 -0.096395195 
-0.0003031976 0.007064866 0.00865379 -0.7580745 
-0.002140552 -0.012954932 -0.0016656304 -0.2802329 
-0.00011481957 -0.022077395 -0.019674733 -0.85201955 
-0.0023602787 -0.01194451 0.06628495 -0.24462092 
-0.0005770783 -0.00076292735 -0.038187243 -0.7198734 
0.00077523466 -0.003655304 -0.023702955 -0.3034441 
0.0051464196 -0.0031459043 -0.03026515 0.08244412 
-0.0033293723 -0.010904932 -0.02981067 -0.2480425 
0.00083532097 -0.009650673 0.016602632 0.085974574 
0.0024250601 -0.0018068384 0.06128275 0.1027748 
-0.0015052385 0.0027303165 0.009327382 -0.0029350575 
-0.0013727865 0.0015286803 -0.07548171 -1.0605631 
-0.0010011831 -0.007901885 -0.0022843573 0.044934873 
0.0009047049 -0.0059047015 -0.028249118 -0.10555187 
0.0022998478 -7.065728e-05 0.005125504 0.040380582 
-0.0013271763 -0.012762286 0.005186666 0.37478268 
-0.0018007437 -0.010162334 0.03380666 0.0013665557 
-0.0014018861 -0.0028132056 0.012624658 -0.008615613 
-0.0046515046 0.0015659758 0.008906889 -0.10317884 
0.0029963965 0.00955422 -0.008203404 -0.04531172 
-0.00113477 0.002537012 -0.017889978 -0.010609888 
-0.0017955841 -0.0032717965 -0.0031103385 -0.017594175 
-0.002083641 0.021951402 0.061825663 -0.18327093 
0.00044203043 0.005892575 0.057338722 -0.18613696 
-0.0010982133 0.00611597 -0.11032466 -0.92940164 
-0.00261121 -0.002595314 -0.005517081 -0.08566919 
-0.0039987713 0.015037585 0.017665468 -0.11422503 
0.0003940451 -0.025439763 -0.044763546 -0.5591527 
0.0020093126 0.0010845949 -0.0114332475 -0.14609894 
-0.0020735383 0.0024399199 -0.040554717 -0.4772148 
0.005521145 -0.0013069168 0.0049636653 0.089765295 
0.0016304418 0.0059631756 -0.0012084997 0.0119746635 
-0.001971166 0.00629474 0.025450546 0.072872594 
0.0016954237 -0.013446188 -0.03624579 -0.05266588 
-0.0004566542 -0.043338247 -0.1146965 -0.4567194 
0.0009541405 -0.017813945 -0.05582588 -0.110224724 
-0.0018809958 0.0062176604 0.002167548 -0.0038112402 
0.0020105971 0.0038634937 0.026766576 -0.034146994 
-0.00086008874 -0.021417372 -0.044068314 -0.15707946 
-0.0027428945 0.0029502283 -0.0032131965 0.010218434 
-0.0031562047 -0.0042518317 0.015767707 -0.01299718 
-9.501099e-05 0.018978143 0.016393501 -0.34714067 
-0.0023010524 -0.0019014003 -0.00093969493 0.0112469755 
0.0017686308 0.0072721434 -0.023056814 0.04770711 
-0.0061893817 -0.0071770987 0.00051660766 -0.025286019 
-0.004005161 -0.012562365 -0.03349366 -0.23798975 
-0.0032567258 -0.00021707127 0.0026759459 0.06139636 
-0.00024916514 0.04047373 0.10980058 -1.7720551 
-0.0003412008 0.0076596714 0.018581204 -0.6483221 
-0.0060478286 -0.00045938432 -0.04012206 -0.07107531 
0.0059726625 0.016549435 -0.054929554 -0.09544861 
0.0019746267 -0.0064026276 -0.04659748 -0.01167801 
-0.0016424995 0.020215595 0.13003917 -0.7191135 
0.001201023 0.0005444742 -0.019439738 -0.10460945 
-0.00022885746 -0.003004306 -0.091449246 -0.99532264 
0.00020915177 -0.010964777 -0.038916763 -0.5062549 
-0.00089176226 -0.0065345573 -0.012126457 -0.28498554 
0.0008533026 -0.0028960381 -0.010851378 -0.2367859 
-0.000931128 -0.0057010287 -0.07913934 -0.16167867 
-0.0004165 -0.0018233433 -0.09454126 -0.2707528 
-0.0031492084 -0.0010724029 -0.0008078697 0.007280357 
-0.0052635754 -0.009029457 -0.017468978 -0.07142355 
-0.0022660492 -0.0038008855 0.0016071098 0.19497457 
0.002579777 0.01473814 -0.039386768 -0.6763111 
0.0009507638 -0.0042605265 -0.0023389105 -0.064013414 
0.0006691767 -0.023421142 -0.0054186955 -0.6660998 
0.0012548044 -0.0044459356 -0.0024769465 -0.0495343 
0.0029274367 0.0012548044 -0.0029409966 0.0 
0.0019068642 0.0037663705 0.00033532735 0.0026629008 
-0.0007916684 -0.008877281 0.08798178 -0.10551676 
-0.0011073871 -0.011631954 -0.04320871 -0.34467274 
-0.000590444 0.0 0.0 0.0 
-0.00018169345 0.0028025683 0.004153056 -0.035914138 
0.0019869616 -0.008259298 0.0018403056 0.034417972 
-0.00040645275 -0.00020597654 -0.0065553123 -0.012926684 
-0.0013548639 -0.005814798 0.011317188 -0.0037747696 
0.0010258337 0.0012548044 -0.005467242 0.0 
0.0003749684 0.00056049513 -0.00029439537 -0.054565944 
0.0011463299 -0.008834666 -0.005474777 0.10850513 
-0.0037984871 0.0013690153 -0.012018948 0.10153333 
-0.0007454764 0.0012548044 -0.0050967345 0.0 
-3.7036043e-05 -0.0007583541 -0.013792851 0.0128216315 
0.0027944674 -0.021976916 -0.037641935 0.38531846 
0.0010139797 0.0012548044 -0.006073678 0.0 
-0.0036068386 0.0012548044 -0.002466839 0.0 
-0.002466839 0.0012548044 0.0 0.0 
0.0031771185 -0.0045479825 -0.1547558 -0.47294652 
0.0034201336 -0.00146541 0.022005592 -0.026581705 
-0.0021098852 -0.0041283737 -0.018359445 -0.033768535 
0.0039660633 -0.013281588 -0.028634362 -0.20938511 
0.0023066844 -0.0031004995 -0.0017913012 -0.1363047 
0.0033626007 -0.0040312754 0.016195074 -0.19391236 
-0.0019055229 -0.00019991491 0.036277138 -0.8327924 
-0.0034715442 0.01735134 0.015338223 -0.31175315 
0.00038577776 -0.009496057 -0.015507304 -0.0034020133 
-0.0040769055 0.0063217552 0.017939044 0.09147777 
-0.00025296918 0.0035707762 -0.040431064 -0.05552929 
-0.001953723 -0.017197434 -0.04039421 -0.7054151 
0.0006072203 -0.0022329884 -0.0060537886 -0.013435714 
0.002276993 0.00055273465 0.046656065 -0.116057746 
0.004089392 -0.008203702 -0.026706422 -0.65505564 
0.0013869313 -0.015752072 0.06945647 -0.7945392 
0.00064376096 -0.0075430097 -0.021347273 -0.15793131 
-0.0058337883 0.00037649064 -0.013545751 0.2817009 
0.003502415 0.0010199649 -0.017718548 -0.36102763 
0.0030304012 -0.0005088112 -0.007697423 0.003789251 
0.00092026166 -0.007467906 0.003253163 -0.010983216 
0.0020064546 -0.0042605265 -0.0015163468 0.011083597 
0.0027924944 -0.0042605265 -0.004308841 0.011083599 
0.0021512643 -0.0042605265 -0.009152567 0.015711837 
-0.0085488735 -0.0042605265 -0.0045697577 0.024877496 
-0.001975127 -0.0018617507 -0.011159031 -0.093648136 
0.00027744778 0.010810638 -0.013964098 -0.1649402 
-0.0014081245 -0.014243104 -0.043758772 -0.09643312 
-0.00211086 -0.008163511 -0.005694124 -0.1410192 
-0.00024810896 -0.0052869827 -0.011655726 -0.003571583 
-0.0012195909 0.000990554 -0.040761612 0.07455422 
0.0005782943 -0.0056382916 -0.018320948 -0.07428247 
0.0008880526 0.003748219 0.016512029 -0.5058857 
-0.0011568981 0.0031771185 0.004196066 -0.03760407 
-0.00031257162 -0.0007424019 -0.020389972 -0.15422711 
0.0001600136 -0.029437235 -0.0041608773 -0.21807003 
0.0044085034 0.002982284 0.006886632 -0.10869744 
-0.0016932281 0.019559827 0.10037381 -0.09023838 
-0.0036938738 0.0075871847 -0.064327426 -0.29335496 
0.0016425647 -0.02394474 -0.059902955 -0.27284223 
-0.0027873574 -0.0060542114 -0.000386636 -0.01853614 
-0.0056436034 0.0 0.0 0.0 
0.003345516 -0.008933725 -0.023994809 0.006259702 
-0.00019274632 -0.014787841 -0.07355869 -0.49860448 
-0.0022610852 -4.7562644e-05 -0.075079665 -0.40278572 
0.0016856608 0.01909931 -0.017783895 -0.85224533 
-0.0040744157 0.00048877276 0.03907743 0.062068164 
0.0036951138 0.0048754374 0.06010845 -0.08041238 
0.007295917 -0.0131575465 0.014189491 0.10572493 
-0.0021306004 0.0016856608 -0.0023046434 0.051955663 
0.0012592573 0.0016856608 -0.0035639014 0.051955663 
-0.00088228064 0.003301615 -0.0063644275 -0.36251938 
0.0017055059 -0.013568282 -0.09789275 -0.9040881 
-0.0056763883 -0.0016870548 0.010178402 -0.01232934 
0.005107375 -0.012076629 -0.009323411 -0.045532316 
0.004144932 0.0024250601 -0.003643877 0.011658824 
-0.001760776 -0.0006985124 -0.023272377 -0.08000477 
0.002990165 -0.0013658816 0.052093014 0.06527957 
0.0017244926 -0.012082758 -0.009894345 0.09155977 
0.000582764 0.012767899 -0.027260564 0.032147065 
-0.0039427443 -0.00273456 0.009477938 0.041974723 
0.00030741934 -0.006373744 -0.04080388 -0.21893099 
-0.0023665843 0.0008107457 -0.0025035106 -0.03038647 
0.004179013 -0.0019180244 -0.1098614 -0.31068087 
0.002647328 0.00030741934 -0.007853159 -0.015401238 
0.0023672532 -0.0056384285 0.0005944781 -0.012720574 
-0.004824537 0.015742064 -0.0016261106 -0.16136177 
0.0039203204 -0.0086541055 0.040959273 -0.13444865 
-0.0022881648 -0.013243798 -0.0028579645 0.007962197 
0.0027207837 -0.013796226 -0.05189582 -0.049537495 
0.0035417585 0.0013829381 0.0060466807 0.013141546 
-0.0009855826 -0.0028699748 0.0043599703 0.08112167 
-0.0026682403 -0.0007930286 -0.005762091 -0.21201333 
0.0053953235 -0.00086159934 -0.028175386 -0.17305438 
-0.0029616163 -0.0033191983 -0.04578841 0.21534073 
0.00165686 -0.00011505879 0.021541892 0.09195487 
-0.0030375666 0.00080975704 0.02540546 -0.26969677 
-0.00066655996 0.0011289414 0.0091323685 0.010871874 
-0.00027501278 -0.003398205 -0.021815758 -0.13522618 
-8.426044e-05 -0.00024916514 0.011799459 0.11140619 
-0.0008639626 0.0053953235 -0.0006694258 -0.0070527866 
0.004254429 -0.0025188087 0.015158638 -0.030678216 
-0.0023734795 0.0025759824 -0.03547313 -0.0046451986 
-0.003061201 0.0052601676 -0.003918087 0.09253394 
0.0019738588 0.018092126 0.008764302 -0.008471258 
-0.007073635 0.0049711354 0.032941468 0.05343014 
0.003190402 0.0016856608 0.0013950765 0.040010888 
-0.0030898685 0.0016856608 0.0044849454 0.0400109 
-0.0029841487 -0.003863473 0.017727826 -0.1253416 
-0.001911521 0.005031719 -0.06159642 -0.4540553 
-7.0559494e-05 -0.0072089597 0.004303434 -0.046742726 
-0.004528304 0.008888398 -0.024708148 -0.2927431 
0.0056734746 0.002579777 0.011776458 0.006919209 
-0.002529581 0.0011579441 -0.0043217354 0.0749401 
-0.0044567618 -0.007450613 0.008250315 -0.3494326 
-0.0008540649 0.0056675677 -0.00716089 -0.0867798 
-0.0027103755 -0.008070075 -0.021904703 -0.08048216 
-0.003193339 0.0026224565 0.013128407 -0.12769277 
0.0021662721 0.0053296494 -0.00983071 -0.09486009 
-0.0031913284 -0.006980731 -0.022887833 -0.18551679 
0.002864585 -0.0067818174 -0.0055434387 0.010889452 
-3.5461217e-05 -0.0020778382 -0.012368147 -0.0555315 
0.0025494278 -0.0036281575 0.07233392 -0.20575157 
0.0016498506 0.014261147 0.021870768 0.050339043 
-0.0011874054 0.005342421 0.024397232 -0.09949477 
0.0011732447 -0.008943901 0.007597669 0.032702524 
0.0013832672 0.0057143504 0.0069768634 -0.31998158 
0.00026286318 0.0 0.0 0.0 
-0.0032448366 0.021370314 0.0949423 -0.37398988 
0.00046747457 0.022218466 0.028945852 -0.1995816 
-0.0043687406 0.0015788389 -0.0022073262 -0.04147288 
-0.005315558 -0.009650362 -0.01953165 0.04668455 
-0.0048852395 -0.012383748 -0.01788952 -0.21284303 
-0.002696335 -0.0063460204 0.004039913 0.002032864 
-0.008387064 -0.009556081 -0.05455362 -0.13303185 
-0.0004138755 0.007817058 0.027949914 -0.29972064 
0.004793238 -0.0029125009 0.030238971 -0.1594232 
0.00022900442 0.020926682 0.033262815 -0.1236001 
0.004354824 0.008330351 0.0078008524 0.0 
-0.0023600124 -0.0018087324 0.020465154 -0.053560197 
-0.0008638003 0.0168388 -0.05001606 -0.020188846 
0.0012145288 0.0021346388 0.016609818 -0.087128766 
0.008619671 0.0020952611 -0.037681557 -0.18169206 
0.002637042 0.018330969 -0.06728041 -0.14741963 
-0.0030061675 0.009062483 -0.0028418512 -0.05513579 
0.00089005043 0.005613503 -0.0022723938 -0.015725028 
-0.0025865415 0.0005488517 -0.015928678 0.001226374 
-0.0002050685 -0.008746425 -0.03539624 -0.07097051 
0.0018963846 -0.0056161587 -0.00088649406 -0.0749692 
-0.00042980775 0.002575037 0.0019488293 -0.110618114 
-0.006114892 -0.00092895393 -0.014862187 -0.18575332 
-0.0043294304 -0.0007401216 0.0029321988 -0.013562908 
-0.0012157499 -0.016033797 -0.023150165 -0.36053023 
-0.0012292042 -0.0074968454 0.016610373 -0.16162948 
0.00023244295 0.013610557 0.0080851745 -0.42612386 
0.00078462117 -0.024224045 -0.0034750402 0.15336281 
-0.0012081425 -0.0023734795 0.0 0.0 
0.002584723 -0.02417498 0.03102696 -0.17338026 
-0.0020023836 0.0110199675 -0.012321632 -0.4818812 
-0.00049800065 -0.00048345618 -0.050970912 -0.27234703 
0.0016157539 -0.004965473 0.013024757 -0.11265582 
-0.0013729874 0.017007412 -0.014132759 0.029267743 
0.0018830018 0.011052953 -0.017068285 0.009702399 
0.00034226992 -5.401764e-05 0.01208475 -0.3252542 
-0.0008071186 -0.006630406 -0.05899188 -0.16843614 
0.0029203384 0.0044085034 -0.0016909319 0.001463329 
-0.00064357335 -0.0006432161 0.00024508662 0.005258281 
0.00028133343 -0.0053502647 -0.008944016 -0.31396952 
0.0035042102 0.0030247404 0.009394329 -0.054941304 
0.001101504 0.00028133343 -0.0029734746 0.00036054396 
0.00022819007 0.002063016 -0.00027084874 -0.010085152 
0.00036054396 0.010715447 0.04167912 -0.19722903 
0.0052228672 -0.00045293226 -0.048709467 -0.07504213 
0.00022035585 0.0019246555 -0.023789162 -0.08778532 
-0.004923656 -0.004744317 0.01186669 -0.08188864 
0.00090973027 -0.0061893817 -0.0021194043 0.013473254 
-0.0028834045 0.0008913458 -0.01878747 -0.009240586 
-0.0003682634 0.0078102173 0.020621784 -0.17217748 
-0.003576767 0.009553708 0.0075552016 -0.15434247 
0.0031258161 -0.0014003688 -0.03524907 -0.18573971 
0.00033045837 -0.014061887 -0.017554164 -0.37923414 
0.0025485153 0.002279195 -0.030459352 -0.1530825 
0.0034843197 -0.0049413447 -0.0183654 -0.049163096 
-0.0022400916 0.0 0.0 0.0 
-0.0022584908 -0.0022329884 -0.0056133 -0.02310597 
-0.0029734746 -0.0058425944 0.024820201 0.070384376 
-0.002496842 0.0116472 -0.01473382 0.010628767 
0.00012279766 0.022378549 -0.06591995 -0.47839025 
0.000761147 0.0017350814 -0.0010460103 -0.089428954 
0.0005701534 0.00817383 -0.017574882 0.13245782 
0.0052166516 0.006523486 0.010194905 -0.08632416 
-0.00037368658 -0.0018007437 0.00038779783 0.008957034 
-0.0010850581 -0.0014227617 -0.0049546417 -0.0120379925 
0.0015371795 0.0034843197 0.0 0.0 
-0.002669436 -0.005638468 0.023069886 -0.18698242 
-0.0032097318 0.012207785 0.05073338 0.09998572 
0.00035534764 0.014505137 -0.02163686 -0.52668464 
-0.0020629298 -0.006431766 -0.033232357 0.09056893 
-0.00023598658 -0.0024826012 -0.00689092 -0.051918454 
-0.0010919432 -0.01474563 0.08305863 -0.2560368 
-0.0045492407 -0.00778074 -0.041748956 -0.4840716 
0.0026530465 0.0015799707 -0.005175205 -0.15032539 
-0.00019853482 0.00017651726 0.0069912006 -0.118996456 
0.0065797195 -0.0029937737 0.00362373 0.007500302 
0.0012691292 -0.0022123654 0.008067612 -0.0019515529 
-0.00035630065 -0.0031145383 0.07444471 0.1633065 
-0.002747901 -0.023647342 0.0549713 0.12153113 
-0.0037616075 -0.018402258 -0.009074876 0.015413843 
0.0019570086 0.0042463616 -0.008286557 -0.13787648 
-0.0034943565 0.019211914 0.10748844 -0.23616812 
-0.00014168829 -0.00024618953 -0.021579664 -0.07916695 
0.00046957214 0.00022819007 0.0 0.0 
-0.0001797349 0.0016101599 0.035229266 -0.11745471 
0.002601898 0.016261071 0.0655851 -0.26731917 
7.726093e-05 0.00021833628 -0.015483847 -0.056208614 
-0.000106241554 0.008252291 -0.010556087 -0.07142034 
0.0018030361 0.0024449187 -0.03876099 -0.07134928 
0.002716507 0.0007429351 3.365311e-05 0.012126059 
-0.0010574554 -0.007162586 -0.0010326914 -0.04542893 
0.0011183205 -0.018263143 -0.0380368 -0.2179924 
-0.003666489 0.0063400175 0.01925737 -0.19880588 
-0.0009889503 -0.0010982133 -0.00063852756 -0.00045345817 
-0.0028365315 0.00043139223 0.0065891957 -0.044521637 
-0.00338146 0.0003562444 -0.0062278043 -0.03747259 
-0.0005648726 0.0037906999 0.0039077043 0.1413668 
0.0012723943 0.003447974 -0.02369967 -0.08853389 
-0.0061794193 0.022438623 0.04919251 -0.64832556 
-0.0038999792 -0.001747955 0.010583839 0.0030692015 
0.00050483696 -0.0024869475 -0.0049673794 -0.013227293 
0.0013057704 -0.008091474 0.00027856627 -0.040393025 
-0.0030565476 0.004439486 0.009970672 -0.07180345 
0.00054448936 0.002715738 0.012087711 -0.10724306 
-0.002499589 0.00703374 -0.023493906 0.06460926 
0.0031371438 -0.00087870634 -0.014611013 0.04582706 
-0.0015823774 -0.0034330166 -0.04453796 -0.11111663 
-0.00020304212 0.005107375 -0.003466104 0.0087044705 
0.00240582 -0.0029264893 -0.017356252 -0.1042687 
-0.004452461 -0.00071355805 0.00018381793 -0.030824665 
-0.0042452584 0.008502543 0.028529905 0.071453296 
0.0011161491 -0.0059252195 0.025745414 0.06501463 
-0.00010336996 -0.014712449 -0.004432585 0.0947763 
-0.0006465916 0.00034761368 -0.0076784315 -0.054663837 
-0.0029542285 -0.0033409623 0.04627019 -0.22690076 
-0.0048507676 -0.014476349 0.029931443 -0.26849684 
-0.004454991 -0.0048507676 -0.00519568 0.0007412187 
-0.0021375103 -0.002431932 -0.005458334 -0.07079792 
-0.0028696635 -0.0032097318 0.005436022 0.009625521 
0.002365467 0.013524901 0.09822871 -0.031772077 
-0.0033154346 -0.0027589942 0.0016056285 -0.03060551 
0.0028868925 0.008980759 -0.01890939 -0.13144514 
0.0014550033 -0.0032097318 0.0039810184 0.009625521 
0.0017411836 -0.010609973 -0.0027855467 -0.02292376 
0.0026431375 0.00046947133 -0.051642984 0.05058816 
0.004337006 0.0068980707 -0.002468112 0.010712296 
0.0007203083 0.0005750591 0.05543739 -0.16049457 
0.0021414107 0.0030340794 0.008963747 0.04266577 
-0.0028976593 -0.01785488 0.001242294 0.051351845 
-0.00017293914 0.002910685 -0.038589213 -0.100994945 
-0.0041143275 -0.00045938432 -0.04320258 -0.09600202 
0.0023682208 -0.00045938432 -0.042084303 -0.10469325 
-0.0018425928 0.0 0.0 0.0 
0.0021871754 3.7223246e-05 -0.047810566 -0.11074462 
0.00011557039 -0.00045938432 -0.045860402 -0.06581092 
0.00032881845 -0.00045938432 -0.04618922 -0.06581092 
0.00065212103 0.0007832898 -0.04124724 -0.091555044 
-0.00039628826 -0.00045938432 -0.039725766 -0.07107533 
0.0021416722 -0.00045938432 -0.041867442 -0.07107533 
-0.0010777103 -0.00045938432 -0.040717922 -0.051983304 
-0.0030170942 -0.00045938432 -0.033556685 -0.060512558 
-0.0007976174 0.00048759108 -0.038065918 -0.034656018 
0.00036393615 0.000528543 -0.059780158 0.12836787 
0.0015118663 0.0003849864 -0.0705383 -0.38503432 
0.0010556559 -0.02244897 -0.008323628 -0.21449302 
-0.0036595925 0.0025061108 -0.038407117 -0.036533047 
-0.0020204112 0.0036646302 0.02915574 -0.10496608 
-0.001112903 -0.00045938432 -0.04037851 0.00465009 
0.0007460755 -0.014622768 -0.0035768207 -0.10164669 
-0.0013384019 -0.00045938432 -0.033846267 -0.0022897348 
-0.0013053064 -0.00045938432 -0.032262303 -0.0032478664 
0.00016481619 -0.003666489 -0.0011253624 0.0063324487 
0.0015748006 -0.0022068587 -0.02163133 0.014528416 
-0.0014948205 0.0043704165 -0.019329445 -0.010872424 
-0.0017972382 0.002434921 -0.01242813 0.0017519146 
0.0016414151 -0.0003628925 -0.0021074251 0.00014476199 
-0.0001469125 -0.00045938432 -0.018407043 0.017501784 
-0.00048636942 -0.00045938432 -0.016946953 0.005980497 
-0.0007237487 -0.0033149817 0.008914901 0.11297763 
0.0032550076 0.017432619 0.06283018 -0.32761136 
-0.0027009633 0.0035428149 0.006217902 0.008568768 
-0.00023440571 -0.0114415735 0.028798312 -0.1536804 
-0.005244715 -0.0023250417 0.008776637 -0.021955479 
-0.0011213132 -0.00039768987 0.054276004 -0.011625968 
-0.0067858947 0.0016425647 0.004261106 -1.4719204e-05 
-0.0049612746 -0.012494656 -0.01283941 0.05104685 
0.001351309 0.0 0.0 0.0 
0.0015983679 -0.0031921573 0.032198012 -0.007828295 
0.00021253918 -0.006290743 0.018822383 0.016086496 
-0.0027959791 0.002989905 0.008301351 -0.08827785 
-0.002085058 0.0048545357 -0.0013937049 -0.0018674841 
0.0016363612 -0.006480007 0.023864692 -0.07433746 
0.0033045204 0.004848388 0.011085284 -0.0019289632 
0.0021688906 0.0050855996 0.0066825105 0.0051234327 
-0.00029564367 0.0022839834 0.04898306 -0.13062075 
0.0078108488 -0.003968936 -0.047264904 -0.27224883 
-0.0068169124 0.0024754105 0.044219423 -0.061997503 
-0.002091843 -0.0013263826 0.0073161568 -0.009935104 
0.002931953 0.0024754105 0.033148244 -0.08496179 
0.004739769 0.0015931298 0.036998566 -0.06681958 
-3.4249017e-05 -0.0025657695 0.014147703 0.005247608 
-0.0020393352 0.00836152 -0.0076798224 0.060242362 
0.0012645408 0.00055303646 0.040556174 -0.03426972 
-0.0009994758 0.0030397098 0.010067866 -0.025305256 
-0.00049110875 0.0013869313 -0.003835536 -0.006029209 
0.0015653375 -0.0011054582 -0.009416772 -0.013240396 
0.0041260323 0.0043480014 0.029501326 0.14239281 
0.00073133217 -0.0034967223 0.043000296 0.24235022 
-0.00073938066 0.008387882 -0.0071518235 -0.032554034 
0.0036326344 -0.011265999 0.044244986 -0.009981722 
0.001479357 0.000877092 -0.00832474 -0.11173102 
-0.0037251299 -0.0046490463 0.039041325 0.0108288005 
0.00024762182 0.007934722 0.019428855 -0.22641534 
-0.0035984481 0.0018304351 0.016565971 -0.2481983 
0.0032787658 0.0016954237 0.0 0.0 
0.0008555922 -0.0032073795 -0.00012322885 -0.013142532 
-0.0005313442 -0.0032073795 0.00040811536 -0.013142532 
-0.00019411498 -0.0031921573 0.021929858 0.029716447 
0.00013940939 0.004762458 -0.016464634 -0.34243214 
0.00040811536 -0.011080763 -0.02966229 -0.05201219 
-0.0041252123 -0.0068725953 0.10995936 -0.04956776 
-0.001961464 -1.8513678e-05 0.008540239 -0.0016236994 
-0.0008069804 -0.007419833 0.01015039 -0.30877095 
0.0013800068 0.0049242494 0.0065277643 -0.02989633 
0.0033891627 0.0017564092 0.016334413 0.024571031 
5.9216676e-05 0.00060758926 0.005225464 -0.10550188 
0.001661215 -0.0061341347 0.0 0.0 
-0.0040693176 -0.005067554 0.047366366 -0.04691524 
0.0018267847 0.00017892127 0.0032107555 -0.020489467 
0.001437954 0.0019495824 0.0 0.0 
0.0013362325 -0.003513272 -0.035861164 0.16641736 
0.0010683849 -0.0032448366 -0.0013500445 -0.012688209 
0.0005773612 0.0030443445 0.010070572 -0.11045313 
-0.004221109 0.00022261136 0.0025943292 0.0047713933 
-0.0009812317 -0.019363528 0.017270643 -0.08434053 
0.00050927146 0.0019024959 0.011860613 -0.17816216 
-0.002155618 0.007071468 0.004786474 -0.0010275529 
-0.0054882616 0.004924241 -0.0057278248 -0.27776814 
0.0032878546 0.0027944988 0.016017616 -0.12883916 
0.0038646057 0.004354824 0.0044657453 0.0078008524 
0.002697577 -0.0055509275 0.077424034 0.11608988 
0.0012611622 0.008917624 -0.02562885 -0.94805694 
-0.0014866586 -0.005907611 0.0072377836 0.034003317 
0.003950166 -0.006684049 -0.025298493 -0.23127231 
-9.794322e-06 0.003950166 -0.0054403762 -0.0012477963 
-0.0029020207 -0.0039223903 0.015903322 -0.03472419 
-0.0054403762 -0.0054983906 0.023148127 0.00060623884 
-0.003155968 -0.013629654 0.004240427 -0.19483721 
-0.002866546 -0.0013636213 -6.0886843e-05 0.004029581 
0.002011734 0.0021908584 0.0060437797 -0.07255994 
-0.0012477963 -0.007801707 0.051927716 -0.06795926 
-0.0014393731 -0.0012477963 0.0 0.0 
-0.006489692 0.0056255157 -0.014589362 -0.36072204 
0.0047422103 0.0076858406 0.0474099 -0.058568794 
-0.00064199703 -0.0038560173 0.015603812 0.0067276806 
-0.00013287095 -0.0017474744 -0.0004918554 0.0015306091 
-0.0018020704 0.0046675424 0.016851049 0.045160126 
0.0011205111 -0.0004431717 0.034960136 0.10310389 
0.0023028676 -0.012199804 -0.0017477022 -0.030687835 
0.0015735707 -0.007219001 0.004283741 -0.37615466 
-0.0027659554 -0.006441106 -0.0038601197 -0.12607974 
0.0025937841 0.0005108542 0.03324143 -0.08627059 
-0.00014264528 -0.0023074734 0.014705169 -0.03521255 
0.003225199 0.010479111 -0.02930223 -0.48891756 
0.0007029489 -0.011251642 0.050339937 0.066599414 
0.0044657453 0.012905756 0.0065503046 -0.250442 
0.006227282 -5.69541e-05 0.013879949 -0.05566618 
0.0038936813 -0.0029949653 0.053777166 0.0036836863 
0.0012496879 0.0077838423 0.07472946 -0.0010303259 
-4.6331177e-05 -9.022816e-05 -0.01771491 -0.10828677 
-0.0010138681 0.0012976187 0.034132637 -0.11967209 
-0.00086887984 0.013066244 0.023671677 0.07459971 
0.0039490033 0.016137414 0.010577677 0.121416554 
0.004029581 0.014169105 -0.010423769 -0.05866538 
