-0.0072970134 -0.16865665 0.11517015 0.5704837 
-0.0018409918 0.013987519 0.03897073 0.3723604 
0.0014738773 0.01035244 -0.016549524 0.07191748 
-0.022299858 0.0 0.0 0.0 
0.037496842 0.011968443 0.22484687 0.20923966 
-0.016250305 -0.0038463422 0.13728061 0.6653216 
-0.023439696 0.0 0.0 0.0 
-0.024501689 0.0 0.0 0.0 
-0.027935611 0.0 0.0 0.0 
0.004170226 -0.013220079 0.05942095 -0.81761026 
-0.0051094186 -0.014329111 0.11333764 -1.6671575 
0.0031885537 0.0 0.0 0.0 
0.013586543 -0.017837055 0.15157309 2.1549098 
-0.002397241 -0.0210324 -0.07986139 -0.25956815 
-0.00896759 0.0 0.0 0.0 
-0.011266732 0.0 0.0 0.0 
0.006287989 0.0 0.0 0.0 
0.0037403435 0.0 0.0 0.0 
-0.0032048512 -0.040605705 -0.447313 -3.7832208 
-0.018578997 0.0 0.0 0.0 
-0.020618692 0.0 0.0 0.0 
0.008339141 -0.033509627 -0.20778185 -3.4151595 
-0.0016805431 0.002390895 -0.07202692 -3.769262 
0.0027188817 -0.0038463422 0.13456175 0.6653214 
-0.006642995 0.0 0.0 0.0 
0.0069011175 0.0 0.0 0.0 
-0.0178924 -0.008591853 0.20225638 0.7859738 
0.009571097 0.0 0.0 0.0 
0.011815153 -0.0049989633 -0.021315306 -1.2003618 
-0.0025137563 -0.016475115 -0.18925886 -0.22228172 
0.0054411134 -0.012845313 0.10268858 0.6592526 
0.00049038813 -0.020985011 -0.457603 -2.0909631 
0.00601356 -0.011196002 0.014211252 -0.82179534 
-0.00043261418 0.002485103 0.06520378 -0.1679034 
-0.016765824 0.0 0.0 0.0 
0.002239548 -0.022653906 0.0320794 0.9061931 
0.01628187 0.000310814 0.06451033 0.22603124 
0.010616019 0.0 0.0 0.0 
-0.016045298 0.0 0.0 0.0 
0.004086439 0.0 0.0 0.0 
0.0166564 0.0 0.0 0.0 
-0.012975409 -0.02901849 -0.04580251 0.10159478 
0.014513492 0.0010088525 -0.08874583 -0.54917073 
0.009282035 0.0 0.0 0.0 
0.001175837 -0.021269083 -0.20221424 -0.36232072 
-0.0037712895 0.0 0.0 0.0 
0.0032325115 0.0 0.0 0.0 
0.014509176 0.0 0.0 0.0 
-0.0029755263 0.0 0.0 0.0 
0.015570202 -0.0072970134 -0.04468271 0.06477115 
0.00065061956 -0.0038463422 0.14956397 0.6772732 
0.006340928 -0.010237318 0.07143987 -0.037516236 
-0.01218326 -0.004734277 0.0979822 -1.5444162 
-0.0049280785 0.039542988 0.8189819 4.4765263 
0.016442496 0.0 0.0 0.0 
-0.016628677 0.00678954 -0.053955656 0.0025456734 
0.012498747 0.0 0.0 0.0 
0.0100049665 -0.009005458 0.032256 0.2582832 
-0.00018113865 0.0 0.0 0.0 
-0.013501713 -0.020535065 0.0 0.0 
0.012492465 0.0 0.0 0.0 
-0.001998211 -0.0038463422 0.15649027 0.6340729 
0.0068741445 0.0 0.0 0.0 
-0.0080923885 -0.0033485796 0.06534493 -0.8900749 
-0.011444358 -0.0038463422 0.1679346 0.6340729 
0.020967066 -0.012845313 0.081721514 0.65925264 
0.0121154105 0.0 0.0 0.0 
0.014620237 0.0 0.0 0.0 
-0.0030458255 -0.0038463422 0.17098042 0.6340729 
0.012094776 0.0 0.0 0.0 
0.014694311 -0.0033485796 0.0506506 -0.89007485 
0.029704098 0.051459055 0.30847144 1.3921206 
-0.0047042756 -0.0033485796 0.055354882 -0.89007485 
0.008812531 -0.023288526 -0.068680994 -0.004646462 
-0.01899024 -0.016475115 -0.17026861 -0.22228174 
0.0022626817 0.02007036 0.15200372 0.5026231 
-0.0103278 -0.0038463422 0.15160415 0.5906866 
0.021544052 -0.023288526 -0.090225056 -0.0046464633 
-0.019017708 0.013066161 -0.06773946 -2.3903003 
-0.007888994 0.014566351 0.20339714 -0.10398093 
0.0012854342 -0.0038463422 0.1503187 0.59068656 
0.022841452 0.011968443 0.19334695 0.23904514 
0.020896193 -0.0038463422 0.12942249 0.59068656 
-0.0028956593 -0.086282775 -0.30770567 -1.7486372 
0.0024039962 -0.02901849 -0.04820651 0.10159478 
0.008453248 0.0 0.0 0.0 
-0.0027513504 -0.0062492965 0.07120837 -1.3034501 
-0.022963978 0.0 0.0 0.0 
0.0027617333 -0.0038463422 0.1266608 0.5906865 
0.0052241464 0.0021598367 -0.11033766 0.014711142 
0.008858951 0.014755438 0.17833102 1.6996686 
0.002446452 -0.012845313 0.07927506 0.65925264 
-0.014056157 -0.016475115 -0.15331681 -0.1961806 
-0.011764344 0.0 0.0 0.0 
0.0045678825 0.0 0.0 0.0 
0.0035654928 -0.004745511 0.046236783 0.12065231 
0.004632795 -0.017102467 -0.04916744 -0.63919926 
-0.005150484 0.002485103 0.07035425 -0.16790345 
-0.0016090716 0.0 0.0 0.0 
0.026029635 0.0 0.0 0.0 
0.022654077 0.0 0.0 0.0 
0.021768067 0.0 0.0 0.0 
0.015121634 0.0 0.0 0.0 
-0.013045056 -0.010237318 0.08448493 -0.037516236 
-0.00040565053 0.0 0.0 0.0 
-0.01822331 -0.0038463422 0.1448841 0.5906866 
0.0023440241 0.0 0.0 0.0 
0.005363497 -0.009113256 0.0 0.0 
0.018063664 -0.0038463422 0.12682042 0.59068656 
-0.031526074 -0.013220079 0.087717295 -0.79327714 
0.014191486 -0.012859236 0.078433484 -0.14969918 
0.0039038202 -0.019903457 0.18618023 -2.4636421 
0.011558376 -0.059900403 0.00335294 -1.0941722 
7.87177e-05 0.002485103 0.05608405 -0.1525591 
-0.0033402364 0.012693491 -0.04382588 -0.028139353 
0.019710166 0.0 0.0 0.0 
-0.02228619 0.013987519 0.06125693 0.3723604 
-0.014919198 0.0 0.0 0.0 
0.0006782661 -0.0038463422 0.12614214 0.59068656 
-0.026797669 0.002485103 0.08288173 -0.15255907 
0.0058790855 0.0 0.0 0.0 
-0.0035647228 0.011968443 0.1969117 0.23904517 
0.013270717 0.011968443 0.18364096 0.2390452 
0.0035184696 0.0 0.0 0.0 
-0.011972325 0.0 0.0 0.0 
-0.004669777 -0.016475115 -0.14864704 -0.19618061 
-0.001778724 0.0 0.0 0.0 
0.006685488 0.0 0.0 0.0 
0.0014892236 0.0 0.0 0.0 
0.008747988 -0.004506672 0.017497942 0.059339702 
-0.006265967 -0.0038463422 0.13240814 0.5906865 
-0.017158633 0.0 0.0 0.0 
-0.006010167 0.0 0.0 0.0 
0.00866949 0.024267085 0.13900903 2.5690322 
0.010258366 -0.0038463422 0.122149765 0.5906866 
-0.0030030224 0.0 0.0 0.0 
0.014730494 0.002485103 0.068151236 -0.1525591 
-0.0011509043 0.025442746 0.00023264624 0.23236614 
-0.022000095 0.011968443 0.19689307 0.25552022 
-0.007140487 0.0 0.0 0.0 
0.01946937 0.0 0.0 0.0 
-0.00028055473 0.0 0.0 0.0 
0.006332403 -0.026936904 0.13024113 -2.0135493 
0.004050685 -0.0040572966 -0.08440465 -0.096071005 
0.010304289 -0.010237318 0.07418064 -0.03751624 
0.015091552 0.06612739 0.88074833 3.3094158 
-0.0012729075 0.0 0.0 0.0 
0.017442038 -0.016475115 -0.17483707 -0.19618061 
-0.006195288 -0.019823695 -0.0967138 -1.0267423 
-0.005419814 0.0 0.0 0.0 
0.0018527617 -0.009005458 0.025179107 0.24711785 
-0.02147674 -0.016475115 -0.14716505 -0.19618061 
0.00056480605 0.0 0.0 0.0 
0.010974234 -0.0033485796 0.06095375 -0.83056164 
0.012355206 0.0 0.0 0.0 
-0.008539754 0.0019057498 0.035678178 -1.6507399 
-0.008106549 0.0 0.0 0.0 
-0.011966057 0.006689478 0.008720327 0.054271422 
0.025091274 0.0 0.0 0.0 
0.0037594482 0.0 0.0 0.0 
-0.02519977 0.0 0.0 0.0 
-0.010162384 0.0 0.0 0.0 
-0.010036821 0.0 0.0 0.0 
0.002783313 0.0 0.0 0.0 
0.000862535 -0.0033485796 0.060091227 -0.83056164 
0.0032461968 0.01697709 0.13333236 1.9959891 
-0.018767316 0.0121575305 0.16882485 1.9951687 
-0.009845983 0.006689478 0.018566307 0.05427141 
0.043614518 0.0 0.0 0.0 
-0.0072060134 0.0 0.0 0.0 
-0.031146651 -0.0038463422 0.14674464 0.5926621 
0.010079036 -0.009005458 0.01510006 0.24711794 
-0.003960011 0.004568653 0.19467174 0.3009385 
0.008154883 0.0 0.0 0.0 
0.011976825 0.0 0.0 0.0 
-0.0012595609 -0.0033485796 0.061350778 -0.83056164 
-0.012701238 -0.010237318 0.086881876 -0.037516236 
-0.019708358 0.0 0.0 0.0 
0.01816475 0.0 0.0 0.0 
-0.007724137 -0.0038463422 0.15446876 0.5926622 
-0.0023687806 0.0 0.0 0.0 
0.0034385745 -0.008954462 0.0 0.0 
0.008630667 0.038644347 0.32607096 0.6517191 
-0.017084401 0.0 0.0 0.0 
0.013107664 0.0 0.0 0.0 
-0.0017984753 -0.0038463422 0.15626721 0.5926622 
0.0073397504 0.0 0.0 0.0 
-0.0031013566 -0.013220079 0.053932518 -0.7697786 
-0.023772309 -0.0038463422 0.18003953 0.59266216 
0.015987528 -0.13346599 -0.40444097 -0.5039896 
0.01619605 0.0076868692 0.012886571 0.04021309 
0.022465838 0.038644347 0.2811393 0.6371526 
0.007191222 -0.0046306048 0.10805024 0.2919221 
-0.017265363 0.0 0.0 0.0 
0.01381219 -0.015344339 0.00845854 0.0028599203 
-0.0025870039 0.04069097 0.26150507 2.3075383 
-0.004212377 -0.017929373 0.06354484 -0.7215686 
0.00455611 -0.011616437 0.042040586 -0.9529864 
0.012440206 0.0 0.0 0.0 
-0.017551297 0.0 0.0 0.0 
0.008526974 -0.0038463422 0.15552503 0.7033833 
-0.015365452 0.0 0.0 0.0 
0.013832839 -0.0321929 -0.62310445 -3.7863693 
-0.0012310962 0.0 0.0 0.0 
-0.01265149 0.005494805 0.07235764 -1.2936803 
0.014072148 -0.009956662 0.060002588 0.8139726 
-0.0140022775 -0.022634963 -0.015259968 0.15147594 
-0.00074272224 0.0 0.0 0.0 
0.004041043 0.011968443 0.19263738 0.220264 
-0.0081095155 0.002485103 0.061169192 -0.17409214 
-0.0025881077 0.011968443 0.19522548 0.22026408 
0.00858376 0.0046705403 -0.0033485796 0.039167628 
-0.0037497145 0.011968443 0.19897522 0.22026405 
0.0046705403 0.0052351803 0.039167628 -0.7019993 
-0.0025440156 0.0 0.0 0.0 
-0.005765934 0.0027705003 -0.006155835 0.03532801 
-0.014143389 -0.0038463422 0.15559629 0.70949364 
0.0021487852 0.0066759 -0.013433616 -0.021065231 
-0.023569776 -0.0033485796 0.062737405 -0.7019993 
0.008504484 -0.0038463422 0.14709178 0.70949364 
0.00353387 0.0 0.0 0.0 
0.007947917 -0.009005458 0.0071521364 0.2471179 
-0.015043835 0.0 0.0 0.0 
-0.008611473 0.012141756 0.15676707 -0.13916542 
-0.008123955 0.0 0.0 0.0 
-0.009744521 0.0 0.0 0.0 
-0.0016770602 -0.003321875 -0.013770267 2.9792867 
-0.004745511 0.031909876 0.11680598 0.45798934 
0.009009421 0.0 0.0 0.0 
0.017371684 0.074714705 0.54510325 1.3895502 
-0.011434531 0.0 0.0 0.0 
0.0077859196 0.024077997 0.12500328 0.7362492 
-0.005860351 0.0 0.0 0.0 
-0.017717712 -0.0072970134 -0.1287056 0.11385991 
-0.005469467 0.040567636 0.21113853 0.42754054 
0.002288677 0.0 0.0 0.0 
0.016996799 -0.0038463422 0.1127233 0.6606367 
0.0070015886 -0.004745511 -0.005045779 -0.009429343 
0.015019062 0.004043686 0.003030125 -0.28815645 
0.014610278 0.0 0.0 0.0 
-0.033688556 0.0046090283 0.0 0.0 
-0.0032033864 0.0 0.0 0.0 
0.038551625 -0.015344339 -0.030093089 0.0028599054 
0.0093852505 0.011968443 0.18958995 0.22026405 
0.01671789 0.0 0.0 0.0 
-0.00045059502 -0.018468084 0.02395735 -0.49257612 
0.02032162 -0.048196144 -0.09927366 -0.6393347 
0.011340648 0.012141756 0.14542641 -0.13916543 
-0.007074356 0.0 0.0 0.0 
0.023639293 -0.0038463422 0.089084014 0.66063666 
0.0056253597 0.0 0.0 0.0 
0.0071119214 -0.0504604 -0.30705363 -1.5609677 
-0.016268162 -0.0038463422 0.10535216 0.6606367 
0.030164236 0.0 0.0 0.0 
-0.0040659853 0.0 0.0 0.0 
0.024080476 0.0 0.0 0.0 
-0.012845313 0.10083268 0.61581707 5.0105543 
0.0055697034 0.038277417 0.42220116 2.8468425 
-0.01807261 0.0 0.0 0.0 
-0.00846274 0.0 0.0 0.0 
-0.016429368 -0.016735183 0.060850248 -0.1199989 
0.009640021 0.004683082 0.026612362 -0.60488224 
0.018608764 -0.0033485796 0.027827296 -0.6838732 
-0.012655127 0.0 0.0 0.0 
-0.0017295349 -0.0038463422 0.11992701 0.6189939 
0.018980667 0.0 0.0 0.0 
0.0057960707 0.0 0.0 0.0 
-0.015338839 0.0 0.0 0.0 
-0.009542312 0.0 0.0 0.0 
-0.010544159 0.022759166 0.06971378 -0.15722938 
-0.0035492138 0.014755438 0.13849045 1.5740137 
0.018844355 0.024267085 0.08118127 2.3615808 
-0.006279906 0.0 0.0 0.0 
0.008662219 0.0 0.0 0.0 
0.010100909 0.0 0.0 0.0 
-0.011034423 -0.030612616 0.0012854524 0.079675965 
0.01167658 0.0 0.0 0.0 
-0.0016396231 -0.0038463422 0.12156664 0.6189939 
0.022459224 0.0 0.0 0.0 
-0.010642724 0.0 0.0 0.0 
-0.0017699422 0.0 0.0 0.0 
-0.010938178 -0.01882673 -0.091128826 0.111545205 
-0.021616949 0.0 0.0 0.0 
-0.027328344 0.0 0.0 0.0 
-0.016856186 -0.0038463422 0.13842285 0.618994 
-0.0050736093 0.0 0.0 0.0 
-0.006528841 -0.0038463422 0.14495167 0.61899394 
0.015261391 0.011106189 0.009217352 -0.6766205 
0.014159032 0.0 0.0 0.0 
-9.4167495e-05 0.0 0.0 0.0 
0.014584375 -0.023288526 -0.11200065 -0.01133594 
0.007732284 0.0 0.0 0.0 
-0.008927427 0.0 0.0 0.0 
-0.0016393745 -0.0072970134 -0.049491264 0.22558631 
-0.010205537 -0.009005458 0.01069635 0.27337497 
0.0022999723 0.0 0.0 0.0 
-0.021666612 -0.0038463422 0.16661829 0.6189939 
0.011990147 -0.011196002 -0.055508614 -0.613891 
0.0043211672 0.0 0.0 0.0 
-0.005637958 0.0 0.0 0.0 
0.0014898701 0.0077096694 0.00070906885 0.0 
-0.017377635 0.00678954 -0.04832933 -0.012197822 
0.0033684487 -0.02901849 -0.051574953 0.10159479 
0.0016017302 0.04274341 0.6963652 2.7342598 
-0.0027523562 -0.0036572549 0.13666625 2.2858307 
-0.030205963 -0.028034037 -0.07983888 -0.020765286 
-0.012775498 0.011968443 0.195194 0.19783321 
-0.014332338 -0.0016759699 0.13417289 -0.16587481 
-0.0035275961 0.0 0.0 0.0 
0.0077770534 0.0 0.0 0.0 
-0.011596358 -0.0033485796 0.010570368 -0.6889955 
-0.005683431 0.0 0.0 0.0 
-0.01112185 -0.0062619494 -0.1362899 -1.0695105 
-0.02021742 0.0 0.0 0.0 
-0.013053678 -0.033074163 -0.19441113 -0.10337825 
-0.0043377182 0.0 0.0 0.0 
-0.017894916 -0.0033485796 0.039587174 -0.68507326 
-0.00878162 -0.0076633627 -0.009334809 -0.6855142 
-0.006448479 0.014056234 -0.12190926 -1.5234879 
-0.012641087 -0.016475115 -0.13745779 -0.13962424 
-0.020470496 -0.0033485796 0.06650612 -0.7038638 
-0.01062044 0.0 0.0 0.0 
0.0045420504 -0.09001025 -0.44763368 0.5264828 
0.016996222 0.00018908738 -0.048098847 1.6724625 
0.023812247 -0.0072970134 -0.03281361 0.06477116 
0.0012716553 0.0 0.0 0.0 
-0.0023003172 -0.0038463422 0.16552718 0.61336863 
-0.013080026 0.0 0.0 0.0 
-0.0016863999 -0.0038463422 0.16721357 0.61336863 
-0.009790217 -0.0038463422 0.17700379 0.61336863 
-0.016013177 -0.012722336 0.020259205 0.017703522 
0.0018530537 0.07368995 0.5433907 3.5073519 
0.023077581 0.0045420504 -0.07399318 -0.28395978 
-0.028434554 -0.016475115 -0.11356528 -0.14076662 
0.0032519475 -0.046334576 -0.118204616 -2.4932113 
-0.0013105061 0.019812105 0.2505649 -1.4725162 
-0.0050577605 -0.02901849 -0.046517193 0.10159478 
0.00076156814 -0.0144312745 0.00018908738 -0.040048476 
0.007969264 -0.0033485796 0.052053377 -0.6168966 
0.01256706 0.0 0.0 0.0 
0.01945655 0.0 0.0 0.0 
-0.020491421 0.014755438 0.13947551 1.4630766 
-0.026605189 -0.019823695 -0.0069910474 -0.76324415 
-0.010514644 0.0121575305 0.18622024 1.7209163 
-0.018215528 -0.022634963 0.0029555585 0.15147595 
-0.015228748 0.0 0.0 0.0 
-0.018624548 0.0 0.0 0.0 
-0.007734581 -0.042049564 -0.090255424 -0.014915019 
-0.0003065098 0.0 0.0 0.0 
-0.011068559 -0.0038463422 0.18807234 0.61336863 
0.0046263915 -0.010237318 0.08225548 -0.037516236 
0.025108567 0.0011934708 0.03075565 -0.4267816 
0.00036000134 -0.0038463422 0.18771236 0.61336863 
0.0041688215 -0.0009468868 0.07565254 0.25511783 
-0.018122038 0.0 0.0 0.0 
-0.031766627 -0.02154951 0.16852643 -0.40282246 
-0.021974754 0.0 0.0 0.0 
-0.013624456 -0.006504941 -0.01967217 -0.39917606 
0.001770253 0.0 0.0 0.0 
0.012362914 0.026521044 -0.013101948 -0.026679225 
-0.022008909 -0.02901849 -0.02450829 0.10159478 
-0.004418148 0.012141756 0.15115507 -0.16230072 
0.0056594145 0.0 0.0 0.0 
0.010105371 0.002485103 0.08679999 -0.17514592 
0.010620178 0.0 0.0 0.0 
-0.00625312 0.0 0.0 0.0 
0.004109027 -0.0038463422 0.21536994 0.61336863 
0.0071341693 -0.013220079 0.05133822 -0.5891272 
0.0038687203 0.0 0.0 0.0 
-0.022494365 0.0121575305 0.23120898 1.7089477 
0.009855697 0.00018908738 -0.00630717 1.5766261 
0.005998188 0.0 0.0 0.0 
0.016558055 -0.010237318 0.06569743 -0.037516236 
-0.00045721477 0.0009642085 -0.26164082 -1.5182035 
0.0041606757 -0.02901849 -0.028668966 0.10159478 
0.026747711 -0.0038463422 0.18862224 0.61336863 
0.0023403896 -0.012845313 -0.027261168 -0.020567954 
0.010542087 -0.0038463422 0.17808014 0.61336863 
0.017175693 -0.043202188 0.01846522 0.9187367 
0.0007207888 -0.06620081 -0.9168637 -3.0371075 
0.004933059 0.009559899 -0.60269827 -0.8152652 
-0.004685461 0.0 0.0 0.0 
0.002138736 0.0 0.0 0.0 
-0.0073620114 0.007103597 0.0 0.0 
0.005249209 -0.0038463422 0.1507222 0.61336863 
0.010072039 0.013987519 0.025113795 0.3474789 
-0.016425367 -0.023784427 -0.09462474 -0.26499927 
0.004268184 -0.055400036 -0.3342827 -1.4614375 
-0.017116295 -0.014890635 0.017607644 -0.7970433 
-0.0033664277 0.013987519 0.028480232 0.34747893 
-0.022628512 0.0 0.0 0.0 
0.004563263 -0.010734976 0.11908968 -0.66053015 
-0.0036997984 0.0 0.0 0.0 
-0.0025287834 0.02319595 0.1528061 0.096897975 
0.014127444 0.0 0.0 0.0 
3.7441394e-05 -0.016475115 -0.06155695 -0.09499553 
0.007227495 0.03535732 -0.22158968 -0.59426665 
0.0077688606 -0.0277102 0.21775343 0.76911664 
-0.0034023342 0.0 0.0 0.0 
-0.00046587383 -0.017085366 -0.122868456 -0.030632347 
-0.008450671 -0.0038463422 0.15140398 0.6207684 
-0.009813423 -0.013220079 0.046666354 -0.48538426 
0.03062928 0.0 0.0 0.0 
-0.027347578 0.010874454 0.058601625 0.092269994 
-0.019021006 -0.0033485796 0.08403346 -0.57469726 
0.011244908 -0.0038463422 0.1401591 0.6207684 
-0.013317685 0.0 0.0 0.0 
0.0048613497 -0.012845313 0.053615022 0.54004604 
0.0018989396 -0.012947894 0.07574766 -0.46850157 
-0.0042524077 -0.004161073 0.041519936 0.00927113 
-0.0014371759 0.011968443 0.22909766 0.13232154 
-0.014109321 0.0 0.0 0.0 
0.010512189 -0.0038463422 0.1296469 0.6207684 
0.0061648283 -0.0072970134 -0.07682139 0.06477116 
-0.011486925 -0.019177577 0.045968197 0.35193688 
-0.011308496 -0.0033485796 0.09344302 -0.56509805 
0.023890192 -0.0072970134 -0.12141804 0.14541581 
0.00018908738 -0.00598678 1.6891861 9.04632 
-0.014454496 0.0 0.0 0.0 
0.0010304798 0.0 0.0 0.0 
-0.00045434898 -0.016475115 -0.060636736 -0.09438525 
-0.018816656 -0.08153373 -0.2373322 -1.8948941 
0.0026046233 -0.016475115 -0.06324136 -0.09438527 
-0.013207207 -0.013606008 0.24317169 0.28022924 
-0.0019690439 0.0 0.0 0.0 
0.014856143 -0.0033485796 0.09721445 -0.5854775 
0.021426212 -0.014876989 -0.024613664 -1.112834 
-0.014733912 0.0 0.0 0.0 
-0.008752196 -0.009872384 -0.023732746 -0.4548951 
-0.0017348726 -0.09491094 -0.13183331 0.76728106 
0.011919083 0.10324821 0.37663636 0.96708 
0.016867345 -0.016475115 -0.10153491 -0.09103668 
-0.012477455 0.011968443 0.25478232 0.15789598 
-0.013624518 0.0 0.0 0.0 
0.018877367 0.0 0.0 0.0 
-0.0026028901 0.0 0.0 0.0 
-0.00765215 0.00678954 -0.040211312 -0.0047980472 
0.034984656 0.0 0.0 0.0 
0.01485164 0.0 0.0 0.0 
0.013861256 0.0 0.0 0.0 
0.0019295941 0.018487241 0.38980255 1.1924706 
-0.013973102 0.0 0.0 0.0 
-0.0005388047 0.0 0.0 0.0 
-0.0049814796 -0.009917712 -0.13118939 1.2207367 
-0.010223975 0.0 0.0 0.0 
-0.013904774 -0.019823695 0.0037977248 -0.62095535 
0.0013186657 -0.0038463422 0.12293641 0.6056692 
-0.011965003 0.013987519 0.040256146 0.4040404 
0.0009530275 -0.0038463422 0.12198338 0.6056692 
0.026521044 -0.00073903386 -0.026679225 0.20239422 
0.019503666 -0.019729111 -0.029017983 0.00935428 
0.0032745579 0.011968443 0.25150776 0.15789595 
0.023217121 0.0121575305 0.15552434 0.2912109 
-0.0075656795 0.0 0.0 0.0 
-0.00011393302 -0.0038463422 0.1220973 0.60566926 
0.030851683 0.0045420504 0.026754886 0.17029133 
0.022231461 0.012141756 0.12892362 -0.16230074 
-0.005575405 0.0 0.0 0.0 
-0.018695192 0.0 0.0 0.0 
0.0022905213 -0.0038463422 0.11980679 0.60566926 
0.023608645 0.0 0.0 0.0 
0.013183095 -0.03325102 0.006182261 0.2273833 
0.011916331 -0.0038463422 0.107890464 0.6056692 
0.0067206603 0.0 0.0 0.0 
-0.011528044 -0.0038463422 0.11941852 0.6056692 
0.008207219 -0.0033485796 0.08322065 -0.5299188 
0.0035226534 0.0 0.0 0.0 
-0.016609637 0.0 0.0 0.0 
-0.009553441 0.0 0.0 0.0 
0.004219676 0.0 0.0 0.0 
-0.0073773907 0.002485103 0.08749543 -0.082215436 
-0.0055583785 -0.02901849 -0.023299672 0.052798226 
0.03172277 0.0 0.0 0.0 
-0.009872384 -0.058475852 -0.52730286 -0.7271347 
0.0085794795 0.0 0.0 0.0 
0.009051933 -0.010237318 0.056645498 -0.03751624 
0.022710549 -0.0038463422 0.096707955 0.60566926 
0.01600907 -0.02901849 -0.03930874 0.052798226 
-0.009012515 0.0 0.0 0.0 
-0.007530485 -0.0033485796 0.10062353 -0.55946565 
0.0022956377 0.00678954 -0.042506948 -0.00479804 
0.008200268 0.0 0.0 0.0 
0.009413904 -0.007198414 0.06793548 -0.05204296 
0.004306821 -0.008763946 0.0 0.0 
-0.02877708 -0.0038463422 0.12548502 0.60566926 
0.008106182 -0.010654271 -0.023900995 0.19137639 
0.010285099 0.0 0.0 0.0 
-0.0135481665 0.017780691 -0.077326044 -0.49665132 
0.006850175 -0.0038463422 0.118634865 0.6056692 
-0.00896553 0.0 0.0 0.0 
0.008589812 0.0 0.0 0.0 
-0.023624137 -0.016498987 -0.07718278 0.0011753961 
0.00486965 0.006689478 0.0061869323 0.07805441 
0.0061950698 -0.0033485796 0.09856272 -0.5659344 
-0.033024974 -0.0033485796 0.13158768 -0.5659343 
-0.019206531 -0.045836523 0.091034114 -0.4492917 
0.006408239 0.015243363 -0.16288471 -0.4800885 
-0.0035626173 0.0 0.0 0.0 
0.006908989 -0.014536321 -0.14863873 -1.6809249 
0.038294178 -0.004734277 0.083569065 -0.96551776 
-0.005034217 0.0 0.0 0.0 
-0.011828809 0.011467505 0.20948061 0.8484849 
0.015796712 -0.0038463422 0.102838166 0.6056692 
-0.006892325 0.0 0.0 0.0 
-0.0043161483 0.0 0.0 0.0 
0.006689478 -0.0032457318 0.05427143 0.41682535 
-0.0100107035 0.0 0.0 0.0 
-0.0105111385 -0.0033485796 0.116102204 -0.503981 
-0.011729454 -0.027120708 -0.023139223 -0.36481524 
0.0028959694 0.0 0.0 0.0 
0.020330796 -0.008672215 0.060121518 -0.18301079 
0.0015730952 -0.016475115 -0.068486944 -0.04924588 
0.01107524 0.0 0.0 0.0 
-0.0005062857 -0.013140257 0.21379893 0.47476333 
0.010799631 0.0 0.0 0.0 
-0.013319658 -0.048196144 0.041512325 -0.14937401 
-0.0056260275 0.0 0.0 0.0 
0.0030151443 -0.006155835 0.043953825 0.16384582 
0.0011643623 0.0 0.0 0.0 
-0.00020605825 -0.010237318 0.056851555 -0.037516236 
0.016746618 -0.010035278 0.0 0.0 
0.0010128903 0.0 0.0 0.0 
0.0048609837 -0.013220964 0.07641353 -0.6450592 
-0.008224624 0.0 0.0 0.0 
-0.0022127368 0.0 0.0 0.0 
0.007692299 0.0 0.0 0.0 
0.009271485 0.0 0.0 0.0 
0.012932111 -0.009005458 -0.0007631853 0.30166042 
-0.00087955897 0.011968443 0.21598712 0.19836994 
-0.009569828 -0.0034951773 0.08336882 0.3426695 
-0.008863921 -0.012845313 0.037796497 0.29156503 
0.008759976 -0.016568659 0.21345685 -0.6948551 
0.035271645 0.0092271585 0.03563293 0.21182874 
-0.00090269133 0.0 0.0 0.0 
-0.03417612 0.0 0.0 0.0 
-0.011624335 0.0 0.0 0.0 
-0.0012815956 -0.0066833775 0.17017825 -1.0506797 
-0.0015524104 -0.023473576 0.08422104 -0.8276471 
-0.002537973 -0.0038463422 0.105376124 0.60566926 
0.016579043 0.0 0.0 0.0 
0.0037399451 0.0 0.0 0.0 
0.012368922 0.0 0.0 0.0 
-0.008267857 -0.019637223 -0.2838775 -2.6398969 
0.01616119 -0.0033485796 0.10915135 -0.5083921 
-0.0064833085 0.0 0.0 0.0 
0.015088257 -0.004745511 0.0 0.0 
-0.0018024353 0.0 0.0 0.0 
0.00988942 0.0 0.0 0.0 
-0.0016466484 -0.0033485796 0.11079801 -0.5083922 
0.0035366837 0.02576779 -0.049262896 -0.84463185 
0.01010304 0.0 0.0 0.0 
0.016281977 0.006065324 0.09451603 -0.5083922 
0.0025682857 0.0 0.0 0.0 
0.014666358 0.0 0.0 0.0 
-0.02114753 0.0 0.0 0.0 
0.005009897 -0.0038463422 0.10036622 0.60566926 
0.014131199 -0.0049814796 0.0029991772 -0.15112056 
-0.015147876 0.0 0.0 0.0 
0.007818437 -0.00739979 -0.03491544 0.068550974 
0.0073441966 -0.013220079 0.10016982 -0.1812431 
0.009677329 0.0011934708 0.062310938 -0.3141486 
0.004577168 -0.011951658 -0.032301813 -0.07701968 
0.012666723 -0.013638922 -0.10837982 -0.3871878 
0.008913671 0.0 0.0 0.0 
0.013003228 0.0 0.0 0.0 
-0.0016319674 0.0 0.0 0.0 
0.017387327 -0.0038463422 0.082978904 0.6056692 
-0.0029119998 0.0 0.0 0.0 
0.025683247 0.0 0.0 0.0 
0.026453553 0.0 0.0 0.0 
-0.008658253 0.0 0.0 0.0 
-0.0018456426 0.0 0.0 0.0 
-0.018896021 -0.020259026 0.10743315 -0.0074724853 
-0.0032954684 -0.0072970134 -0.10599905 0.14876433 
-0.0074718366 -0.023288526 -0.05082813 -0.017315106 
-0.0033188958 0.019333605 0.24403217 -0.8314512 
-0.0029054675 0.0 0.0 0.0 
0.011012762 0.0 0.0 0.0 
-0.014663518 0.0 0.0 0.0 
-0.029643953 0.0 0.0 0.0 
0.02237469 -0.0038463422 0.060604237 0.6056692 
-0.010069329 0.0 0.0 0.0 
-0.007821238 -0.0041877194 0.0012469218 0.00083172694 
0.0061338074 -0.011870632 0.14124912 -0.17942306 
0.0067304033 -0.012354038 0.08220145 -0.23024702 
0.017615695 0.037793994 0.7102249 3.912159 
-0.016971378 0.00678954 -0.0019114316 0.018490516 
0.0041098967 0.0 0.0 0.0 
0.012572469 0.0 0.0 0.0 
0.0055113886 -0.0038463422 0.03747712 0.5756008 
0.009541709 0.0 0.0 0.0 
0.00139328 -0.02901849 -0.04070202 0.052798234 
-0.011836698 -0.016475115 -0.0483824 -0.03961496 
0.0065568476 0.0 0.0 0.0 
-0.014931943 -0.029994586 -0.06042438 0.16651383 
-0.026264613 0.0 0.0 0.0 
-0.00070719415 0.011968443 0.2023975 0.18589242 
0.009810405 0.0 0.0 0.0 
-0.009343081 -0.004745511 -0.0038706828 -0.033239093 
0.016613558 0.0 0.0 0.0 
-0.019416202 -0.016475115 -0.028966198 -0.039614968 
-0.021699069 -0.004745511 0.011183523 -0.0038463422 
0.008749475 0.0 0.0 0.0 
-0.029561143 0.0 0.0 0.0 
0.008035976 -0.004745511 -0.028250156 -0.03271787 
0.0075318157 0.0 0.0 0.0 
-0.0058651017 -0.009005458 0.0066393577 0.24680865 
0.018824771 -0.0033485796 0.062602416 -0.4770558 
-0.0110147055 0.002485103 0.11161928 -0.11953675 
-0.014246913 -0.00052532705 -0.06999467 -0.412646 
0.016840529 -0.004734277 0.016719624 -0.9729381 
-0.002667606 -0.042484973 -0.043148804 -0.3277239 
-0.0071616014 0.0 0.0 0.0 
-0.012678137 0.0 0.0 0.0 
0.013849741 0.0 0.0 0.0 
0.007620799 0.0 0.0 0.0 
0.014327231 -0.013220079 0.079708785 -0.18432747 
0.013328333 0.002485103 0.09829095 -0.11953673 
-0.0065083997 -0.049898043 0.20767802 -0.8473631 
0.005175347 -0.010237318 0.051676206 -0.037516236 
0.012879863 0.0 0.0 0.0 
0.0076117814 0.0 0.0 0.0 
-0.009536247 -0.0033485796 0.064474136 -0.41665757 
-0.01042593 0.0 0.0 0.0 
-0.00020904653 0.0 0.0 0.0 
0.009416416 0.0 0.0 0.0 
0.009463385 -0.0038463422 0.028013743 0.57560086 
-0.01311648 0.0 0.0 0.0 
0.012609801 0.0 0.0 0.0 
-0.004618686 0.0 0.0 0.0 
0.017976072 0.011934951 -0.007821556 -0.10426879 
-0.017606677 -0.0038463422 0.04562044 0.57560086 
0.027366271 -0.010645593 -0.029181212 -0.2075463 
-0.007235194 0.006908989 0.006010214 -0.154318 
-0.008813824 -0.009785637 -0.020486861 -0.0020895116 
-0.021971438 -0.026267119 -0.013258919 -0.6700436 
0.020609602 0.11282165 0.7622169 4.379092 
0.0059513836 0.0 0.0 0.0 
-0.02491835 -0.023288526 -0.02590978 -0.017315106 
-0.009492524 -0.0033485796 0.046600394 -0.41665757 
-0.014684105 0.0 0.0 0.0 
0.014513671 -0.023288526 -0.040423453 -0.017315106 
0.005872295 0.00678954 -0.028393328 -0.012915581 
-0.007730879 -0.0033485796 0.05433128 -0.41665757 
-0.013857696 0.0010785548 0.0 0.0 
0.003430622 0.0 0.0 0.0 
0.0046090283 -0.033688556 0.0 0.0 
0.0050613014 0.09520275 0.895209 4.842409 
0.011205034 -0.0033485796 0.043126237 -0.41665757 
0.00012689552 -0.017066421 0.12788436 0.3348638 
0.012495795 0.011968443 0.16423081 0.07324031 
-0.0026820381 0.0 0.0 0.0 
0.003405451 0.0 0.0 0.0 
0.01922019 0.0 0.0 0.0 
-0.012058137 0.0 0.0 0.0 
0.0011282149 0.0 0.0 0.0 
0.0023980127 0.0 0.0 0.0 
0.011313398 -0.0038463422 0.008509234 0.47393623 
0.024077997 0.17255518 0.7655712 2.6421657 
0.0042846417 0.00935428 -0.040125627 0.036981925 
0.004871869 -0.0038463422 -0.020440646 0.38849807 
0.0007479909 0.0 0.0 0.0 
-0.012123513 -0.010645593 -0.05404477 -0.26789325 
0.0033659362 0.0 0.0 0.0 
-0.003960571 -0.0033485796 0.05921032 -0.41665757 
0.0066816206 -0.0009468868 0.04489292 0.2590423 
-0.0037010966 -0.0072970134 -0.029112514 0.06477116 
-0.019110272 -0.019799886 -0.09742061 -1.1180778 
0.024281502 0.0 0.0 0.0 
-0.012481892 0.0 0.0 0.0 
-0.009120344 0.0 0.0 0.0 
-0.009050332 0.0 0.0 0.0 
-0.0006072788 0.026328452 0.058671683 1.23633 
0.0062667616 0.0 0.0 0.0 
-0.0009468868 0.079821356 0.2551179 0.21698046 
0.035114754 -0.0033485796 0.024095574 -0.41665757 
-0.009111147 -0.006667475 0.032786608 -0.45233792 
0.019426513 -0.010237318 0.032249693 -0.037516236 
-0.008920669 -0.022329012 -0.014088159 0.06493999 
-0.009076836 0.007982828 -0.018776588 -0.66911244 
0.016563848 0.0 0.0 0.0 
-0.008672215 0.071670696 -0.1820019 -0.25098795 
0.012138353 -0.009005458 -0.0054989923 0.24680877 
-0.009576427 -0.016475115 -0.010575935 -0.03961496 
0.00058223266 -0.016475115 -0.011158176 -0.03961496 
0.0050185802 0.0 0.0 0.0 
0.01493995 0.0 0.0 0.0 
0.004840564 -0.0038463422 -0.023727048 0.3354571 
0.0064403806 0.0 0.0 0.0 
0.024255574 0.0 0.0 0.0 
0.017512556 0.0 0.0 0.0 
-0.004126183 0.0 0.0 0.0 
0.009154484 0.0 0.0 0.0 
-0.029699078 0.0 0.0 0.0 
-0.00054527604 0.002485103 0.050641477 -0.24634069 
0.016336782 0.012141756 0.112586826 -0.16230074 
0.023352193 0.0 0.0 0.0 
0.020777116 0.0 0.0 0.0 
-0.018739298 -0.009364398 0.07020812 0.023710728 
-0.0029785333 0.0 0.0 0.0 
-0.010349456 0.0 0.0 0.0 
-0.008836758 0.0 0.0 0.0 
0.013512783 0.0 0.0 0.0 
0.006591668 -0.0038463422 -0.030318696 0.3354571 
-0.030077638 0.015070254 0.021531768 0.2148721 
0.003230776 0.011968443 0.13692205 0.04158005 
0.008220654 0.0 0.0 0.0 
-0.007955395 0.0 0.0 0.0 
-0.023249876 0.0 0.0 0.0 
-0.008120262 0.0 0.0 0.0 
-0.022309508 0.0 0.0 0.0 
0.0066844313 -0.0072970134 -0.038922805 0.20576271 
0.014495297 0.002485103 0.03614618 -0.24634069 
0.007213245 -0.0038463422 -0.037531957 0.3354571 
-0.0012582687 0.0 0.0 0.0 
0.0069232 0.011968443 0.12999883 0.041580126 
0.0032824494 0.0 0.0 0.0 
0.00896971 0.012141756 0.10361711 -0.16230074 
0.009378225 -0.02901849 -0.041159578 0.052798226 
-0.008612077 0.0 0.0 0.0 
-0.019383194 0.0093117645 0.05224736 0.57721186 
-0.0126507925 -0.009005458 0.0258911 0.24680877 
-0.008789185 0.0 0.0 0.0 
-0.015538036 -0.019823695 0.08094071 -0.43378425 
0.016120194 0.002485103 0.020025983 -0.24634069 
-0.01601177 -0.0038463422 -0.021520175 0.3354571 
-0.0013211104 0.0 0.0 0.0 
0.0018007474 0.0128475735 0.0 0.0 
-0.011951658 -0.03833041 -0.092329204 0.18963134 
0.010229082 -0.006319087 0.011484069 0.08495754 
-0.012778701 -0.013220079 0.09676243 -0.2255156 
-0.012859991 0.012141756 0.1164771 -0.16230072 
-0.010118409 -0.03210569 -0.101845525 0.03670317 
0.004819561 0.005288338 0.01259982 0.69922835 
-0.0070483424 -0.0033485796 0.08360922 -0.39416924 
0.009795422 0.0 0.0 0.0 
-0.005555751 0.0 0.0 0.0 
0.006982604 -0.0038463422 -0.01655111 0.32052416 
0.018805431 0.0 0.0 0.0 
0.0156132635 0.011968443 0.11438556 0.04158012 
0.002529606 -0.007169668 0.05101973 -0.33134925 
0.021714931 0.011968443 0.09267062 0.041580126 
-0.0206644 0.0 0.0 0.0 
-0.009105777 0.0 0.0 0.0 
-0.0017853831 0.0 0.0 0.0 
-0.002955964 0.0 0.0 0.0 
-0.0039538196 -0.0038463422 -0.012597311 0.32052416 
0.004535926 -0.0038463422 -0.017133228 0.32052416 
0.013215394 0.0 0.0 0.0 
-0.03253999 -0.0033485796 0.11361961 -0.3873559 
-0.0061499644 -0.011030557 -0.037935287 -0.94942236 
0.028560564 -0.012845313 0.025220715 0.15043236 
-0.01443073 0.0296477 0.107376374 0.8161436 
-0.013544061 0.013987519 0.03507583 0.21487208 
0.017035054 0.0 0.0 0.0 
0.012930489 -0.0038463422 -0.030063737 0.32052416 
-0.0053282958 -0.0038463422 -0.02473541 0.32052416 
0.003309689 -0.029536089 -0.050973505 -0.27205795 
-0.030612616 -0.00974897 0.07967596 0.23720391 
0.00775495 0.0121575305 0.03536652 0.1868635 
-0.0045882994 -0.013220079 0.10135074 -0.2255156 
0.003715591 0.00935428 -0.047150914 0.06599994 
-0.009599314 0.009335743 0.10044795 -3.8160906 
-0.02584375 0.0 0.0 0.0 
-0.025682716 0.0011934708 0.15820657 -0.1957975 
0.017717764 -0.02120939 0.10258451 -0.9499457 
-0.013622703 0.0066759 0.0 0.0 
0.029727899 0.0121575305 -0.005749449 1.381922 
-0.010284678 0.0 0.0 0.0 
-0.02651098 -0.0033485796 0.16384482 -0.39200392 
0.0066759 -0.01128483 -0.021065228 0.249641 
0.0069202674 -0.0038463422 -0.031655695 0.32052416 
0.011934951 0.022524599 -0.19205418 -0.91235447 
-0.013762686 0.0 0.0 0.0 
-0.0072113276 0.0 0.0 0.0 
-0.024191733 -0.0038463422 -0.019398913 0.33082533 
0.0126622 -0.0038463422 -0.032061104 0.3308254 
-0.0074491045 0.012141756 0.123926215 -0.16230074 
-0.015706996 0.0 0.0 0.0 
-0.010155905 0.0 0.0 0.0 
0.021895608 -0.0038463422 -0.05395671 0.3308254 
0.0057332367 -0.026764128 -0.17275822 -1.6478138 
-0.007847423 -0.02484449 0.066316776 -0.57180417 
0.008723062 0.012141756 0.11520316 -0.16230074 
0.011751692 0.022539197 0.0 0.0 
0.0048362305 -0.0038463422 -0.05879294 0.3308254 
-0.0069154617 0.002485103 0.026941454 -0.24634069 
0.0034153576 -0.0038463422 -0.06220831 0.33082533 
0.0012881889 -0.0009468868 0.026379187 0.1684594 
-0.0009217435 0.0 0.0 0.0 
-0.013509494 0.0 0.0 0.0 
0.004201158 0.0 0.0 0.0 
-0.010654271 -0.011252763 0.12942316 -0.703215 
0.0039449376 0.0 0.0 0.0 
0.00392479 -0.004161073 -0.012342842 -0.04745032 
0.0016922562 -0.013220079 0.1092578 -0.25570935 
-0.0018612599 0.0 0.0 0.0 
0.02381547 0.08023567 0.18882254 3.282993 
0.001432555 0.002485103 0.0016934276 -0.24876621 
0.023845384 0.0 0.0 0.0 
-0.015710287 0.0 0.0 0.0 
0.016438311 0.0 0.0 0.0 
-0.013803805 0.0 0.0 0.0 
-0.040115267 -0.016475115 0.054878373 -0.009436198 
0.008839197 -0.0038463422 -0.09486297 0.29224095 
0.008043608 -0.016475115 0.046834752 -0.009436199 
0.0033355774 0.0 0.0 0.0 
0.00020561779 0.008937072 0.3263375 0.07712042 
0.011590006 0.0 0.0 0.0 
0.0022522996 -0.015344339 -0.019696994 0.007774584 
-0.011016139 0.0 0.0 0.0 
-0.023356136 0.0 0.0 0.0 
0.014579818 -0.0033485796 0.16203347 -0.39678955 
0.03450682 -0.019823695 0.13985458 -0.40287715 
0.0014120494 0.002485103 0.00028137118 -0.24876624 
-0.0069186953 -0.043214664 0.079703555 -0.13571587 
0.0012589485 -0.02901849 -0.04241853 0.052798226 
-0.005012571 0.024077997 0.073223114 0.60055226 
0.0032632274 -0.00739979 -0.019488268 0.06979715 
-0.028402911 -0.0038463422 -0.066460066 0.2922409 
0.013987519 0.03712975 0.37236038 3.3239248 
0.01240099 -0.0033485796 0.11512567 -0.3967896 
-0.002366604 0.025019536 0.11231279 -0.05342612 
0.0071175834 0.037260965 0.04821706 0.49221194 
0.014219111 0.0 0.0 0.0 
-0.014969991 0.0 0.0 0.0 
-0.0016393638 -0.0038463422 -0.0859258 0.24646376 
0.007985013 0.0 0.0 0.0 
-0.006751899 -0.023807362 -0.056281112 -1.3170956 
0.015767088 -0.0155598065 0.13228989 -1.0529206 
0.018318577 0.016637824 0.028407793 0.241747 
-0.009971896 -0.0033485796 0.116082355 -0.37541935 
0.009886007 -0.016475115 0.0024419427 -0.006087618 
-0.003082417 -0.0033485796 0.11916478 -0.37541932 
-0.01629134 0.00678954 -0.035917453 -0.017408323 
0.0041586114 -0.0038463422 -0.09008439 0.24646375 
0.00090327096 0.0 0.0 0.0 
-0.025390666 0.002485103 0.011684518 -0.2567205 
0.008767014 0.0 0.0 0.0 
-0.0054107863 -0.013220079 0.08200471 -0.26321116 
-0.003177349 0.0 0.0 0.0 
-0.002925265 0.00668767 0.10487988 -1.3439687 
0.0035783104 0.0 0.0 0.0 
0.008863847 -0.0038463422 -0.09894826 0.24646373 
-0.014800922 -0.023288526 -0.025828147 -0.011246132 
-0.017702855 -0.019823695 0.15993768 -0.363226 
0.00809991 0.011968443 0.009079259 -0.028026082 
0.0024262273 0.0 0.0 0.0 
-0.005666265 0.002485103 0.017350782 -0.25672054 
0.015871802 0.0 0.0 0.0 
-0.018363314 0.03487429 0.021589637 1.7593958 
-0.010282076 0.0 0.0 0.0 
-0.0028998146 -0.030535588 -0.022674799 -0.16189767 
0.0043134447 0.0 0.0 0.0 
-0.0059862635 -0.0033485796 0.14577915 -0.3571384 
0.021572113 -0.0033485796 0.12420705 -0.3571384 
0.0028146617 0.0 0.0 0.0 
-0.0025083097 0.002485103 0.03822241 -0.25672054 
-0.019084523 -0.016475115 0.039229315 -0.006087618 
0.00284956 0.00018908738 -0.07508491 0.39261115 
-0.011543653 -0.07018186 -0.113532424 -1.0607979 
-0.003172528 0.0 0.0 0.0 
0.0126077 0.0 0.0 0.0 
-0.008160228 0.07554386 -0.085994974 -0.61001015 
-0.013583698 -0.0033485796 0.13779074 -0.35713845 
0.010064364 0.011484069 0.06160286 -0.88845867 
-0.0021895906 0.0 0.0 0.0 
-0.0023977766 0.0 0.0 0.0 
-0.0144312745 0.00095065555 -0.04004848 0.11730272 
0.00420994 0.0 0.0 0.0 
-0.0034095086 0.0 0.0 0.0 
-0.014382585 0.0 0.0 0.0 
-0.003980173 -0.0038463422 -0.06844456 0.2353246 
0.011628929 -0.0038463422 -0.080073476 0.23532462 
0.0064544715 0.0 0.0 0.0 
-0.002306776 0.0 0.0 0.0 
0.0088969255 0.013987519 -0.0056781285 -0.0027829148 
-0.015720682 0.0 0.0 0.0 
-0.01759401 0.0 0.0 0.0 
0.009698847 0.012141756 0.098181106 -0.16336006 
-0.016930077 0.0 0.0 0.0 
0.02341079 0.0 0.0 0.0 
-0.009045637 0.0 0.0 0.0 
0.008232408 -0.023092464 0.065598354 -0.22835448 
0.009704486 0.0 0.0 0.0 
0.0102526685 -0.003865799 0.0033600107 -0.23837182 
0.017935703 0.0 0.0 0.0 
0.0020311892 -0.0072970134 -0.050529566 0.06477116 
0.019444965 0.006689478 0.0027705003 0.0 
-0.0056260163 0.00018908738 -0.040411234 0.16922021 
-0.006978696 0.0 0.0 0.0 
-0.0066013737 0.0121575305 -0.028637603 0.2717864 
-0.007767179 0.0 0.0 0.0 
-0.013362774 0.0 0.0 0.0 
0.011307695 0.0 0.0 0.0 
-0.0055136834 -0.0038463422 -0.07455979 0.23532459 
0.010253108 0.0 0.0 0.0 
0.006474141 -0.013220079 0.057045504 -0.2725654 
-0.00080273626 -0.00017685769 0.013414469 0.019874796 
0.013667485 -0.043214664 0.03534861 -0.13813475 
-0.0140049625 0.0 0.0 0.0 
-0.015697852 -0.017381152 0.04844337 -0.31994995 
0.013430113 0.0 0.0 0.0 
0.008273314 0.0 0.0 0.0 
0.023718972 0.030799676 0.07644153 -0.17756288 
0.005297767 -0.010237318 0.026951928 -0.03751624 
-0.002195522 0.002485103 0.04041793 -0.2567205 
-0.002962922 0.0 0.0 0.0 
-0.013118398 0.020420743 -0.043592833 0.6361495 
-0.008825586 -0.00051810406 -0.04229616 0.041841686 
0.00678954 -0.075641796 -0.06906366 1.0037208 
0.023001775 0.0 0.0 0.0 
-0.0062417416 0.002485103 0.04665967 -0.25672054 
-0.013636351 -0.0038463422 -0.054594584 0.22025128 
-0.012053257 -0.030077638 0.013135992 0.0 
0.0021466915 0.008311189 -0.11999558 0.5814557 
0.018393846 -0.092526264 -0.5445575 -1.139821 
0.01483157 0.0 0.0 0.0 
0.023513984 0.0 0.0 0.0 
0.013269705 0.0 0.0 0.0 
-0.04128001 0.0 0.0 0.0 
0.0063761235 0.0 0.0 0.0 
-0.005565387 -0.0038463422 -0.051175885 0.22025125 
-0.020102952 -0.005688622 0.013565967 -0.016876735 
-0.0030048909 0.0 0.0 0.0 
-0.005292644 -0.03604088 0.0693569 -0.44599217 
-0.0020252878 0.0010088525 -0.05523941 -0.35010263 
0.011756535 0.04005654 -0.029903889 0.5120754 
0.0021629327 0.0 0.0 0.0 
-0.0061759707 -0.0038463422 -0.044999897 0.2202512 
0.010684867 0.0014051974 -0.013608153 0.03331254 
-0.004128093 0.0 0.0 0.0 
-0.02345591 0.0 0.0 0.0 
-0.012857626 0.004568653 0.016010739 0.045790166 
0.017703015 0.031268694 0.045355804 0.27174994 
-0.0014031619 -0.043214664 0.017065108 -0.032043338 
0.0128973005 0.0 0.0 0.0 
0.005568838 0.0 0.0 0.0 
-0.0094966255 0.0 0.0 0.0 
0.011737091 0.0 0.0 0.0 
-0.005406294 0.0 0.0 0.0 
0.014484504 0.0 0.0 0.0 
0.028382514 0.0 0.0 0.0 
-0.016036931 -0.0072970134 -0.023552218 0.06477116 
0.010368872 -0.0038463422 -0.0730718 0.22025126 
-0.009951361 -0.02901849 -0.032467164 0.052798234 
0.004243347 0.0 0.0 0.0 
0.0011598456 0.0 0.0 0.0 
-0.0010901417 -0.0038463422 -0.07198166 0.22025125 
0.0059810337 0.0 0.0 0.0 
0.010442088 0.0 0.0 0.0 
0.019236052 0.0 0.0 0.0 
0.0121537065 0.0632845 0.06790249 -0.29237494 
0.0022746644 0.0 0.0 0.0 
0.017994016 0.07380874 0.14943425 0.17207843 
0.024122858 0.0 0.0 0.0 
-0.0059511233 -0.0038463422 -0.07818425 0.21776618 
-0.0055938186 -0.02901849 -0.026873346 0.05279823 
0.034135245 0.0 0.0 0.0 
-0.003153125 0.0121575305 -0.07677498 0.102876544 
-0.027073735 0.0 0.0 0.0 
0.010032322 0.0 0.0 0.0 
0.010807026 0.0 0.0 0.0 
-0.018542316 0.0 0.0 0.0 
-0.011571721 0.0 0.0 0.0 
0.0054596416 0.0 0.0 0.0 
-0.004756289 0.0 0.0 0.0 
-0.00035767528 -0.013220079 0.04244286 -0.18744461 
-0.009469174 0.0 0.0 0.0 
-0.010330101 -0.0033485796 0.124955274 -0.32937735 
6.8364745e-05 -0.0038463422 -0.07825261 0.21776617 
0.00070906885 0.0077096694 0.0 0.0 
0.0066089616 0.011962541 0.0 0.0 
0.010551728 0.01600489 0.03862506 0.2312143 
0.0035343773 0.02319595 0.060515713 0.032149076 
-0.020535065 -0.013501713 0.0 0.0 
0.00049168995 0.0018192679 0.07048415 0.3047327 
-0.021465957 0.0 0.0 0.0 
-0.008123863 0.0 0.0 0.0 
0.024360009 0.0 0.0 0.0 
-0.023843614 0.0 0.0 0.0 
-0.008002289 -0.015344339 -0.023848414 -0.007828571 
-0.0027030404 -0.0033485796 0.12765831 -0.32937735 
-0.013070325 -0.023288526 -0.012757819 -0.011246132 
-0.0065389117 0.0 0.0 0.0 
0.011332858 -0.012722336 -0.02058 0.0054362062 
-0.011911827 0.0 0.0 0.0 
-0.022887036 0.00678954 -0.008267424 0.0 
0.0090378905 -0.0022242498 -0.013498001 -0.25569314 
-0.013521166 0.0 0.0 0.0 
0.022518223 0.0121575305 -0.073711395 0.087162316 
0.0026523008 0.0 0.0 0.0 
-0.011938587 0.0 0.0 0.0 
0.008804775 0.0 0.0 0.0 
-0.009558986 0.02564648 -0.040827993 -0.6638366 
-0.015536506 0.0 0.0 0.0 
-0.011064857 -0.003354535 -0.117857754 0.78085256 
0.0075786333 0.0 0.0 0.0 
0.008567098 0.0 0.0 0.0 
0.01599551 0.002485103 0.018510457 -0.25672054 
-0.0057712495 -0.0038463422 -0.0614165 0.21746339 
-0.011078495 0.0 0.0 0.0 
-0.018302523 -0.010237318 0.04525445 -0.037516236 
-1.9482117e-05 0.0 0.0 0.0 
0.016687237 -0.0033485796 0.11097108 -0.32937738 
-0.009626641 -0.012859236 0.013915332 -0.26703423 
0.007103597 -0.0073620114 0.0 0.0 
0.02290023 0.0 0.0 0.0 
-0.0065531405 0.0 0.0 0.0 
-0.026757846 0.011968443 -0.0009163171 -0.08205791 
-0.0019554205 -0.036293507 0.13522573 -0.32320648 
-7.3841243e-06 0.0 0.0 0.0 
0.032153886 0.0 0.0 0.0 
0.017605567 0.0 0.0 0.0 
0.0022135426 -0.0038463422 -0.063630044 0.21746345 
0.010549637 0.0 0.0 0.0 
0.015886392 0.0 0.0 0.0 
0.01642792 0.004568653 -0.051753774 -0.027864061 
-0.009929924 0.011968443 -0.007414315 -0.07465817 
-0.0023161357 0.0 0.0 0.0 
0.013121501 0.0 0.0 0.0 
-0.0013833068 -0.0038463422 -0.062246732 0.21746343 
-0.024382612 -0.0033485796 0.1373091 -0.31290758 
-0.006364996 0.021289231 -0.055327117 -0.07845691 
0.014361957 -0.0038463422 -0.07660868 0.21746343 
0.0013829967 0.0121575305 -0.050591543 0.08259356 
0.0037293716 0.0 0.0 0.0 
0.016920093 0.0 0.0 0.0 
-0.009589287 -0.004745511 -0.0035494221 -0.022242378 
0.012630476 -0.00739979 -0.047040008 0.046794184 
0.00060492166 0.0 0.0 0.0 
-0.0028377827 0.019349609 -0.010417409 0.2534589 
-0.009503207 -0.0702738 0.10289028 0.25228125 
0.0113039445 0.0 0.0 0.0 
0.020525066 0.0 0.0 0.0 
-0.013751459 0.0 0.0 0.0 
-0.0015489025 0.00020561779 0.0 0.0 
-0.0038759473 -0.013944265 0.016668703 -0.27038425 
0.0059979856 -0.0038463422 -0.07026569 0.22989818 
0.00208105 0.0 0.0 0.0 
-0.013102517 0.0 0.0 0.0 
0.021250077 0.0 0.0 0.0 
0.014574727 -0.004745511 -0.02021418 -0.03271787 
0.019983474 0.0 0.0 0.0 
0.01668492 0.0 0.0 0.0 
0.00092441624 0.0 0.0 0.0 
0.006522918 -0.011196002 0.122734085 -0.2947859 
-0.016729034 -0.013220079 0.069196194 -0.15506905 
0.00046721278 -0.032948263 0.024753504 0.17053531 
-0.013789345 -0.02901849 -0.013084002 0.052798226 
0.021221027 -0.0038463422 -0.0914867 0.22989818 
-0.0056621344 -0.019823695 0.17391288 -0.30357677 
0.0096122855 -0.0038463422 -0.101099 0.22989815 
-0.008662764 -0.0038463422 -0.09243624 0.22989823 
-0.0017750437 -0.0038463422 -0.0906612 0.22989818 
0.0010088525 -0.07374195 -0.55881 -2.0910718 
0.0071945046 0.0 0.0 0.0 
-0.010161909 0.002485103 0.042174965 -0.2567205 
-0.0022748192 -0.0038463422 -0.08838637 0.22989818 
-0.010301211 0.011934951 0.0 0.0 
0.0072807684 0.04751601 0.09645006 0.13670486 
-0.0053659533 0.0 0.0 0.0 
0.012543525 0.045466196 -0.1642651 -0.7302595 
0.0021188916 -0.0038463422 -0.09050526 0.22989815 
-0.0014102478 0.0 0.0 0.0 
-0.0038534682 -0.012845313 0.05746849 0.540046 
0.0075633237 -0.02901849 -0.020647326 0.052798226 
-0.008782674 0.0 0.0 0.0 
0.01635642 0.011968443 -0.02515373 -0.07465814 
-0.009189457 -0.012722336 -0.011390543 0.0054362044 
0.011968443 0.2623437 0.20923969 3.314979 
0.0066241445 0.0 0.0 0.0 
-0.008848673 0.0 0.0 0.0 
0.015559369 0.0 0.0 0.0 
0.015974827 0.0 0.0 0.0 
-0.011825602 -0.012845313 0.045216095 0.40219742 
0.00031593002 0.011968443 0.033923246 -0.04418254 
-0.0049326234 0.0 0.0 0.0 
-0.022143349 0.0 0.0 0.0 
-0.00046482234 0.008295413 -0.03923563 0.033955157 
-0.019590255 -0.0038463422 -0.08241861 0.2295723 
0.006196732 0.0 0.0 0.0 
0.017124807 0.0 0.0 0.0 
-0.0003148631 0.0 0.0 0.0 
-0.0023660355 0.0 0.0 0.0 
-0.0070700734 -0.0072970134 -0.07065655 0.064771146 
-0.002021431 0.0 0.0 0.0 
-0.007977368 -0.012845313 0.049620207 0.17336753 
0.002866962 -0.06558448 0.07128531 0.16080046 
-0.007473047 0.0 0.0 0.0 
-0.0075192084 -0.016475115 0.03548054 -0.0069503305 
-0.009288636 -0.029761668 0.041420594 0.006624341 
-0.01113721 -0.016475115 0.05590639 0.0063362103 
0.0029311785 0.0 0.0 0.0 
-0.014072105 0.002485103 0.04896629 -0.2567205 
-0.026276326 0.0121575305 0.014087426 0.16220134 
0.02601463 0.07834447 -0.05475106 0.6118729 
-0.017468398 0.0 0.0 0.0 
-0.0053701093 -0.0038463422 -0.10306315 0.22957224 
-0.010035278 0.016746618 0.0 0.0 
-0.013237483 -0.013220079 0.08243368 -0.15506902 
0.026007965 0.03691756 -0.08265239 0.97824824 
0.0077984193 0.0 0.0 0.0 
-0.013835466 -0.0025253086 0.051636964 -0.93875384 
0.007135806 0.024311237 0.027382389 0.2479419 
-0.021040427 0.0064948606 0.08262854 -0.22101697 
-0.004814589 -0.0077237133 -0.39766157 -0.6282048 
-0.011747761 0.0 0.0 0.0 
0.0061132493 0.0 0.0 0.0 
0.0044445745 0.011968443 -0.011002474 -0.0036385537 
0.008653339 -0.009005458 0.015211962 0.36511287 
0.015361235 0.0 0.0 0.0 
0.01109508 -0.0038463422 -0.11415825 0.2295723 
0.0071124677 0.0 0.0 0.0 
-0.0008601099 -0.0038463422 -0.1132981 0.2295723 
-0.0051237363 0.0 0.0 0.0 
0.010011379 -0.025574451 -0.027538408 0.12316494 
-0.0073194304 0.0 0.0 0.0 
-0.021670235 0.0 0.0 0.0 
0.0027705003 -0.011921769 0.03532801 0.3604932 
-0.002985543 -0.019903457 0.36969265 -0.71807075 
0.00071355235 -0.00739979 -0.04775356 0.046794184 
0.0043042386 0.0 0.0 0.0 
0.00053403026 0.0 0.0 0.0 
0.0074401414 0.0 0.0 0.0 
0.022001704 0.0 0.0 0.0 
-0.01571277 0.0 0.0 0.0 
-0.0062714946 0.012141756 0.09008516 -0.19561715 
0.01674977 0.0 0.0 0.0 
0.0233263 0.0 0.0 0.0 
0.0025628703 -0.0072970134 0.002485103 0.06477116 
0.0105335675 0.0 0.0 0.0 
0.002657279 -0.013220079 0.08276194 -0.15172046 
0.012399693 -0.0038463422 -0.1256978 0.2295723 
0.025167715 0.0 0.0 0.0 
-0.007930983 0.0 0.0 0.0 
0.0006981331 -0.0009468868 0.0 0.0 
0.011962541 0.0066089616 0.0 0.0 
-0.0005248755 0.0016866848 0.03958588 -0.31787312 
0.021806974 0.0 0.0 0.0 
0.018072635 -0.0038463422 -0.14377046 0.22957224 
0.008277298 -0.016475115 0.04762909 0.006336227 
0.008092929 0.008067524 -0.013138709 -0.022242378 
-0.014971908 -0.0073774112 0.04295077 0.03648688 
0.01613229 -0.048196144 0.051213726 0.06406611 
-0.007397109 -0.0038463422 -0.13637334 0.2295723 
-0.015822453 -0.0038463422 -0.120550886 0.2295723 
0.018788924 0.0 0.0 0.0 
-0.004607271 0.0 0.0 0.0 
-0.022463826 0.011968443 0.022233363 -0.026067153 
0.01583746 0.0 0.0 0.0 
-0.0011686811 -0.016475115 0.04879777 0.0063362205 
0.013776735 0.0 0.0 0.0 
0.010861713 0.0 0.0 0.0 
-0.016544346 -0.0038463422 -0.10400654 0.2295723 
-0.0025620223 0.0 0.0 0.0 
-0.010237318 0.0777808 -0.03751624 -0.005860055 
0.0030049316 0.0 0.0 0.0 
0.0024247286 0.0 0.0 0.0 
0.002248755 0.011968443 -0.0464298 -0.055247538 
-0.0013856969 0.01636399 -0.78595775 -1.3733153 
-0.012798937 -0.0038463422 -0.09120761 0.22957224 
-0.0070927497 -0.0072970134 -0.069728635 0.06477116 
-0.022634963 -0.029262247 0.15147594 -0.27150947 
-0.005980307 0.011968443 -0.008939281 0.012841046 
-0.01567387 0.011968443 0.002723483 -0.0036385537 
0.0034303572 -0.0038463422 -0.09463796 0.2295723 
0.022647375 -0.0038463422 -0.11728533 0.2295723 
0.001861934 0.0 0.0 0.0 
0.005579679 0.0121575305 -0.108015016 0.3031702 
-0.00017829816 -0.004734277 0.20056114 -0.3148796 
-0.018238 0.03052783 0.2193956 -0.42000246 
0.0083168205 0.0 0.0 0.0 
-0.015373806 -0.0038463422 -0.10191153 0.2295723 
-0.014915905 0.016472623 0.08341825 -0.06857175 
0.008815741 0.0 0.0 0.0 
-0.02901849 -0.058777917 0.10159479 0.19785997 
-0.008151151 0.011968443 -0.04306399 -0.0925152 
-0.0021782068 -0.0033485796 0.19154346 -0.17942163 
0.014566351 0.19058007 -0.07534698 3.0467365 
0.0029922663 -0.11711377 -0.2170007 0.08141279 
0.015123322 0.0 0.0 0.0 
-0.010259277 0.0 0.0 0.0 
0.01761574 0.020452943 -0.13868386 0.3112023 
-0.0088940365 -0.0038463422 -0.1251996 0.17925748 
-0.01634363 -0.0072970134 -0.05416522 0.14685887 
0.006808294 0.0 0.0 0.0 
0.007060635 0.0 0.0 0.0 
0.0046267295 -0.0033485796 0.18392445 -0.12950732 
0.002485103 0.05747414 -0.16790347 1.8972111 
0.018337753 0.0 0.0 0.0 
0.0064345337 -0.0038463422 -0.13411921 0.12557042 
-0.0029287457 0.0 0.0 0.0 
-0.0011452143 -0.0012533041 0.11189067 -0.050256968 
0.003506744 -0.0013856969 0.011672914 -0.0687293 
-0.021208813 0.0 0.0 0.0 
0.030262852 0.0 0.0 0.0 
0.00037864517 0.0 0.0 0.0 
0.012227202 0.0 0.0 0.0 
-0.025553718 0.0 0.0 0.0 
-0.0031779655 0.006689478 -0.007170239 0.03776073 
0.029668918 0.0 0.0 0.0 
0.010328995 0.002485103 0.05010135 -0.029235348 
0.011382605 0.0013833158 -0.09650625 -0.4179263 
0.010224445 0.0 0.0 0.0 
0.0071322457 0.010720009 -0.11805551 0.1363745 
0.0031054714 0.03609782 0.029077414 0.27665523 
-0.018461792 -0.0038463422 -0.122789666 0.12557042 
-0.011462928 0.011968443 -0.03496687 -0.05524753 
-0.0049478593 0.011625849 0.11928328 -0.5442507 
0.017131902 0.0 0.0 0.0 
-0.010947729 0.012141756 0.083417155 -0.19177082 
0.00046943213 -0.02885415 -0.031876396 0.13532907 
-0.009049704 -0.0038463422 -0.1142094 0.13297021 
0.008157236 0.0 0.0 0.0 
-0.01526796 0.0 0.0 0.0 
0.004793442 -0.012845313 0.0 0.0 
-0.009431987 -0.0038463422 -0.104777426 0.13297024 
0.0066167265 0.0 0.0 0.0 
0.005409929 0.0 0.0 0.0 
0.00928893 -0.016475115 0.04089453 0.0041478705 
0.012744395 0.0 0.0 0.0 
-0.0088184895 -0.045587294 0.030962167 0.19200021 
0.0021100368 -0.011026621 -0.02073767 0.1830031 
-0.018918224 0.0 0.0 0.0 
-0.00927306 -0.010237318 0.027574692 0.0 
-0.012722336 0.0025689662 0.027103983 1.9186556 
0.0071214275 -0.0038463422 -0.11189884 0.13297018 
-0.0019832524 -0.0038463422 -0.109915584 0.13297021 
0.0057527274 0.0 0.0 0.0 
0.010461493 0.0 0.0 0.0 
0.0024377285 -0.008591853 -0.10360752 0.13297024 
-0.01322653 0.0 0.0 0.0 
-0.0025535703 0.0 0.0 0.0 
0.022481972 -0.0033485796 0.16706613 -0.10142568 
-0.02210794 0.0 0.0 0.0 
0.0030844244 0.0 0.0 0.0 
0.0017687704 -0.0052667353 -0.11350626 0.5537393 
-0.011002474 0.008518977 0.014066983 0.21610892 
-0.018019091 0.0 0.0 0.0 
-0.012659909 0.0 0.0 0.0 
0.013164576 0.0 0.0 0.0 
-0.021922406 0.012141756 0.10533956 -0.19177079 
0.0038448586 -0.0038463422 -0.11619818 0.13297024 
-0.016752543 0.0 0.0 0.0 
0.005304408 0.0 0.0 0.0 
-0.000650735 -0.0038463422 -0.11554744 0.13297018 
-0.003088178 0.008484501 -0.05663868 0.05448246 
0.0077096694 0.002198939 0.0 0.0 
-0.0057539805 -0.019823695 0.21946862 -0.08080268 
-0.008531154 0.0 0.0 0.0 
0.018815579 0.0 0.0 0.0 
0.00062589865 0.0 0.0 0.0 
0.0049129766 -0.00042010171 -0.02491861 -0.14289653 
-0.0050549936 -0.0038463422 -0.10740427 0.120828465 
0.01939343 -0.0038463422 -0.1267977 0.12082848 
-0.0040046754 0.0 0.0 0.0 
-0.01570582 0.0 0.0 0.0 
-0.023872264 0.054211326 -0.022706814 1.0203232 
-0.0064283586 0.035115033 0.0553595 0.031190045 
-0.013294029 0.0 0.0 0.0 
-0.012236443 0.0 0.0 0.0 
0.0011286731 -0.0038463422 -0.12792638 0.12082846 
-0.029994586 -0.03382439 0.05848384 -1.7640095 
-0.002886622 0.0 0.0 0.0 
0.02326087 0.002485103 0.0092271585 -0.007959912 
-0.00046646674 0.035115033 0.045551267 0.1736596 
0.011533267 -0.010237318 0.016041424 0.0 
0.010232637 -0.016475115 0.06641047 -0.010189293 
0.0034863732 0.0 0.0 0.0 
0.014242519 -0.004914687 -0.008406577 -0.030995104 
0.012141756 0.14815558 -0.13916543 -0.08504838 
-0.005422371 -0.0038463422 -0.13464576 0.07442936 
-0.006754313 -0.0038463422 -0.12789145 0.07442933 
-0.019159097 -0.014386013 -0.016104465 -0.00027252734 
0.014904835 0.008311189 -0.20428786 0.27096188 
-0.008818123 -0.013220079 0.09808793 -0.04054597 
-0.010665539 -0.025574451 -0.018479437 0.08711461 
-0.005572458 0.011968443 -0.0024951547 -0.067349136 
-0.016344117 0.00018908738 -0.055274934 0.18493453 
0.00048357146 0.0 0.0 0.0 
0.0050368216 0.015987528 0.00017581173 -0.049492136 
0.00060909055 0.00678954 0.011227013 -0.01021339 
0.001352145 0.040567636 0.0023781098 0.07685149 
-0.031256378 -0.002179026 -0.009872384 -0.058525726 
0.014088131 0.0 0.0 0.0 
-0.025940385 0.0 0.0 0.0 
0.014932921 0.019751973 0.022402637 0.25153017 
0.0031658346 0.0 0.0 0.0 
-0.023424333 -0.0038463422 -0.11937196 0.074429356 
-0.00961658 0.0 0.0 0.0 
-0.0043600863 0.0029431977 -0.12852573 0.036546126 
-0.010403856 0.0 0.0 0.0 
-0.002226054 -0.0038463422 -0.112785816 0.07442933 
-0.010626323 0.0 0.0 0.0 
0.0005397013 -0.0033366168 0.0714858 -0.18350196 
-0.015777474 0.011968443 0.02075084 -0.016382579 
0.02412375 0.0 0.0 0.0 
0.012223483 0.0 0.0 0.0 
0.0077583096 0.0 0.0 0.0 
0.027858451 0.0 0.0 0.0 
0.018858394 0.0 0.0 0.0 
0.00061006495 -0.008160228 0.0 0.0 
0.039151385 0.013987519 0.0 0.0 
-0.009096939 0.00678954 -0.009749554 -0.010213396 
0.00041899865 -0.0038463422 -0.11320479 0.074429356 
-0.0036010307 0.0 0.0 0.0 
0.0016329321 0.0 0.0 0.0 
-0.004866599 -0.0033485796 0.20768128 -0.08711815 
-0.006110386 0.006689478 0.023803579 0.012141756 
0.008369921 0.0 0.0 0.0 
0.0017983472 0.0 0.0 0.0 
-0.016569942 0.014566351 0.06795354 -0.060368814 
-0.014019442 0.0 0.0 0.0 
-0.022647632 -0.0072970134 -0.03223837 0.20576268 
-0.010115495 0.0 0.0 0.0 
0.0012502962 0.0 0.0 0.0 
-0.011905137 -0.0026486288 0.070179716 -0.11012936 
-0.002527545 -0.0033485796 0.21020883 -0.08711818 
-0.010448627 -0.048196144 0.13323165 -0.103789 
0.0052597704 -0.0072970134 -0.07772663 0.06477116 
0.016836187 0.0 0.0 0.0 
0.002674749 -0.016475115 0.06373572 -0.010189293 
-0.009136927 -0.029994586 0.003310793 0.07866461 
-0.021740003 -0.012859236 0.06816421 -0.09156725 
-0.011078881 -0.0038463422 -0.102125935 0.074429356 
-0.004497127 -0.0038463422 -0.097628795 0.07442936 
-0.0110089155 0.0 0.0 0.0 
0.0014051974 -0.0029232856 0.033312537 -0.0616473 
-0.009005458 0.036367584 0.221488 -1.6924086 
0.0040947045 0.01865792 -0.003461074 0.04001881 
-0.025301546 0.0121575305 -0.08472346 0.7789006 
0.020029834 0.014114441 -0.105998896 0.14528821 
0.023236165 0.0 0.0 0.0 
0.003402746 0.011968443 0.010069996 -0.067349136 
0.0065591373 -0.0038463422 -0.12421777 0.074429356 
-0.014550854 -0.0072970134 -0.009001363 0.06477116 
-0.0083130635 0.0 0.0 0.0 
-0.015002187 0.010595132 0.0 0.0 
-0.0068002157 0.011968443 -0.044181053 -0.055247538 
-0.0017180211 -0.0038463422 -0.12249976 0.074429356 
-0.0041877194 -0.014351785 0.05984804 -0.2978108 
0.014172297 0.0 0.0 0.0 
0.009941321 0.0 0.0 0.0 
0.0065944795 0.0 0.0 0.0 
-0.0049069356 0.0 0.0 0.0 
-0.019914337 -0.0038463422 -0.10258541 0.07442936 
0.0010766 -0.0038463422 -0.10366201 0.07442933 
-0.010264022 0.002485103 0.065169916 -0.039934628 
0.010595132 -0.015002187 0.0 0.0 
0.022063661 0.002485103 0.044498894 -0.039934628 
0.024633724 -0.0038463422 -0.12829573 0.074429356 
-0.016189866 -0.0038463422 -0.112105876 0.074429356 
-0.032427028 -0.0050159097 0.002028387 -0.4165238 
-0.016361322 0.0 0.0 0.0 
0.019381968 0.0001381971 0.14087464 -0.19630992 
0.007387617 -0.012354038 0.25561 -0.18255165 
-0.016422175 -0.0033485796 0.2088669 -0.18409589 
0.008645625 0.0 0.0 0.0 
-0.013787784 -4.2149797e-05 0.108518675 0.03600505 
0.020791428 0.0 0.0 0.0 
-0.008364689 0.011934951 0.0005932301 -0.089499265 
-0.0026987423 -0.0072970134 -0.047830824 0.06477116 
-0.013379777 0.0 0.0 0.0 
-0.0055309096 0.0 0.0 0.0 
0.017403694 0.0 0.0 0.0 
0.011189633 0.024077997 0.07647302 0.71736133 
0.00065160496 0.011968443 0.03390152 -0.056661088 
-0.012414121 0.0 0.0 0.0 
0.020627 0.0 0.0 0.0 
0.007390401 0.0 0.0 0.0 
0.015063436 0.012141756 0.032275528 -0.016475115 
0.024440655 0.0045420504 0.0023142323 0.17029133 
0.013635089 0.0 0.0 0.0 
0.013752332 0.0021040179 0.17758001 -0.2616553 
0.018933322 0.0 0.0 0.0 
-0.0076584257 0.0 0.0 0.0 
-0.0017591573 0.040978123 0.01650284 0.004601294 
0.018291308 0.0 0.0 0.0 
0.0104581425 0.0 0.0 0.0 
-0.00647378 0.0 0.0 0.0 
-0.010782446 0.0 0.0 0.0 
-0.015066289 -0.02120939 0.275772 -0.57544565 
0.0047223764 0.0 0.0 0.0 
0.00044621847 0.009624298 0.19618645 -0.16637662 
0.014545921 0.039398048 0.0076693594 0.3607581 
0.015607235 -0.041454867 0.18520322 -0.24780154 
-0.026982246 -0.016475115 0.10437906 -0.010189293 
-0.007564529 0.0 0.0 0.0 
-0.0050416994 0.0 0.0 0.0 
-0.0019111184 -0.028923031 0.17947018 -0.053822488 
0.018899696 0.0 0.0 0.0 
0.011783511 0.0 0.0 0.0 
-0.011252036 -0.02901849 0.010764008 0.0 
-0.009813723 0.0 0.0 0.0 
0.007124169 -0.0024251174 0.21546352 1.0016843 
0.009728298 0.0 0.0 0.0 
0.0005927515 0.00678954 0.0 0.0 
0.016466193 -0.0038463422 -0.13569623 0.06580106 
0.009346711 -0.016475115 0.09503234 -0.010189293 
0.0055356203 0.0 0.0 0.0 
0.017438944 0.0 0.0 0.0 
-0.01275865 0.0 0.0 0.0 
-0.0014270307 0.018831234 0.05017934 0.0 
-0.008957745 -0.023288526 -0.0042695086 0.0 
-0.0021002605 0.009274987 -0.07236753 0.66869354 
-0.005274082 0.0 0.0 0.0 
0.006452966 -0.021497797 0.115707785 -0.45995748 
-0.009598686 -0.0049814796 0.009950927 -0.0453893 
0.011374956 0.0 0.0 0.0 
-0.004091121 0.0 0.0 0.0 
-0.014490438 0.0 0.0 0.0 
0.0049705226 0.0 0.0 0.0 
-0.0005959867 0.0 0.0 0.0 
0.003741105 0.0 0.0 0.0 
0.01839473 0.0 0.0 0.0 
0.0051591913 -0.0038463422 -0.14085542 0.06580107 
0.0010432408 0.0 0.0 0.0 
0.0077555403 0.0 0.0 0.0 
0.024260662 0.0 0.0 0.0 
0.015534281 0.0 0.0 0.0 
-0.00038078232 0.014247943 -0.050259233 -0.7063889 
0.0039211013 -0.009343706 0.0598329 -0.032534838 
0.008795387 0.0011934708 0.16081555 0.060722977 
0.018559052 0.023186214 0.24476829 -0.18372804 
0.0105196405 -0.012354038 0.16887438 -0.11959478 
0.01747027 0.0 0.0 0.0 
-0.013192208 0.0 0.0 0.0 
0.0120156035 0.0 0.0 0.0 
0.003904833 0.0 0.0 0.0 
0.0071012853 -0.021655446 -0.004073263 0.04858147 
-0.0039244606 0.11391865 0.050153524 0.81722665 
0.0134777995 0.0 0.0 0.0 
0.0055514965 0.0 0.0 0.0 
0.0043298593 -0.0038463422 -0.14126082 0.061298028 
-0.014324277 -0.0038463422 -0.12693655 0.06129802 
0.0090077855 0.0 0.0 0.0 
-0.01457037 0.025442746 0.01957849 0.030162614 
-0.0010910563 -0.004734277 0.17043754 -0.1812279 
5.109934e-05 0.0 0.0 0.0 
-0.00342838 0.0 0.0 0.0 
0.023242969 0.0 0.0 0.0 
-0.008790905 -0.0038463422 -0.11814564 0.06129804 
0.011982941 -0.0033485796 0.13761987 -0.13802354 
0.0027974825 -0.017165981 0.040854014 -0.055441886 
-0.0016616991 0.0 0.0 0.0 
-4.4265078e-05 0.0 0.0 0.0 
-0.00611669 -0.0033485796 0.14373654 -0.13802354 
0.010654641 0.00018908738 0.019778064 0.20196669 
-0.012477187 0.0 0.0 0.0 
-0.0054193614 -0.016475115 0.1004517 -0.010189299 
0.0012273188 -0.0033485796 0.14250922 -0.13802354 
-0.0048575397 0.0 0.0 0.0 
-0.022536809 0.0 0.0 0.0 
0.0052566538 0.0 0.0 0.0 
0.006828642 0.0 0.0 0.0 
-0.011661128 0.00018908738 0.027113808 0.20019063 
-0.013912043 -0.043487128 0.27976915 0.09713471 
-0.005963843 0.0 0.0 0.0 
0.014337163 -0.03725359 0.04926547 -0.079868235 
0.007549517 0.0 0.0 0.0 
-0.003922222 -0.05098788 0.1030178 -1.9884955 
0.018372513 -0.017860811 0.08207919 -0.010189299 
0.007950047 -0.004471315 0.0 0.0 
-0.0008220696 0.0 0.0 0.0 
-0.013380478 -0.0038463422 -0.09085312 0.061298028 
0.016218346 0.0103031695 0.018941343 -0.5284982 
-0.013875646 -0.029235454 0.033678032 0.5534791 
0.0007250565 0.0 0.0 0.0 
0.019799663 -0.004745511 0.0030355528 -0.061744604 
-0.019122653 0.01035244 -0.010811796 0.06496609 
0.0034456302 0.0 0.0 0.0 
0.014630451 -0.019823695 0.2108191 -0.13206202 
-0.0015098802 0.0 0.0 0.0 
0.0041153887 0.035555273 -0.00029092235 0.09163135 
0.00282457 0.0 0.0 0.0 
0.0015883344 0.0 0.0 0.0 
-0.0069376337 0.0 0.0 0.0 
0.006697374 -0.02901849 0.0 0.0 
-0.0062042726 0.0 0.0 0.0 
0.0020812415 -0.0038463422 -0.1091527 0.06129804 
0.0004545333 0.012016949 -0.09399068 0.38423836 
0.0068415166 0.00678954 -0.020355389 -0.037883237 
-0.0024953138 -0.0033485796 0.14586565 -0.12187269 
0.013096645 0.0 0.0 0.0 
-0.009312034 0.0 0.0 0.0 
-0.005577934 -0.0038463422 -0.104029305 0.076642364 
0.00027261907 0.0 0.0 0.0 
-0.0036385537 -0.011002474 0.0 0.0 
0.011458886 0.011968443 -0.01901385 -0.10001667 
-0.0013664272 0.0 0.0 0.0 
0.0076309815 0.0 0.0 0.0 
-0.009148608 0.0 0.0 0.0 
0.0047623324 0.0 0.0 0.0 
-0.015656326 0.0 0.0 0.0 
0.014515116 -0.028829154 0.26182598 -0.14489305 
-0.021585656 0.00678954 0.011836102 -0.01021339 
0.0092271585 0.07569516 0.19076172 1.1053412 
-0.004161073 0.025181431 0.08955567 1.955933 
-0.019865483 -0.0038463422 -0.0892299 0.08621636 
0.0025505908 0.0 0.0 0.0 
-0.010275658 0.0 0.0 0.0 
-0.00097125303 0.0 0.0 0.0 
0.012813035 0.008092929 0.0 0.0 
0.0069889114 -0.024766356 0.18829504 -0.011988118 
0.0060146255 0.0 0.0 0.0 
0.00609624 0.0 0.0 0.0 
-0.019958913 -0.0072970134 -0.10874669 0.11385994 
0.0063954354 0.05608287 0.12309413 1.1800568 
0.025635539 -0.023288526 -0.029905045 0.0 
0.0017901098 0.0 0.0 0.0 
0.009281383 0.011968443 -0.0065579 -0.0036385537 
-0.02025712 0.0 0.0 0.0 
0.009313966 0.021698613 0.13283636 -0.02477546 
0.0016892956 -0.0038463422 -0.09731463 0.086216375 
-0.001594053 -0.0038463422 -0.095720574 0.08621636 
-0.013342888 -0.0013856969 0.018372513 -0.016475115 
-0.006986213 0.0018683951 0.15975142 -0.11035618 
0.014523913 0.012141756 0.06148072 -0.17163572 
-0.0035612287 -0.011246132 -0.157141 0.09361617 
-0.008347808 -0.0072970134 -0.038383394 0.06477117 
0.008816186 -0.004734277 0.10203396 -0.15752748 
-0.011773359 0.0 0.0 0.0 
-0.001011403 0.0 0.0 0.0 
-0.0026540186 0.0 0.0 0.0 
-0.0020539027 0.0 0.0 0.0 
-0.016357308 0.0 0.0 0.0 
0.014953922 0.025442746 -0.02022681 0.03728679 
0.026225714 0.0 0.0 0.0 
0.015407632 -0.008672215 0.034704264 -0.10236737 
-0.0013926413 0.002485103 0.066562556 -0.03993463 
0.008135764 0.0 0.0 0.0 
0.025234826 0.011968443 -0.03417411 0.012841061 
0.011301449 -0.0038463422 -0.1034608 0.09361616 
0.019497022 0.0 0.0 0.0 
0.010308429 0.0121575305 -0.05211062 0.10561696 
0.0066811526 0.011968443 -0.03876548 -0.053147256 
0.023987802 -0.0033485796 0.07301653 -0.14105237 
0.003576589 -0.007348735 0.033387475 0.11760078 
-0.008954462 0.0034385745 0.0 0.0 
0.0046388763 0.0 0.0 0.0 
-0.011013539 0.0 0.0 0.0 
0.008354673 0.0 0.0 0.0 
-0.010302513 0.002485103 0.060430344 -0.029235348 
-0.0038463422 0.11373326 0.6257324 5.75723 
-0.0043211984 -0.091303036 0.26244634 0.45221394 
0.009751361 0.00678954 -0.01787396 -0.04172958 
0.0006455316 -0.0038463422 -0.05263545 -0.04757245 
-0.0024619189 0.0 0.0 0.0 
0.004043686 0.033836097 -0.44525883 -1.324471 
-0.005522751 0.0 0.0 0.0 
0.0025850944 0.0 0.0 0.0 
-1.3410314e-05 0.0 0.0 0.0 
-0.0032302446 0.006033163 0.0 0.0 
0.0061612143 -0.015495647 0.0 0.0 
0.040978123 0.0064758267 -0.016565263 0.20703897 
0.00539006 0.0 0.0 0.0 
0.027480898 0.0 0.0 0.0 
-0.016514389 0.0 0.0 0.0 
0.014454769 0.011912812 0.0217075 -0.016746692 
-0.0031076777 0.005296476 0.039477073 -0.05393407 
-0.008057225 -0.0033485796 0.02976471 -0.016746685 
0.00687273 -0.013220964 -0.0095769875 -0.109624356 
0.0076868692 0.029082622 0.040213086 0.0043869764 
-0.0058742235 -0.028829401 -0.04651474 0.40073323 
0.010281009 0.025442746 0.009681035 0.04441095 
-0.015495647 0.008646317 0.078101836 -0.031615663 
0.0025769987 0.012359324 -0.010007212 -0.056485616 
0.013135992 -0.030077638 0.0 0.0 
0.030883428 0.0 0.0 0.0 
0.0040138746 0.0 0.0 0.0 
-0.0009398554 0.0008956231 -0.0770635 -0.066173464 
0.00046949842 0.0 0.0 0.0 
-0.026227217 -0.0038463422 -0.06291498 -0.03183028 
-0.023288526 -0.059868477 -0.0046464615 -0.13618386 
0.012533815 0.009413904 0.007276519 0.008820336 
-0.029952634 0.0 0.0 0.0 
-0.0021246753 -0.0038463422 -0.036669075 -0.049698353 
-0.014734952 -0.004914687 0.009926999 -0.032534838 
-0.016475115 -0.19177262 -0.22228175 -0.16328692 
0.009633845 -0.009005458 0.03480673 0.0072285812 
0.020274064 -0.023403395 0.017916532 -0.014905704 
0.009520407 0.0 0.0 0.0 
0.008860748 0.0 0.0 0.0 
0.00016884816 0.0 0.0 0.0 
0.012058472 0.0 0.0 0.0 
0.017822143 0.0 0.0 0.0 
0.018144267 -0.02120939 0.08907098 -0.09108886 
0.011402305 0.0 0.0 0.0 
0.005006621 0.0 0.0 0.0 
0.032746784 -0.013220079 0.04689011 -0.07515402 
0.0044591804 0.0 0.0 0.0 
0.008753823 0.007635083 0.067664064 -0.05567351 
-0.009629453 -0.0038463422 -0.050731216 -0.049698353 
0.008078155 0.00678954 0.0005927515 0.0 
0.00930827 0.0 0.0 0.0 
-0.0071066217 -0.004914687 -0.009712198 -0.0079599125 
-0.0036134934 0.00018908738 -0.04899367 0.12542485 
-0.002609009 0.0 0.0 0.0 
0.00017581173 -0.03350461 0.01480113 0.012755334 
-0.018045375 -0.016475115 0.078362904 -0.006840721 
-0.0063424637 -0.004745511 0.015088257 0.0 
0.002579785 0.0 0.0 0.0 
0.009883462 -0.020502781 -0.20960471 -0.25398993 
-0.031582545 -0.0072970134 0.004336657 0.06477116 
-0.0269798 0.0 0.0 0.0 
0.011375853 0.0 0.0 0.0 
-0.02925495 0.0 0.0 0.0 
-0.009113256 0.005363497 0.0 0.0 
-0.021596141 0.002485103 0.046912465 -0.009790711 
0.0006665244 0.008311188 -0.060997386 0.03286016 
0.0075647295 0.0 0.0 0.0 
0.009037496 0.0 0.0 0.0 
-0.013286554 -0.012637216 0.00028813258 0.022442274 
0.020188836 -0.03588624 -0.04552921 0.4168037 
0.01943518 -0.0033485796 -0.019147057 0.022442281 
-0.0098284865 0.0 0.0 0.0 
-0.01646981 -0.0019554205 0.0 0.0 
0.005334334 -0.0038463422 -0.04089883 -0.04422387 
-0.0010177444 0.024348233 -0.08262536 0.2737596 
-0.008129674 0.0 0.0 0.0 
0.008789059 -0.02901849 0.013952129 0.0 
-0.017555313 0.0016486067 0.08703251 -0.28442144 
-0.008890219 -0.023288526 -0.009397497 0.0 
0.0027713934 0.0 0.0 0.0 
-0.014145561 0.0 0.0 0.0 
-0.004520163 0.002485103 0.063754 -0.032534838 
-0.014611219 0.0 0.0 0.0 
0.0068244473 0.012141756 0.05465627 -0.17163572 
0.017159466 0.011968443 -0.043412954 -0.055247504 
0.005568075 0.0 0.0 0.0 
0.0035387059 0.0 0.0 0.0 
0.016366528 -0.016475115 0.018427173 0.0047137123 
0.017782366 -0.012845313 -0.02492078 -0.020567954 
-0.0212079 0.02853344 0.05449923 -0.06914844 
0.014213803 0.0 0.0 0.0 
0.003496122 0.0 0.0 0.0 
-0.015039343 0.0 0.0 0.0 
0.012363079 0.019659707 -0.086755104 -0.45072955 
-0.00042010171 -0.055470847 -0.114983976 0.1973052 
-0.008795037 0.0092271585 -0.0031512356 -0.024310976 
-0.00383956 -0.031583488 -0.05687785 -0.55136746 
0.0030513385 -0.0033485796 -0.012746494 0.046151027 
0.022781651 0.0 0.0 0.0 
-0.005234113 0.002485103 0.05533547 -0.029235348 
-0.005621345 -0.0038463422 -0.0056034345 -0.049698353 
0.005731269 0.0 0.0 0.0 
0.027332867 0.0 0.0 0.0 
-0.017669419 -0.0033485796 0.0049229227 0.04615102 
-0.00050274906 0.024077997 0.091406494 0.71736145 
-0.004090402 0.0 0.0 0.0 
-0.0015341796 -0.0331852 0.031333238 -0.5859922 
-0.003788637 0.0 0.0 0.0 
0.012151265 0.014566351 0.038163524 -0.006919831 
-0.004225285 0.007124169 -0.0014311555 0.030162612 
0.002929406 0.011968443 -0.008067613 -0.067349136 
0.003987241 -0.013220079 0.048339397 -0.020300109 
-0.005676543 -0.016475115 0.0817087 -0.017123222 
-0.00820326 -0.0038463422 0.05417438 -0.008155395 
0.0046486864 0.0 0.0 0.0 
0.00672424 -0.04353433 -0.25446576 -0.3555702 
0.00093680026 -0.010237318 0.05171744 0.0 
-0.012701039 0.0 0.0 0.0 
0.0033928882 0.014072148 0.0 0.0 
0.006033163 -0.0032302446 0.0 0.0 
-0.01161733 -0.023288526 -0.018287716 0.0 
-0.0044936794 0.02853344 0.023700198 0.10999067 
-0.02174089 -0.0007103118 -0.0058886856 0.04516052 
0.0017496988 0.011968443 -0.027271226 -0.044986427 
-0.009201945 0.006332403 -0.01984116 0.028326157 
0.0021345858 0.012141756 0.0 0.0 
-0.006935691 -0.02901849 0.0176997 0.0 
-0.002391899 0.0 0.0 0.0 
-0.0109438095 0.0 0.0 0.0 
-0.004416889 0.0 0.0 0.0 
-0.011272094 0.0 0.0 0.0 
-0.026897585 0.0 0.0 0.0 
0.008288369 -0.016475115 0.031324103 -0.013774648 
-0.022422733 0.0 0.0 0.0 
-0.009181603 -0.0038463422 -0.043927398 -0.04410637 
0.014927099 0.012141756 0.0010638274 0.0 
0.00030271985 0.024855051 -0.0605675 1.3505456 
-0.015158435 -0.023772128 0.012382228 0.21874566 
-0.005685907 0.0 0.0 0.0 
0.013176287 -0.013220079 0.02843887 0.012066449 
-0.0127655 0.0 0.0 0.0 
-0.01612676 -0.0033485796 0.015859615 0.07516901 
-0.016353449 0.011968443 0.024247006 -0.06558055 
0.0034506076 -0.0038463422 -0.04011968 -0.049698353 
-0.0074819853 -0.0009468868 0.027667375 0.16845939 
0.0043454976 0.0 0.0 0.0 
0.021101426 0.0 0.0 0.0 
-0.013245657 0.0 0.0 0.0 
0.0011863292 -0.0038463422 -0.10464712 0.093616165 
-0.01270079 -0.0038463422 -0.038030416 -0.04969835 
0.013341858 0.0 0.0 0.0 
0.018395215 0.0 0.0 0.0 
0.006938173 -0.0033485796 0.008921452 0.075169004 
0.016781924 0.007389523 0.10413396 0.7916633 
-0.017982442 0.0 0.0 0.0 
0.011122481 0.0 0.0 0.0 
-0.011026621 -0.04104293 -0.042576626 -0.93966484 
-0.0010016854 0.0 0.0 0.0 
-0.003946849 0.0 0.0 0.0 
0.0072172345 0.0 0.0 0.0 
-0.02112279 0.0 0.0 0.0 
-0.013220079 0.06359119 -0.81761026 -3.4009876 
0.014021959 0.0 0.0 0.0 
-0.0023726274 -0.0088184895 0.0 0.0 
0.031133564 0.0 0.0 0.0 
0.0027933447 -0.004734277 0.04555446 -0.041642353 
-0.008386264 0.007981916 0.1678687 -0.7350648 
0.023117378 -0.013220079 0.008195354 -0.03571514 
0.0065315384 0.0 0.0 0.0 
0.0030662238 -0.004745511 -0.013213765 -0.03323909 
-0.003966358 -0.0033485796 0.042727426 0.0040007113 
-0.00071131595 -0.0072970134 0.0050479732 0.06477116 
0.005449653 0.0 0.0 0.0 
0.01227576 0.0 0.0 0.0 
0.010557204 0.0 0.0 0.0 
0.006717853 0.012141756 -0.005654026 0.0 
0.0019302143 0.030132784 0.062182393 -0.1171341 
-0.021678137 0.0 0.0 0.0 
0.028866272 -0.013220079 -0.0028341264 -0.039803043 
0.0059039514 0.0034493036 -0.02389549 -0.08849867 
-0.005313564 -0.0016438328 0.0626329 -0.5120513 
-0.005861321 -0.0038463422 -0.034258362 -0.049698353 
0.011442787 0.011968443 0.012804218 -0.06558055 
0.0049400227 0.002485103 0.04197244 -0.009790709 
-0.0018422663 0.00018908738 -0.06416683 0.54739195 
0.042676397 0.002485103 0.01265907 -0.029235348 
-0.015337424 -0.0038463422 0.009733986 -0.049698353 
-0.01787849 0.0 0.0 0.0 
0.029223636 -0.023872264 0.0 0.0 
0.0017751937 0.0 0.0 0.0 
-0.03378233 0.0 0.0 0.0 
0.0062692873 0.0 0.0 0.0 
0.00076332665 -0.0038463422 -0.038793743 -0.049698353 
0.0069406424 -0.010237318 0.044776797 0.0 
-0.0030810474 -0.0038463422 0.055922046 -0.04969835 
-0.0033485796 0.053945303 -1.0033551 -8.53175 
-0.023294618 0.0 0.0 0.0 
-0.015344339 0.03646221 0.002859909 0.07535604 
-0.0033971379 -0.016475115 0.034793697 0.0047137104 
0.009950927 -0.050370775 0.018733807 0.0023173 
-0.000549602 -0.016475115 0.01035244 0.0056633176 
0.016220324 0.0 0.0 0.0 
-0.005646895 0.02405243 -0.01353088 1.2961674 
-0.017070964 -0.00021629452 -0.09341494 0.06061746 
-0.0055584856 -0.016475115 0.060317528 -0.006840717 
-0.0031606853 -0.023288526 0.0 0.0 
-0.0077886116 0.012141756 0.0021345858 0.0 
0.008957806 0.012141756 0.015990926 0.0 
0.006500183 0.0 0.0 0.0 
0.0128475735 0.0018007474 0.0 0.0 
0.02395196 -0.016475115 0.039612472 -0.013774641 
-0.0006866505 0.0 0.0 0.0 
0.019794408 0.0 0.0 0.0 
-0.02580462 0.0 0.0 0.0 
0.01373193 -0.016447837 0.04811302 -1.5890253 
-0.008763946 0.004306821 0.0 0.0 
0.0010223854 0.0 0.0 0.0 
0.009431999 0.0023376057 -0.032605365 -0.0075653866 
0.000468536 0.0 0.0 0.0 
-0.0028472622 -0.0007995628 0.059207037 -2.2968907 
-0.017149156 0.0 0.0 0.0 
-0.034999892 -0.02901849 -0.0004880284 0.0 
-0.011805949 -0.0038463422 -0.02245241 -0.049698353 
-0.0021000123 -0.009005458 0.07715807 0.22177647 
0.015171102 0.0 0.0 0.0 
-0.0045666397 0.0 0.0 0.0 
0.02319595 0.16229177 0.075023286 0.3695911 
-0.005886563 0.0 0.0 0.0 
-0.007820245 0.0 0.0 0.0 
-0.006233182 0.0 0.0 0.0 
-0.023534793 0.011968443 0.012109164 -0.01638258 
0.008031662 -0.010183673 0.07564238 0.024278358 
-0.025574451 -0.0019426327 0.07931885 -0.7735297 
-0.008927505 0.02319595 0.0 0.0 
0.01192973 0.0 0.0 0.0 
-0.0084970035 -0.02901849 0.032070927 0.0 
0.0062877066 -0.0038463422 0.016651826 0.0 
0.02611177 0.0 0.0 0.0 
-0.0028825442 0.01005727 -0.08590715 0.6953107 
-0.0095739905 -0.004161073 0.0 0.0 
0.0044256896 0.00678954 -0.024781078 -0.037883237 
0.008411991 -0.0038463422 0.04312837 -0.008155395 
-0.0076397075 0.0 0.0 0.0 
-0.01693833 0.00678954 0.008670907 0.0 
0.0054062135 -0.0033485796 0.022816362 -0.027593048 
0.009930666 0.0 0.0 0.0 
-0.00025566775 -0.049089085 -0.018929996 -0.59566057 
0.0024533314 0.0 0.0 0.0 
-0.010975524 0.011968443 0.023779742 -0.06558055 
0.01035244 -0.0150756445 0.07191748 -0.25709176 
-0.0062368126 -0.023288526 -0.0031606853 0.0 
0.026914893 -0.0033485796 0.049333487 -0.013861116 
-0.0040773 -0.010654271 0.0 0.0 
0.0011124411 -0.016475115 0.076032154 -0.017123219 
0.0026340168 -0.0038463422 0.05154036 -0.008155395 
-0.018813908 0.0 0.0 0.0 
0.0023025703 0.0 0.0 0.0 
0.0010785548 -0.013857696 0.0 0.0 
0.0022601215 0.0 0.0 0.0 
-0.02127463 0.0 0.0 0.0 
-0.0076115127 0.0050613014 0.06559533 0.6233263 
-0.0034382227 0.0 0.0 0.0 
-0.0010996158 -0.0072970134 -0.046731204 0.06477117 
-0.016890818 -0.0038463422 0.033542644 0.0 
0.005439443 -0.016475115 0.01653038 0.012906247 
0.002822962 0.0 0.0 0.0 
-0.0016928968 0.0 0.0 0.0 
-0.01161643 0.0 0.0 0.0 
-0.00022046309 0.0 0.0 0.0 
-0.00739979 -0.010570936 0.068550974 0.005041439 
-0.004471315 0.007950047 0.0 0.0 
0.014508231 0.011968443 -0.012950386 -0.0036385537 
-0.013249184 -0.008155395 0.0 0.0 
0.00011550305 0.024876185 -0.05607777 0.39200583 
-0.0027928445 -0.010559282 0.036769032 0.3139462 
0.033542644 -0.0038463422 0.0 0.0 
0.013812914 -0.0038463422 0.018229984 -0.049698353 
-0.0075628906 0.006452966 -0.02247042 0.24117164 
0.021352338 -0.0038463422 -0.0891422 -0.03183029 
-0.008932783 -0.013220079 0.02449938 -0.010200441 
-0.006813355 0.09949921 0.0037543178 -3.9454746 
0.007568319 0.011968443 -0.05098127 -0.055247545 
0.007254754 -0.02901849 0.006697374 0.0 
-0.019729111 -0.009514317 0.00935428 0.010472695 
-0.011227626 -0.0038463422 -0.011224782 -0.049698353 
0.015361558 0.0 0.0 0.0 
0.027784143 -0.0072970134 -0.07246685 0.06477116 
-0.021233598 0.0 0.0 0.0 
-0.023240833 0.013987519 0.017562702 -0.0027829139 
0.0023671263 0.0 0.0 0.0 
0.026475165 -0.010237318 0.018301632 0.0 
0.008624333 -0.08868606 0.018846914 -2.1959972 
0.00287215 -0.02901849 -0.03548792 0.0 
-0.010723212 -0.046563245 0.017068563 0.040039703 
-0.014722425 0.0 0.0 0.0 
0.0031037459 0.011968443 -0.014919588 0.012841046 
-0.010975073 0.0 0.0 0.0 
0.0015291906 0.0121537065 0.044398874 0.08313579 
-0.00046174796 -0.0072970134 -0.16819489 0.11517018 
-0.0044558938 0.011968443 -0.011425626 -0.016382584 
-0.010212586 -0.010645593 -0.009185646 0.14768378 
-0.0111915525 0.0 0.0 0.0 
0.01697205 -0.010237318 0.0 0.0 
-0.029017983 -0.048794966 0.25504947 0.097718 
-0.0105889505 0.0 0.0 0.0 
0.013069126 0.0 0.0 0.0 
-0.027509764 0.0 0.0 0.0 
-0.0061027007 0.0 0.0 0.0 
0.010472695 -0.01545693 0.0155179035 -1.0760103 
0.00932974 -0.02901849 0.022741187 0.0 
0.016214848 0.0 0.0 0.0 
-0.0055140597 0.0028198669 -0.0030367887 0.15918301 
-0.012702066 -0.016625097 0.009629751 0.1258939 
0.017048415 -0.023683961 0.003013359 -0.08788222 
0.00935428 -0.047864005 -0.1470876 -2.813025 
-0.02196067 -0.0072970134 -0.14642331 0.11385989 
0.00989785 0.011968443 0.0015578456 -0.0036385537 
0.008967638 -0.013220079 0.0 0.0 
0.023712216 0.0 0.0 0.0 
-0.029713033 0.0 0.0 0.0 
-0.000930626 -0.010237318 0.01697205 0.0 
0.0140736 -0.0038463422 -0.054972425 -0.044223867 
0.0106172655 -0.013220079 0.015566595 -0.010200441 
0.007538098 0.0 0.0 0.0 
0.025428317 0.009313966 0.0 0.0 
-0.0023221516 -0.00739979 0.0 0.0 
0.012103507 0.008295413 -0.033789374 -0.21201324 
0.021110909 0.0005109664 -0.039445445 -0.19552967 
-0.004101753 -0.029994586 0.008075765 0.026337057 
0.0051724305 0.0 0.0 0.0 
-0.007986789 0.0 0.0 0.0 
0.009266203 -0.0038463422 -0.06423863 -0.044223867 
0.0052315583 0.0 0.0 0.0 
-0.0008269594 0.0 0.0 0.0 
-0.0052654794 0.0 0.0 0.0 
-0.034611013 -0.0038463422 0.052840997 -0.04969835 
-0.01890872 0.0 0.0 0.0 
-0.022308912 -0.0038463422 0.0320429 -0.049698353 
-0.021230262 -0.0072970134 -0.048498373 0.06477116 
0.0032231156 0.0 0.0 0.0 
0.0053228494 0.006689478 0.0008640811 0.07805443 
0.015839506 0.0 0.0 0.0 
-0.016884563 0.0 0.0 0.0 
-0.008155395 0.1366561 0.20128958 2.0956738 
0.0029546188 0.0 0.0 0.0 
-0.011137508 -0.0072970134 -0.027245887 0.06477116 
