-0.0072970134 0.09163384 0.049262866 -0.042347908 
-0.0018409918 0.0 0.0 0.0 
0.0014738773 0.0 0.0 0.0 
-0.022299858 0.0 0.0 0.0 
0.037496842 0.0 0.0 0.0 
-0.016250305 0.0 0.0 0.0 
-0.023439696 0.0 0.0 0.0 
-0.024501689 0.0 0.0 0.0 
-0.027935611 0.0 0.0 0.0 
0.004170226 0.0 0.0 0.0 
-0.0051094186 -0.005364635 -0.03984479 0.048783608 
0.0031885537 0.0 0.0 0.0 
0.013586543 0.0 0.0 0.0 
-0.002397241 0.0 0.0 0.0 
-0.00896759 0.0 0.0 0.0 
-0.011266732 0.0 0.0 0.0 
0.006287989 0.0 0.0 0.0 
0.0037403435 0.0 0.0 0.0 
-0.0032048512 -0.0013856969 0.012980098 0.015866764 
-0.018578997 0.0 0.0 0.0 
-0.020618692 0.0 0.0 0.0 
0.008339141 0.0 0.0 0.0 
-0.0016805431 0.0 0.0 0.0 
0.0027188817 -0.0038463422 0.03587979 -0.0033485796 
-0.006642995 0.0 0.0 0.0 
0.0069011175 0.0 0.0 0.0 
-0.0178924 0.0 0.0 0.0 
0.009571097 0.0 0.0 0.0 
0.011815153 0.0 0.0 0.0 
-0.0025137563 0.0 0.0 0.0 
0.0054411134 0.0 0.0 0.0 
0.00049038813 0.0010088525 -0.027598387 0.089173704 
0.00601356 0.0 0.0 0.0 
-0.00043261418 0.0 0.0 0.0 
-0.016765824 0.0 0.0 0.0 
0.002239548 0.0 0.0 0.0 
0.01628187 0.0 0.0 0.0 
0.010616019 0.0 0.0 0.0 
-0.016045298 0.0 0.0 0.0 
0.004086439 0.0 0.0 0.0 
0.0166564 0.0 0.0 0.0 
-0.012975409 0.0 0.0 0.0 
0.014513492 0.0 0.0 0.0 
0.009282035 0.0 0.0 0.0 
0.001175837 0.0 0.0 0.0 
-0.0037712895 0.0 0.0 0.0 
0.0032325115 0.0 0.0 0.0 
0.014509176 0.0 0.0 0.0 
-0.0029755263 0.0 0.0 0.0 
0.015570202 0.0 0.0 0.0 
0.00065061956 0.0 0.0 0.0 
0.006340928 0.0 0.0 0.0 
-0.01218326 0.0 0.0 0.0 
-0.0049280785 0.014072148 0.0 0.0 
0.016442496 0.0 0.0 0.0 
-0.016628677 0.0 0.0 0.0 
0.012498747 0.0 0.0 0.0 
0.0100049665 0.0 0.0 0.0 
-0.00018113865 0.0 0.0 0.0 
-0.013501713 0.0 0.0 0.0 
0.012492465 0.0 0.0 0.0 
-0.001998211 0.0 0.0 0.0 
0.0068741445 0.0 0.0 0.0 
-0.0080923885 0.0 0.0 0.0 
-0.011444358 0.0 0.0 0.0 
0.020967066 0.0 0.0 0.0 
0.0121154105 0.0 0.0 0.0 
0.014620237 0.0 0.0 0.0 
-0.0030458255 0.0 0.0 0.0 
0.012094776 0.0 0.0 0.0 
0.014694311 0.0 0.0 0.0 
0.029704098 0.0 0.0 0.0 
-0.0047042756 0.0 0.0 0.0 
0.008812531 0.0 0.0 0.0 
-0.01899024 0.0 0.0 0.0 
0.0022626817 0.0121537065 0.055434756 -0.046819374 
-0.0103278 0.0 0.0 0.0 
0.021544052 0.0 0.0 0.0 
-0.019017708 0.0 0.0 0.0 
-0.007888994 0.0 0.0 0.0 
0.0012854342 0.0 0.0 0.0 
0.022841452 0.0 0.0 0.0 
0.020896193 0.0 0.0 0.0 
-0.0028956593 0.0 0.0 0.0 
0.0024039962 0.0 0.0 0.0 
0.008453248 0.0 0.0 0.0 
-0.0027513504 0.0 0.0 0.0 
-0.022963978 0.0 0.0 0.0 
0.0027617333 0.0 0.0 0.0 
0.0052241464 0.0 0.0 0.0 
0.008858951 0.0 0.0 0.0 
0.002446452 0.0 0.0 0.0 
-0.014056157 0.0 0.0 0.0 
-0.011764344 0.0 0.0 0.0 
0.0045678825 0.0 0.0 0.0 
0.0035654928 0.0 0.0 0.0 
0.004632795 0.0 0.0 0.0 
-0.005150484 0.0 0.0 0.0 
-0.0016090716 0.0 0.0 0.0 
0.026029635 0.0 0.0 0.0 
0.022654077 0.0 0.0 0.0 
0.021768067 0.0 0.0 0.0 
0.015121634 -0.004745511 -0.040411957 -0.016475115 
-0.013045056 0.0 0.0 0.0 
-0.00040565053 0.0 0.0 0.0 
-0.01822331 0.0 0.0 0.0 
0.0023440241 0.0 0.0 0.0 
0.005363497 -0.009113256 0.0 0.0 
0.018063664 0.0 0.0 0.0 
-0.031526074 0.0 0.0 0.0 
0.014191486 0.0 0.0 0.0 
0.0039038202 0.0 0.0 0.0 
0.011558376 0.0 0.0 0.0 
7.87177e-05 0.0 0.0 0.0 
-0.0033402364 0.0 0.0 0.0 
0.019710166 -0.0072970134 0.045104373 0.0 
-0.02228619 0.0 0.0 0.0 
-0.014919198 0.0 0.0 0.0 
0.0006782661 0.0 0.0 0.0 
-0.026797669 0.0 0.0 0.0 
0.0058790855 0.0 0.0 0.0 
-0.0035647228 0.0 0.0 0.0 
0.013270717 0.0 0.0 0.0 
0.0035184696 0.0 0.0 0.0 
-0.011972325 0.0 0.0 0.0 
-0.004669777 0.0 0.0 0.0 
-0.001778724 0.0 0.0 0.0 
0.006685488 0.0 0.0 0.0 
0.0014892236 0.0 0.0 0.0 
0.008747988 0.0 0.0 0.0 
-0.006265967 0.0 0.0 0.0 
-0.017158633 0.0 0.0 0.0 
-0.006010167 0.0 0.0 0.0 
0.00866949 0.0 0.0 0.0 
0.010258366 0.0 0.0 0.0 
-0.0030030224 0.0 0.0 0.0 
0.014730494 0.0 0.0 0.0 
-0.0011509043 0.0 0.0 0.0 
-0.022000095 0.0 0.0 0.0 
-0.007140487 0.0 0.0 0.0 
0.01946937 0.0 0.0 0.0 
-0.00028055473 0.0 0.0 0.0 
0.006332403 0.0100855855 -0.052620314 -0.06543588 
0.004050685 0.0 0.0 0.0 
0.010304289 0.0 0.0 0.0 
0.015091552 -0.0038463422 0.020788241 -0.0033485796 
-0.0012729075 0.0 0.0 0.0 
0.017442038 0.0 0.0 0.0 
-0.006195288 0.0 0.0 0.0 
-0.005419814 0.0 0.0 0.0 
0.0018527617 0.0 0.0 0.0 
-0.02147674 0.0 0.0 0.0 
0.00056480605 0.0 0.0 0.0 
0.010974234 0.0 0.0 0.0 
0.012355206 0.0 0.0 0.0 
-0.008539754 0.0 0.0 0.0 
-0.008106549 0.0 0.0 0.0 
-0.011966057 0.0 0.0 0.0 
0.025091274 0.0 0.0 0.0 
0.0037594482 0.0 0.0 0.0 
-0.02519977 0.0 0.0 0.0 
-0.010162384 0.0 0.0 0.0 
-0.010036821 0.0 0.0 0.0 
0.002783313 0.0 0.0 0.0 
0.000862535 0.0 0.0 0.0 
0.0032461968 0.0 0.0 0.0 
-0.018767316 0.0 0.0 0.0 
-0.009845983 0.0 0.0 0.0 
0.043614518 0.0 0.0 0.0 
-0.0072060134 0.0 0.0 0.0 
-0.031146651 0.0 0.0 0.0 
0.010079036 0.0 0.0 0.0 
-0.003960011 0.0 0.0 0.0 
0.008154883 0.0 0.0 0.0 
0.011976825 0.0 0.0 0.0 
-0.0012595609 0.0 0.0 0.0 
-0.012701238 0.0 0.0 0.0 
-0.019708358 0.0 0.0 0.0 
0.01816475 0.0 0.0 0.0 
-0.007724137 0.0 0.0 0.0 
-0.0023687806 0.0 0.0 0.0 
0.0034385745 0.0 0.0 0.0 
0.008630667 0.0 0.0 0.0 
-0.017084401 0.0 0.0 0.0 
0.013107664 0.0 0.0 0.0 
-0.0017984753 0.0 0.0 0.0 
0.0073397504 0.0 0.0 0.0 
-0.0031013566 0.0 0.0 0.0 
-0.023772309 0.0 0.0 0.0 
0.015987528 0.0 0.0 0.0 
0.01619605 0.0 0.0 0.0 
0.022465838 0.0 0.0 0.0 
0.007191222 0.0 0.0 0.0 
-0.017265363 0.0 0.0 0.0 
0.01381219 0.0 0.0 0.0 
-0.0025870039 0.0 0.0 0.0 
-0.004212377 0.0 0.0 0.0 
0.00455611 0.0 0.0 0.0 
0.012440206 0.0 0.0 0.0 
-0.017551297 0.0 0.0 0.0 
0.008526974 0.0 0.0 0.0 
-0.015365452 0.0 0.0 0.0 
0.013832839 0.024478476 0.024478476 0.0 
-0.0012310962 0.0 0.0 0.0 
-0.01265149 0.0 0.0 0.0 
0.014072148 -0.0049280785 0.0 0.0 
-0.0140022775 0.0 0.0 0.0 
-0.00074272224 0.0 0.0 0.0 
0.004041043 0.0 0.0 0.0 
-0.0081095155 0.0 0.0 0.0 
-0.0025881077 0.0 0.0 0.0 
0.00858376 0.0 0.0 0.0 
-0.0037497145 0.0 0.0 0.0 
0.0046705403 0.0 0.0 0.0 
-0.0025440156 0.0 0.0 0.0 
-0.005765934 0.0 0.0 0.0 
-0.014143389 0.0 0.0 0.0 
0.0021487852 0.0 0.0 0.0 
-0.023569776 0.0 0.0 0.0 
0.008504484 0.0 0.0 0.0 
0.00353387 0.0 0.0 0.0 
0.007947917 0.0 0.0 0.0 
-0.015043835 0.0 0.0 0.0 
-0.008611473 0.0 0.0 0.0 
-0.008123955 0.0 0.0 0.0 
-0.009744521 0.0 0.0 0.0 
-0.0016770602 -0.0038463422 0.0224653 -0.0033485796 
-0.004745511 -0.025290322 -0.016475115 0.031714756 
0.009009421 0.0 0.0 0.0 
0.017371684 0.0 0.0 0.0 
-0.011434531 0.0 0.0 0.0 
0.0077859196 0.0 0.0 0.0 
-0.005860351 0.0 0.0 0.0 
-0.017717712 0.0 0.0 0.0 
-0.005469467 0.0 0.0 0.0 
0.002288677 0.0 0.0 0.0 
0.016996799 0.0 0.0 0.0 
0.0070015886 0.0 0.0 0.0 
0.015019062 0.0 0.0 0.0 
0.014610278 0.0 0.0 0.0 
-0.033688556 0.0 0.0 0.0 
-0.0032033864 0.0 0.0 0.0 
0.038551625 0.0 0.0 0.0 
0.0093852505 0.0 0.0 0.0 
0.01671789 0.0 0.0 0.0 
-0.00045059502 0.0 0.0 0.0 
0.02032162 0.0 0.0 0.0 
0.011340648 0.0 0.0 0.0 
-0.007074356 0.0 0.0 0.0 
0.023639293 0.0 0.0 0.0 
0.0056253597 0.0 0.0 0.0 
0.0071119214 0.0 0.0 0.0 
-0.016268162 0.0 0.0 0.0 
0.030164236 0.0 0.0 0.0 
-0.0040659853 0.0 0.0 0.0 
0.024080476 0.0 0.0 0.0 
-0.012845313 0.0 0.0 0.0 
0.0055697034 0.013987519 0.0 0.0 
-0.01807261 0.0 0.0 0.0 
-0.00846274 0.0 0.0 0.0 
-0.016429368 0.0 0.0 0.0 
0.009640021 0.0 0.0 0.0 
0.018608764 0.0 0.0 0.0 
-0.012655127 0.0 0.0 0.0 
-0.0017295349 0.0 0.0 0.0 
0.018980667 0.0 0.0 0.0 
0.0057960707 0.0 0.0 0.0 
-0.015338839 0.0 0.0 0.0 
-0.009542312 0.0 0.0 0.0 
-0.010544159 0.0 0.0 0.0 
-0.0035492138 0.0 0.0 0.0 
0.018844355 0.0 0.0 0.0 
-0.006279906 0.0 0.0 0.0 
0.008662219 0.0 0.0 0.0 
0.010100909 0.0 0.0 0.0 
-0.011034423 0.0 0.0 0.0 
0.01167658 0.0 0.0 0.0 
-0.0016396231 0.0 0.0 0.0 
0.022459224 0.0 0.0 0.0 
-0.010642724 0.0 0.0 0.0 
-0.0017699422 0.0 0.0 0.0 
-0.010938178 0.0 0.0 0.0 
-0.021616949 0.0 0.0 0.0 
-0.027328344 0.0 0.0 0.0 
-0.016856186 0.0 0.0 0.0 
-0.0050736093 0.0 0.0 0.0 
-0.006528841 0.0 0.0 0.0 
0.015261391 0.0 0.0 0.0 
0.014159032 0.011968443 -0.034665667 0.04145829 
-9.4167495e-05 0.0 0.0 0.0 
0.014584375 0.0 0.0 0.0 
0.007732284 0.0 0.0 0.0 
-0.008927427 0.0 0.0 0.0 
-0.0016393745 0.0 0.0 0.0 
-0.010205537 0.0 0.0 0.0 
0.0022999723 0.0 0.0 0.0 
-0.021666612 0.0 0.0 0.0 
0.011990147 0.0 0.0 0.0 
0.0043211672 0.0 0.0 0.0 
-0.005637958 0.0 0.0 0.0 
0.0014898701 0.0 0.0 0.0 
-0.017377635 0.0 0.0 0.0 
0.0033684487 0.0 0.0 0.0 
0.0016017302 0.0 0.0 0.0 
-0.0027523562 0.0 0.0 0.0 
-0.030205963 -0.004745511 -0.0034128774 0.0 
-0.012775498 0.0 0.0 0.0 
-0.014332338 0.0 0.0 0.0 
-0.0035275961 0.0 0.0 0.0 
0.0077770534 0.0 0.0 0.0 
-0.011596358 0.0 0.0 0.0 
-0.005683431 0.0 0.0 0.0 
-0.01112185 0.0 0.0 0.0 
-0.02021742 0.0 0.0 0.0 
-0.013053678 -0.016475115 0.030521888 0.014566544 
-0.0043377182 0.0 0.0 0.0 
-0.017894916 0.0 0.0 0.0 
-0.00878162 0.0 0.0 0.0 
-0.006448479 0.0 0.0 0.0 
-0.012641087 -0.016475115 0.04316298 0.014566544 
-0.020470496 0.0 0.0 0.0 
-0.01062044 0.0 0.0 0.0 
0.0045420504 -0.015957188 -0.030560918 0.091119595 
0.016996222 0.0 0.0 0.0 
0.023812247 -0.0072970134 0.021292124 0.0 
0.0012716553 0.0 0.0 0.0 
-0.0023003172 0.0 0.0 0.0 
-0.013080026 0.0069889114 0.0 0.0 
-0.0016863999 0.0 0.0 0.0 
-0.009790217 0.0 0.0 0.0 
-0.016013177 0.0 0.0 0.0 
0.0018530537 0.0 0.0 0.0 
0.023077581 0.0 0.0 0.0 
-0.028434554 0.0 0.0 0.0 
0.0032519475 0.0 0.0 0.0 
-0.0013105061 0.0 0.0 0.0 
-0.0050577605 0.0 0.0 0.0 
0.00076156814 0.0 0.0 0.0 
0.007969264 0.0 0.0 0.0 
0.01256706 0.0 0.0 0.0 
0.01945655 0.0 0.0 0.0 
-0.020491421 0.0 0.0 0.0 
-0.026605189 0.0 0.0 0.0 
-0.010514644 0.0 0.0 0.0 
-0.018215528 0.0 0.0 0.0 
-0.015228748 0.0 0.0 0.0 
-0.018624548 0.0 0.0 0.0 
-0.007734581 0.0 0.0 0.0 
-0.0003065098 0.0 0.0 0.0 
-0.011068559 0.0 0.0 0.0 
0.0046263915 0.0 0.0 0.0 
0.025108567 0.0 0.0 0.0 
0.00036000134 0.0 0.0 0.0 
0.0041688215 0.0 0.0 0.0 
-0.018122038 0.0 0.0 0.0 
-0.031766627 0.0 0.0 0.0 
-0.021974754 0.0 0.0 0.0 
-0.013624456 0.0 0.0 0.0 
0.001770253 0.0 0.0 0.0 
0.012362914 0.0 0.0 0.0 
-0.022008909 0.0 0.0 0.0 
-0.004418148 0.0 0.0 0.0 
0.0056594145 0.0 0.0 0.0 
0.010105371 0.0 0.0 0.0 
0.010620178 0.0 0.0 0.0 
-0.00625312 0.0 0.0 0.0 
0.004109027 0.0 0.0 0.0 
0.0071341693 0.0 0.0 0.0 
0.0038687203 0.0 0.0 0.0 
-0.022494365 0.0 0.0 0.0 
0.009855697 0.0 0.0 0.0 
0.005998188 0.0 0.0 0.0 
0.016558055 0.0 0.0 0.0 
-0.00045721477 0.0 0.0 0.0 
0.0041606757 0.0 0.0 0.0 
0.026747711 0.0 0.0 0.0 
0.0023403896 0.0 0.0 0.0 
0.010542087 0.0 0.0 0.0 
0.017175693 0.0 0.0 0.0 
0.0007207888 0.0 0.0 0.0 
0.004933059 0.0070038605 -0.059394203 0.07258788 
-0.004685461 0.0 0.0 0.0 
0.002138736 0.0 0.0 0.0 
-0.0073620114 0.0 0.0 0.0 
0.005249209 0.0 0.0 0.0 
0.010072039 0.0 0.0 0.0 
-0.016425367 0.0 0.0 0.0 
0.004268184 0.0 0.0 0.0 
-0.017116295 0.0 0.0 0.0 
-0.0033664277 0.0 0.0 0.0 
-0.022628512 -0.004745511 -0.017783444 -0.016475115 
0.004563263 0.0 0.0 0.0 
-0.0036997984 0.0 0.0 0.0 
-0.0025287834 0.0 0.0 0.0 
0.014127444 0.0 0.0 0.0 
3.7441394e-05 0.0 0.0 0.0 
0.007227495 0.0 0.0 0.0 
0.0077688606 0.0 0.0 0.0 
-0.0034023342 0.0 0.0 0.0 
-0.00046587383 0.0 0.0 0.0 
-0.008450671 0.0 0.0 0.0 
-0.009813423 0.0 0.0 0.0 
0.03062928 0.0 0.0 0.0 
-0.027347578 0.0 0.0 0.0 
-0.019021006 0.0 0.0 0.0 
0.011244908 0.0 0.0 0.0 
-0.013317685 0.0 0.0 0.0 
0.0048613497 0.0 0.0 0.0 
0.0018989396 0.0 0.0 0.0 
-0.0042524077 0.0 0.0 0.0 
-0.0014371759 0.0 0.0 0.0 
-0.014109321 0.0 0.0 0.0 
0.010512189 0.0 0.0 0.0 
0.0061648283 0.0 0.0 0.0 
-0.011486925 0.0121537065 0.06692168 -0.04681937 
-0.011308496 0.0 0.0 0.0 
0.023890192 0.0 0.0 0.0 
0.00018908738 0.030488953 0.0240447 -0.041042212 
-0.014454496 0.0 0.0 0.0 
0.0010304798 0.0 0.0 0.0 
-0.00045434898 0.0 0.0 0.0 
-0.018816656 0.0 0.0 0.0 
0.0026046233 0.0 0.0 0.0 
-0.013207207 0.0 0.0 0.0 
-0.0019690439 0.0 0.0 0.0 
0.014856143 0.0 0.0 0.0 
0.021426212 0.0 0.0 0.0 
-0.014733912 0.0 0.0 0.0 
-0.008752196 0.0 0.0 0.0 
-0.0017348726 -0.015049651 -0.023059905 0.030180812 
0.011919083 0.0 0.0 0.0 
0.016867345 0.0 0.0 0.0 
-0.012477455 0.0 0.0 0.0 
-0.013624518 0.0 0.0 0.0 
0.018877367 0.0 0.0 0.0 
-0.0026028901 0.0 0.0 0.0 
-0.00765215 0.0 0.0 0.0 
0.034984656 0.0 0.0 0.0 
0.01485164 0.0 0.0 0.0 
0.013861256 0.0 0.0 0.0 
0.0019295941 0.0 0.0 0.0 
-0.013973102 0.0 0.0 0.0 
-0.0005388047 0.0 0.0 0.0 
-0.0049814796 -0.0038463422 0.02744678 -0.0033485796 
-0.010223975 0.0 0.0 0.0 
-0.013904774 0.0 0.0 0.0 
0.0013186657 0.0 0.0 0.0 
-0.011965003 0.0 0.0 0.0 
0.0009530275 0.0 0.0 0.0 
0.026521044 0.0 0.0 0.0 
0.019503666 0.0 0.0 0.0 
0.0032745579 0.0 0.0 0.0 
0.023217121 0.0 0.0 0.0 
-0.0075656795 0.0 0.0 0.0 
-0.00011393302 0.0 0.0 0.0 
0.030851683 0.0 0.0 0.0 
0.022231461 0.0 0.0 0.0 
-0.005575405 0.0 0.0 0.0 
-0.018695192 0.0 0.0 0.0 
0.0022905213 0.0 0.0 0.0 
0.023608645 0.0 0.0 0.0 
0.013183095 -0.021220626 -0.0019040871 0.008031662 
0.011916331 0.0 0.0 0.0 
0.0067206603 0.0 0.0 0.0 
-0.011528044 0.0 0.0 0.0 
0.008207219 0.0 0.0 0.0 
0.0035226534 0.0 0.0 0.0 
-0.016609637 0.0 0.0 0.0 
-0.009553441 0.0 0.0 0.0 
0.004219676 0.0 0.0 0.0 
-0.0073773907 0.0 0.0 0.0 
-0.0055583785 0.0 0.0 0.0 
0.03172277 0.0 0.0 0.0 
-0.009872384 -0.009843695 -0.015050122 0.06909883 
0.0085794795 0.0 0.0 0.0 
0.009051933 0.0 0.0 0.0 
0.022710549 0.0 0.0 0.0 
0.01600907 0.0 0.0 0.0 
-0.009012515 0.0 0.0 0.0 
-0.007530485 0.0 0.0 0.0 
0.0022956377 0.0 0.0 0.0 
0.008200268 0.0 0.0 0.0 
0.009413904 0.0 0.0 0.0 
0.004306821 0.0 0.0 0.0 
-0.02877708 0.0 0.0 0.0 
0.008106182 0.0 0.0 0.0 
0.010285099 -0.0072970134 0.08897194 0.0 
-0.0135481665 0.0 0.0 0.0 
0.006850175 0.0 0.0 0.0 
-0.00896553 0.0 0.0 0.0 
0.008589812 0.0 0.0 0.0 
-0.023624137 0.0 0.0 0.0 
0.00486965 0.0 0.0 0.0 
0.0061950698 0.0 0.0 0.0 
-0.033024974 0.0 0.0 0.0 
-0.019206531 -0.004734277 0.018855192 0.10559503 
0.006408239 0.0 0.0 0.0 
-0.0035626173 0.0 0.0 0.0 
0.006908989 0.0 0.0 0.0 
0.038294178 0.0 0.0 0.0 
-0.005034217 0.0 0.0 0.0 
-0.011828809 0.0 0.0 0.0 
0.015796712 0.0 0.0 0.0 
-0.006892325 0.0 0.0 0.0 
-0.0043161483 -0.004745511 0.00090327096 0.0 
0.006689478 0.014021959 0.0 0.0 
-0.0100107035 0.0 0.0 0.0 
-0.0105111385 0.0 0.0 0.0 
-0.011729454 0.0 0.0 0.0 
0.0028959694 -0.0038463422 0.024550814 -0.0033485796 
0.020330796 -0.008672215 0.0071426597 0.00018410198 
0.0015730952 0.0 0.0 0.0 
0.01107524 0.0 0.0 0.0 
-0.0005062857 0.0 0.0 0.0 
0.010799631 0.0 0.0 0.0 
-0.013319658 0.0 0.0 0.0 
-0.0056260275 0.0 0.0 0.0 
0.0030151443 0.0 0.0 0.0 
0.0011643623 0.0 0.0 0.0 
-0.00020605825 0.0 0.0 0.0 
0.016746618 0.0 0.0 0.0 
0.0010128903 0.0 0.0 0.0 
0.0048609837 0.0 0.0 0.0 
-0.008224624 0.0 0.0 0.0 
-0.0022127368 0.0 0.0 0.0 
0.007692299 0.0 0.0 0.0 
0.009271485 0.0 0.0 0.0 
0.012932111 0.0 0.0 0.0 
-0.00087955897 0.0 0.0 0.0 
-0.009569828 0.0 0.0 0.0 
-0.008863921 0.0 0.0 0.0 
0.008759976 0.0 0.0 0.0 
0.035271645 0.0 0.0 0.0 
-0.00090269133 0.0 0.0 0.0 
-0.03417612 0.0 0.0 0.0 
-0.011624335 0.0 0.0 0.0 
-0.0012815956 0.0 0.0 0.0 
-0.0015524104 0.0 0.0 0.0 
-0.002537973 0.0 0.0 0.0 
0.016579043 0.0 0.0 0.0 
0.0037399451 0.0 0.0 0.0 
0.012368922 0.0 0.0 0.0 
-0.008267857 0.0 0.0 0.0 
0.01616119 0.0 0.0 0.0 
-0.0064833085 0.0 0.0 0.0 
0.015088257 0.0 0.0 0.0 
-0.0018024353 0.0 0.0 0.0 
0.00988942 0.0 0.0 0.0 
-0.0016466484 0.0 0.0 0.0 
0.0035366837 0.0 0.0 0.0 
0.01010304 0.0 0.0 0.0 
0.016281977 0.0 0.0 0.0 
0.0025682857 0.0 0.0 0.0 
0.014666358 0.0 0.0 0.0 
-0.02114753 0.0 0.0 0.0 
0.005009897 0.0 0.0 0.0 
0.014131199 0.0 0.0 0.0 
-0.015147876 0.0 0.0 0.0 
0.007818437 0.0 0.0 0.0 
0.0073441966 0.0 0.0 0.0 
0.009677329 0.0 0.0 0.0 
0.004577168 0.0 0.0 0.0 
0.012666723 0.0 0.0 0.0 
0.008913671 0.0 0.0 0.0 
0.013003228 0.0 0.0 0.0 
-0.0016319674 0.0 0.0 0.0 
0.017387327 0.0 0.0 0.0 
-0.0029119998 0.0 0.0 0.0 
0.025683247 -0.0072970134 0.04834875 0.0 
0.026453553 0.0 0.0 0.0 
-0.008658253 0.0 0.0 0.0 
-0.0018456426 0.0 0.0 0.0 
-0.018896021 0.0 0.0 0.0 
-0.0032954684 0.0 0.0 0.0 
-0.0074718366 0.0 0.0 0.0 
-0.0033188958 0.0 0.0 0.0 
-0.0029054675 0.0 0.0 0.0 
0.011012762 0.0 0.0 0.0 
-0.014663518 0.0 0.0 0.0 
-0.029643953 0.0 0.0 0.0 
0.02237469 0.0 0.0 0.0 
-0.010069329 0.0 0.0 0.0 
-0.007821238 0.0 0.0 0.0 
0.0061338074 -0.008672215 0.0010088525 0.00018410292 
0.0067304033 0.0 0.0 0.0 
0.017615695 0.0 0.0 0.0 
-0.016971378 0.0 0.0 0.0 
0.0041098967 0.0 0.0 0.0 
0.012572469 0.0 0.0 0.0 
0.0055113886 0.0 0.0 0.0 
0.009541709 0.0 0.0 0.0 
0.00139328 0.0 0.0 0.0 
-0.011836698 0.0 0.0 0.0 
0.0065568476 0.0 0.0 0.0 
-0.014931943 0.0 0.0 0.0 
-0.026264613 0.0 0.0 0.0 
-0.00070719415 0.0 0.0 0.0 
0.009810405 0.0 0.0 0.0 
-0.009343081 0.0 0.0 0.0 
0.016613558 0.0 0.0 0.0 
-0.019416202 0.0 0.0 0.0 
-0.021699069 0.0 0.0 0.0 
0.008749475 0.0 0.0 0.0 
-0.029561143 0.0 0.0 0.0 
0.008035976 0.0 0.0 0.0 
0.0075318157 0.0 0.0 0.0 
-0.0058651017 0.0 0.0 0.0 
0.018824771 0.0 0.0 0.0 
-0.0110147055 0.0 0.0 0.0 
-0.014246913 0.0 0.0 0.0 
0.016840529 0.0 0.0 0.0 
-0.002667606 0.0 0.0 0.0 
-0.0071616014 0.0 0.0 0.0 
-0.012678137 0.0 0.0 0.0 
0.013849741 0.0 0.0 0.0 
0.007620799 0.0 0.0 0.0 
0.014327231 0.0 0.0 0.0 
0.013328333 0.0 0.0 0.0 
-0.0065083997 0.0 0.0 0.0 
0.005175347 0.0 0.0 0.0 
0.012879863 0.0 0.0 0.0 
0.0076117814 0.0 0.0 0.0 
-0.009536247 0.0 0.0 0.0 
-0.01042593 0.0 0.0 0.0 
-0.00020904653 0.0 0.0 0.0 
0.009416416 0.0 0.0 0.0 
0.009463385 0.0 0.0 0.0 
-0.01311648 0.0 0.0 0.0 
0.012609801 0.0 0.0 0.0 
-0.004618686 0.0 0.0 0.0 
0.017976072 0.0 0.0 0.0 
-0.017606677 0.0 0.0 0.0 
0.027366271 0.0 0.0 0.0 
-0.007235194 0.0 0.0 0.0 
-0.008813824 0.0 0.0 0.0 
-0.021971438 0.0 0.0 0.0 
0.020609602 0.0 0.0 0.0 
0.0059513836 0.0 0.0 0.0 
-0.02491835 0.0 0.0 0.0 
-0.009492524 0.0 0.0 0.0 
-0.014684105 0.0 0.0 0.0 
0.014513671 0.0 0.0 0.0 
0.005872295 0.0 0.0 0.0 
-0.007730879 0.0 0.0 0.0 
-0.013857696 0.0 0.0 0.0 
0.003430622 0.0 0.0 0.0 
0.0046090283 0.0 0.0 0.0 
0.0050613014 0.0 0.0 0.0 
0.011205034 0.0 0.0 0.0 
0.00012689552 0.0 0.0 0.0 
0.012495795 0.0 0.0 0.0 
-0.0026820381 0.0 0.0 0.0 
0.003405451 0.0 0.0 0.0 
0.01922019 0.0 0.0 0.0 
-0.012058137 0.0 0.0 0.0 
0.0011282149 0.0 0.0 0.0 
0.0023980127 0.0 0.0 0.0 
0.011313398 0.0 0.0 0.0 
0.024077997 -0.007966308 0.026534794 -0.048905753 
0.0042846417 0.0 0.0 0.0 
0.004871869 0.0 0.0 0.0 
0.0007479909 0.0 0.0 0.0 
-0.012123513 0.0 0.0 0.0 
0.0033659362 0.0 0.0 0.0 
-0.003960571 0.0 0.0 0.0 
0.0066816206 0.0 0.0 0.0 
-0.0037010966 0.0 0.0 0.0 
-0.019110272 -0.0027507804 0.016129669 0.12461152 
0.024281502 0.0 0.0 0.0 
-0.012481892 0.0 0.0 0.0 
-0.009120344 0.0 0.0 0.0 
-0.009050332 0.0 0.0 0.0 
-0.0006072788 0.0 0.0 0.0 
0.0062667616 0.0 0.0 0.0 
-0.0009468868 0.0 0.0 0.0 
0.035114754 0.0 0.0 0.0 
-0.009111147 0.0 0.0 0.0 
0.019426513 0.0 0.0 0.0 
-0.008920669 0.0 0.0 0.0 
-0.009076836 0.0 0.0 0.0 
0.016563848 0.0 0.0 0.0 
-0.008672215 0.027473457 0.00018410012 0.089173704 
0.012138353 0.0 0.0 0.0 
-0.009576427 0.0 0.0 0.0 
0.00058223266 0.0 0.0 0.0 
0.0050185802 0.0 0.0 0.0 
0.01493995 -0.0072970134 0.074031994 0.0 
0.004840564 0.0 0.0 0.0 
0.0064403806 0.0 0.0 0.0 
0.024255574 0.0 0.0 0.0 
0.017512556 0.0 0.0 0.0 
-0.004126183 0.0 0.0 0.0 
0.009154484 0.0 0.0 0.0 
-0.029699078 -0.0072970134 0.07804783 0.0 
-0.00054527604 0.0 0.0 0.0 
0.016336782 0.0 0.0 0.0 
0.023352193 0.0 0.0 0.0 
0.020777116 0.0 0.0 0.0 
-0.018739298 0.0 0.0 0.0 
-0.0029785333 0.0 0.0 0.0 
-0.010349456 0.0 0.0 0.0 
-0.008836758 0.0 0.0 0.0 
0.013512783 0.0 0.0 0.0 
0.006591668 0.0 0.0 0.0 
-0.030077638 0.0 0.0 0.0 
0.003230776 0.0 0.0 0.0 
0.008220654 0.0 0.0 0.0 
-0.007955395 0.0 0.0 0.0 
-0.023249876 0.0 0.0 0.0 
-0.008120262 0.0 0.0 0.0 
-0.022309508 0.0 0.0 0.0 
0.0066844313 0.0 0.0 0.0 
0.014495297 0.0 0.0 0.0 
0.007213245 0.0 0.0 0.0 
-0.0012582687 0.0 0.0 0.0 
0.0069232 0.0 0.0 0.0 
0.0032824494 0.0 0.0 0.0 
0.00896971 0.0 0.0 0.0 
0.009378225 0.0 0.0 0.0 
-0.008612077 0.0 0.0 0.0 
-0.019383194 0.0 0.0 0.0 
-0.0126507925 0.0 0.0 0.0 
-0.008789185 0.0 0.0 0.0 
-0.015538036 0.0 0.0 0.0 
0.016120194 0.0 0.0 0.0 
-0.01601177 0.0 0.0 0.0 
-0.0013211104 0.0 0.0 0.0 
0.0018007474 0.0 0.0 0.0 
-0.011951658 0.0 0.0 0.0 
0.010229082 0.006332403 -0.017555313 0.017411817 
-0.012778701 0.0 0.0 0.0 
-0.012859991 0.0 0.0 0.0 
-0.010118409 0.0 0.0 0.0 
0.004819561 0.0 0.0 0.0 
-0.0070483424 0.0 0.0 0.0 
0.009795422 0.0 0.0 0.0 
-0.005555751 0.0 0.0 0.0 
0.006982604 0.0 0.0 0.0 
0.018805431 0.0 0.0 0.0 
0.0156132635 0.0 0.0 0.0 
0.002529606 0.0 0.0 0.0 
0.021714931 0.0 0.0 0.0 
-0.0206644 0.0 0.0 0.0 
-0.009105777 0.0 0.0 0.0 
-0.0017853831 0.0 0.0 0.0 
-0.002955964 0.0 0.0 0.0 
-0.0039538196 0.0 0.0 0.0 
0.004535926 0.0 0.0 0.0 
0.013215394 0.0 0.0 0.0 
-0.03253999 0.0 0.0 0.0 
-0.0061499644 0.01035244 -0.0037686813 -0.0033485796 
0.028560564 0.0 0.0 0.0 
-0.01443073 0.0 0.0 0.0 
-0.013544061 0.0 0.0 0.0 
0.017035054 0.0 0.0 0.0 
0.012930489 0.0 0.0 0.0 
-0.0053282958 0.0 0.0 0.0 
0.003309689 0.0 0.0 0.0 
-0.030612616 0.0 0.0 0.0 
0.00775495 0.0 0.0 0.0 
-0.0045882994 0.0 0.0 0.0 
0.003715591 0.0 0.0 0.0 
-0.009599314 0.0 0.0 0.0 
-0.02584375 0.0 0.0 0.0 
-0.025682716 0.0 0.0 0.0 
0.017717764 0.0 0.0 0.0 
-0.013622703 0.0 0.0 0.0 
0.029727899 0.0 0.0 0.0 
-0.010284678 0.0 0.0 0.0 
-0.02651098 0.0 0.0 0.0 
0.0066759 0.0 0.0 0.0 
0.0069202674 0.0 0.0 0.0 
0.011934951 0.026376363 0.0 0.0 
-0.013762686 0.0 0.0 0.0 
-0.0072113276 0.0 0.0 0.0 
-0.024191733 0.0 0.0 0.0 
0.0126622 0.0 0.0 0.0 
-0.0074491045 0.0 0.0 0.0 
-0.015706996 0.0 0.0 0.0 
-0.010155905 0.0 0.0 0.0 
0.021895608 0.0 0.0 0.0 
0.0057332367 -0.0008134702 0.04489436 0.08815044 
-0.007847423 0.0 0.0 0.0 
0.008723062 0.0 0.0 0.0 
0.011751692 0.0 0.0 0.0 
0.0048362305 0.0 0.0 0.0 
-0.0069154617 0.0 0.0 0.0 
0.0034153576 0.0 0.0 0.0 
0.0012881889 0.0 0.0 0.0 
-0.0009217435 0.0 0.0 0.0 
-0.013509494 0.0 0.0 0.0 
0.004201158 0.0 0.0 0.0 
-0.010654271 0.0 0.0 0.0 
0.0039449376 0.0 0.0 0.0 
0.00392479 0.0 0.0 0.0 
0.0016922562 0.0 0.0 0.0 
-0.0018612599 0.0 0.0 0.0 
0.02381547 0.0 0.0 0.0 
0.001432555 0.0 0.0 0.0 
0.023845384 0.0 0.0 0.0 
-0.015710287 0.0 0.0 0.0 
0.016438311 0.0 0.0 0.0 
-0.013803805 0.0 0.0 0.0 
-0.040115267 0.0 0.0 0.0 
0.008839197 0.0 0.0 0.0 
0.008043608 0.0 0.0 0.0 
0.0033355774 0.0 0.0 0.0 
0.00020561779 0.0 0.0 0.0 
0.011590006 0.0 0.0 0.0 
0.0022522996 0.0 0.0 0.0 
-0.011016139 0.0 0.0 0.0 
-0.023356136 0.0 0.0 0.0 
0.014579818 0.0 0.0 0.0 
0.03450682 0.0 0.0 0.0 
0.0014120494 0.0 0.0 0.0 
-0.0069186953 0.0 0.0 0.0 
0.0012589485 0.0 0.0 0.0 
-0.005012571 0.0 0.0 0.0 
0.0032632274 0.0 0.0 0.0 
-0.028402911 0.0 0.0 0.0 
0.013987519 0.0055697034 0.0 0.0 
0.01240099 0.0 0.0 0.0 
-0.002366604 0.0 0.0 0.0 
0.0071175834 0.0 0.0 0.0 
0.014219111 0.0 0.0 0.0 
-0.014969991 0.0 0.0 0.0 
-0.0016393638 0.0 0.0 0.0 
0.007985013 0.0 0.0 0.0 
-0.006751899 -0.03908284 0.06716776 0.14397043 
0.015767088 0.0 0.0 0.0 
0.018318577 0.0 0.0 0.0 
-0.009971896 0.0 0.0 0.0 
0.009886007 0.0 0.0 0.0 
-0.003082417 0.0 0.0 0.0 
-0.01629134 0.0 0.0 0.0 
0.0041586114 0.0 0.0 0.0 
0.00090327096 -0.004745511 0.0 0.0 
-0.025390666 0.0 0.0 0.0 
0.008767014 0.0 0.0 0.0 
-0.0054107863 0.0 0.0 0.0 
-0.003177349 0.0 0.0 0.0 
-0.002925265 0.0 0.0 0.0 
0.0035783104 0.0 0.0 0.0 
0.008863847 0.0 0.0 0.0 
-0.014800922 0.0 0.0 0.0 
-0.017702855 0.0 0.0 0.0 
0.00809991 0.0 0.0 0.0 
0.0024262273 0.0 0.0 0.0 
-0.005666265 0.0 0.0 0.0 
0.015871802 0.0 0.0 0.0 
-0.018363314 0.0 0.0 0.0 
-0.010282076 0.0 0.0 0.0 
-0.0028998146 0.0 0.0 0.0 
0.0043134447 0.0 0.0 0.0 
-0.0059862635 0.0 0.0 0.0 
0.021572113 0.0 0.0 0.0 
0.0028146617 0.0 0.0 0.0 
-0.0025083097 0.0 0.0 0.0 
-0.019084523 0.0 0.0 0.0 
0.00284956 0.0 0.0 0.0 
-0.011543653 0.0 0.0 0.0 
-0.003172528 0.0 0.0 0.0 
0.0126077 0.0 0.0 0.0 
-0.008160228 0.0 0.0 0.0 
-0.013583698 0.0 0.0 0.0 
0.010064364 0.0 0.0 0.0 
-0.0021895906 0.0 0.0 0.0 
-0.0023977766 0.0 0.0 0.0 
-0.0144312745 0.0 0.0 0.0 
0.00420994 0.0 0.0 0.0 
-0.0034095086 0.0 0.0 0.0 
-0.014382585 0.0 0.0 0.0 
-0.003980173 0.0 0.0 0.0 
0.011628929 0.0 0.0 0.0 
0.0064544715 0.0 0.0 0.0 
-0.002306776 0.0 0.0 0.0 
0.0088969255 0.0 0.0 0.0 
-0.015720682 0.0 0.0 0.0 
-0.01759401 0.0 0.0 0.0 
0.009698847 0.0 0.0 0.0 
-0.016930077 0.0 0.0 0.0 
0.02341079 0.0 0.0 0.0 
-0.009045637 0.0 0.0 0.0 
0.008232408 0.0 0.0 0.0 
0.009704486 0.0 0.0 0.0 
0.0102526685 0.0 0.0 0.0 
0.017935703 -0.0038463422 0.006615108 -0.0033485796 
0.0020311892 0.0 0.0 0.0 
0.019444965 0.0 0.0 0.0 
-0.0056260163 0.0 0.0 0.0 
-0.006978696 0.0 0.0 0.0 
-0.0066013737 0.0 0.0 0.0 
-0.007767179 0.0 0.0 0.0 
-0.013362774 0.0 0.0 0.0 
0.011307695 0.0 0.0 0.0 
-0.0055136834 0.0 0.0 0.0 
0.010253108 0.0 0.0 0.0 
0.006474141 0.0 0.0 0.0 
-0.00080273626 0.0 0.0 0.0 
0.013667485 0.0 0.0 0.0 
-0.0140049625 0.0 0.0 0.0 
-0.015697852 0.0 0.0 0.0 
0.013430113 0.0 0.0 0.0 
0.008273314 0.0 0.0 0.0 
0.023718972 0.0 0.0 0.0 
0.005297767 0.0 0.0 0.0 
-0.002195522 0.0 0.0 0.0 
-0.002962922 0.0 0.0 0.0 
-0.013118398 0.0 0.0 0.0 
-0.008825586 0.0 0.0 0.0 
0.00678954 -0.0072970134 0.095410705 0.03859868 
0.023001775 0.0 0.0 0.0 
-0.0062417416 0.0 0.0 0.0 
-0.013636351 0.0 0.0 0.0 
-0.012053257 0.0 0.0 0.0 
0.0021466915 0.0 0.0 0.0 
0.018393846 0.016210541 -0.035714593 0.059932455 
0.01483157 0.0 0.0 0.0 
0.023513984 0.0 0.0 0.0 
0.013269705 0.0 0.0 0.0 
-0.04128001 0.0 0.0 0.0 
0.0063761235 0.0 0.0 0.0 
-0.005565387 0.0 0.0 0.0 
-0.020102952 0.0 0.0 0.0 
-0.0030048909 0.0 0.0 0.0 
-0.005292644 0.0 0.0 0.0 
-0.0020252878 0.0 0.0 0.0 
0.011756535 0.0 0.0 0.0 
0.0021629327 0.0 0.0 0.0 
-0.0061759707 0.0 0.0 0.0 
0.010684867 0.0 0.0 0.0 
-0.004128093 0.0 0.0 0.0 
-0.02345591 0.0 0.0 0.0 
-0.012857626 0.0 0.0 0.0 
0.017703015 0.0 0.0 0.0 
-0.0014031619 0.0 0.0 0.0 
0.0128973005 0.0 0.0 0.0 
0.005568838 0.0 0.0 0.0 
-0.0094966255 0.0 0.0 0.0 
0.011737091 0.0 0.0 0.0 
-0.005406294 0.0 0.0 0.0 
0.014484504 0.0 0.0 0.0 
0.028382514 0.0 0.0 0.0 
-0.016036931 0.0 0.0 0.0 
0.010368872 0.0 0.0 0.0 
-0.009951361 0.0 0.0 0.0 
0.004243347 0.0 0.0 0.0 
0.0011598456 0.0 0.0 0.0 
-0.0010901417 0.0 0.0 0.0 
0.0059810337 0.0 0.0 0.0 
0.010442088 0.0 0.0 0.0 
0.019236052 0.0 0.0 0.0 
0.0121537065 0.057697438 -0.046819374 0.006534883 
0.0022746644 0.0 0.0 0.0 
0.017994016 0.0 0.0 0.0 
0.024122858 0.0 0.0 0.0 
-0.0059511233 0.0 0.0 0.0 
-0.0055938186 0.0 0.0 0.0 
0.034135245 0.0 0.0 0.0 
-0.003153125 0.0 0.0 0.0 
-0.027073735 0.0 0.0 0.0 
0.010032322 0.0 0.0 0.0 
0.010807026 0.0 0.0 0.0 
-0.018542316 0.0 0.0 0.0 
-0.011571721 -0.0013856969 0.030694839 0.036770664 
0.0054596416 0.0 0.0 0.0 
-0.004756289 0.0 0.0 0.0 
-0.00035767528 0.0 0.0 0.0 
-0.009469174 0.0 0.0 0.0 
-0.010330101 0.0 0.0 0.0 
6.8364745e-05 0.0 0.0 0.0 
0.00070906885 0.0 0.0 0.0 
0.0066089616 0.0 0.0 0.0 
0.010551728 0.0 0.0 0.0 
0.0035343773 0.0 0.0 0.0 
-0.020535065 0.0 0.0 0.0 
0.00049168995 -0.016475115 0.031223066 0.008031662 
-0.021465957 0.0 0.0 0.0 
-0.008123863 0.0 0.0 0.0 
0.024360009 0.0 0.0 0.0 
-0.023843614 0.0 0.0 0.0 
-0.008002289 0.0 0.0 0.0 
-0.0027030404 0.0 0.0 0.0 
-0.013070325 0.0 0.0 0.0 
-0.0065389117 0.0 0.0 0.0 
0.011332858 0.0 0.0 0.0 
-0.011911827 0.0 0.0 0.0 
-0.022887036 0.0 0.0 0.0 
0.0090378905 0.0 0.0 0.0 
-0.013521166 0.0 0.0 0.0 
0.022518223 0.0 0.0 0.0 
0.0026523008 -0.004745511 -0.020435747 -0.016475115 
-0.011938587 0.0 0.0 0.0 
0.008804775 0.0 0.0 0.0 
-0.009558986 0.0 0.0 0.0 
-0.015536506 0.0 0.0 0.0 
-0.011064857 0.0 0.0 0.0 
0.0075786333 0.0 0.0 0.0 
0.008567098 0.0 0.0 0.0 
0.01599551 0.0 0.0 0.0 
-0.0057712495 0.0 0.0 0.0 
-0.011078495 0.0 0.0 0.0 
-0.018302523 0.0 0.0 0.0 
-1.9482117e-05 0.0 0.0 0.0 
0.016687237 0.0 0.0 0.0 
-0.009626641 0.0 0.0 0.0 
0.007103597 0.0 0.0 0.0 
0.02290023 0.0 0.0 0.0 
-0.0065531405 0.0 0.0 0.0 
-0.026757846 0.0 0.0 0.0 
-0.0019554205 0.0 0.0 0.0 
-7.3841243e-06 0.0 0.0 0.0 
0.032153886 0.0 0.0 0.0 
0.017605567 0.0 0.0 0.0 
0.0022135426 0.0 0.0 0.0 
0.010549637 0.0 0.0 0.0 
0.015886392 0.0 0.0 0.0 
0.01642792 0.0 0.0 0.0 
-0.009929924 0.0 0.0 0.0 
-0.0023161357 0.0 0.0 0.0 
0.013121501 0.0 0.0 0.0 
-0.0013833068 0.0 0.0 0.0 
-0.024382612 0.0 0.0 0.0 
-0.006364996 0.0 0.0 0.0 
0.014361957 0.0 0.0 0.0 
0.0013829967 0.0 0.0 0.0 
0.0037293716 0.0 0.0 0.0 
0.016920093 0.0 0.0 0.0 
-0.009589287 0.0 0.0 0.0 
0.012630476 0.0 0.0 0.0 
0.00060492166 0.0 0.0 0.0 
-0.0028377827 0.0 0.0 0.0 
-0.009503207 0.006114781 -0.029488878 -0.0077631306 
0.0113039445 0.0 0.0 0.0 
0.020525066 0.0 0.0 0.0 
-0.013751459 0.0 0.0 0.0 
-0.0015489025 0.0 0.0 0.0 
-0.0038759473 0.0 0.0 0.0 
0.0059979856 0.0 0.0 0.0 
0.00208105 0.0 0.0 0.0 
-0.013102517 0.0 0.0 0.0 
0.021250077 0.0 0.0 0.0 
0.014574727 0.0 0.0 0.0 
0.019983474 0.0 0.0 0.0 
0.01668492 0.0 0.0 0.0 
0.00092441624 0.0 0.0 0.0 
0.006522918 0.0 0.0 0.0 
-0.016729034 0.0 0.0 0.0 
0.00046721278 0.0 0.0 0.0 
-0.013789345 0.0 0.0 0.0 
0.021221027 0.0 0.0 0.0 
-0.0056621344 0.0 0.0 0.0 
0.0096122855 0.0 0.0 0.0 
-0.008662764 0.0 0.0 0.0 
-0.0017750437 0.0 0.0 0.0 
0.0010088525 -0.027107997 0.089173704 0.18785307 
0.0071945046 0.0 0.0 0.0 
-0.010161909 0.0 0.0 0.0 
-0.0022748192 0.0 0.0 0.0 
-0.010301211 0.0 0.0 0.0 
0.0072807684 0.0 0.0 0.0 
-0.0053659533 0.0 0.0 0.0 
0.012543525 0.02576779 0.011934951 0.012543525 
0.0021188916 0.0 0.0 0.0 
-0.0014102478 0.0 0.0 0.0 
-0.0038534682 0.0 0.0 0.0 
0.0075633237 0.0 0.0 0.0 
-0.008782674 0.0 0.0 0.0 
0.01635642 0.0 0.0 0.0 
-0.009189457 0.0 0.0 0.0 
0.011968443 -0.020506633 0.04145829 0.013809316 
0.0066241445 0.0 0.0 0.0 
-0.008848673 0.0 0.0 0.0 
0.015559369 0.0 0.0 0.0 
0.015974827 0.0 0.0 0.0 
-0.011825602 0.0 0.0 0.0 
0.00031593002 0.0 0.0 0.0 
-0.0049326234 0.0 0.0 0.0 
-0.022143349 0.0 0.0 0.0 
-0.00046482234 0.0 0.0 0.0 
-0.019590255 0.0 0.0 0.0 
0.006196732 0.0 0.0 0.0 
0.017124807 0.0 0.0 0.0 
-0.0003148631 0.0 0.0 0.0 
-0.0023660355 0.0 0.0 0.0 
-0.0070700734 0.0 0.0 0.0 
-0.002021431 0.0 0.0 0.0 
-0.007977368 0.0 0.0 0.0 
0.002866962 -0.0051094186 0.0016407878 -0.03511052 
-0.007473047 0.0 0.0 0.0 
-0.0075192084 0.0 0.0 0.0 
-0.009288636 0.0 0.0 0.0 
-0.01113721 0.0 0.0 0.0 
0.0029311785 0.0 0.0 0.0 
-0.014072105 0.0 0.0 0.0 
-0.026276326 0.0 0.0 0.0 
0.02601463 0.0 0.0 0.0 
-0.017468398 0.0 0.0 0.0 
-0.0053701093 0.0 0.0 0.0 
-0.010035278 0.0 0.0 0.0 
-0.013237483 0.0 0.0 0.0 
0.026007965 0.0 0.0 0.0 
0.0077984193 0.0 0.0 0.0 
-0.013835466 0.0 0.0 0.0 
0.007135806 0.0 0.0 0.0 
-0.021040427 0.0 0.0 0.0 
-0.004814589 0.01731962 0.021077503 0.081673995 
-0.011747761 0.0 0.0 0.0 
0.0061132493 0.0 0.0 0.0 
0.0044445745 0.0 0.0 0.0 
0.008653339 0.0 0.0 0.0 
0.015361235 0.0 0.0 0.0 
0.01109508 0.0 0.0 0.0 
0.0071124677 0.0 0.0 0.0 
-0.0008601099 0.0 0.0 0.0 
-0.0051237363 0.0 0.0 0.0 
0.010011379 0.0 0.0 0.0 
-0.0073194304 0.0 0.0 0.0 
-0.021670235 0.0 0.0 0.0 
0.0027705003 0.0 0.0 0.0 
-0.002985543 0.0 0.0 0.0 
0.00071355235 0.0 0.0 0.0 
0.0043042386 0.0 0.0 0.0 
0.00053403026 0.0 0.0 0.0 
0.0074401414 0.011968443 0.0 0.0 
0.022001704 0.0 0.0 0.0 
-0.01571277 0.0 0.0 0.0 
-0.0062714946 0.0 0.0 0.0 
0.01674977 0.0 0.0 0.0 
0.0233263 0.0 0.0 0.0 
0.0025628703 -0.0072970134 0.0 0.0 
0.0105335675 0.0 0.0 0.0 
0.002657279 0.0 0.0 0.0 
0.012399693 0.0 0.0 0.0 
0.025167715 0.0 0.0 0.0 
-0.007930983 0.0 0.0 0.0 
0.0006981331 0.0 0.0 0.0 
0.011962541 0.0 0.0 0.0 
-0.0005248755 0.0 0.0 0.0 
0.021806974 0.0 0.0 0.0 
0.018072635 0.0 0.0 0.0 
0.008277298 0.0 0.0 0.0 
0.008092929 0.0 0.0 0.0 
-0.014971908 0.015346016 0.0016065694 0.06949785 
0.01613229 0.0 0.0 0.0 
-0.007397109 0.0 0.0 0.0 
-0.015822453 0.0 0.0 0.0 
0.018788924 0.0 0.0 0.0 
-0.004607271 0.0 0.0 0.0 
-0.022463826 0.011968443 0.0064223967 0.0 
0.01583746 0.0 0.0 0.0 
-0.0011686811 0.0 0.0 0.0 
0.013776735 0.0 0.0 0.0 
0.010861713 0.0 0.0 0.0 
-0.016544346 0.0 0.0 0.0 
-0.0025620223 0.0 0.0 0.0 
-0.010237318 0.0 0.0 0.0 
0.0030049316 0.0 0.0 0.0 
0.0024247286 0.0 0.0 0.0 
0.002248755 0.0 0.0 0.0 
-0.0013856969 0.0097752465 0.015866771 -0.11937457 
-0.012798937 0.0 0.0 0.0 
-0.0070927497 0.0 0.0 0.0 
-0.022634963 0.0 0.0 0.0 
-0.005980307 0.0 0.0 0.0 
-0.01567387 0.0 0.0 0.0 
0.0034303572 0.0 0.0 0.0 
0.022647375 0.0 0.0 0.0 
0.001861934 0.0 0.0 0.0 
0.005579679 0.0 0.0 0.0 
-0.00017829816 0.0 0.0 0.0 
-0.018238 0.0 0.0 0.0 
0.0083168205 0.0 0.0 0.0 
-0.015373806 0.0 0.0 0.0 
-0.014915905 0.0 0.0 0.0 
0.008815741 0.0 0.0 0.0 
-0.02901849 0.0 0.0 0.0 
-0.008151151 0.0 0.0 0.0 
-0.0021782068 0.0 0.0 0.0 
0.014566351 -0.0036572549 -0.007951243 -0.0033485796 
0.0029922663 0.02548008 -0.036464132 0.033149846 
0.015123322 0.0 0.0 0.0 
-0.010259277 0.0 0.0 0.0 
0.01761574 0.0 0.0 0.0 
-0.0088940365 0.0 0.0 0.0 
-0.01634363 0.0 0.0 0.0 
0.006808294 0.0 0.0 0.0 
0.007060635 -0.0072970134 0.01423149 0.0 
0.0046267295 0.0 0.0 0.0 
0.002485103 0.0 0.0 0.0 
0.018337753 0.0 0.0 0.0 
0.0064345337 0.0 0.0 0.0 
-0.0029287457 0.0 0.0 0.0 
-0.0011452143 0.0 0.0 0.0 
0.003506744 0.0 0.0 0.0 
-0.021208813 0.0 0.0 0.0 
0.030262852 0.0 0.0 0.0 
0.00037864517 0.0 0.0 0.0 
0.012227202 0.0 0.0 0.0 
-0.025553718 0.0 0.0 0.0 
-0.0031779655 0.0 0.0 0.0 
0.029668918 0.0 0.0 0.0 
0.010328995 0.0 0.0 0.0 
0.011382605 0.0 0.0 0.0 
0.010224445 0.0 0.0 0.0 
0.0071322457 0.0 0.0 0.0 
0.0031054714 0.0 0.0 0.0 
-0.018461792 0.0 0.0 0.0 
-0.011462928 0.0 0.0 0.0 
-0.0049478593 0.0 0.0 0.0 
0.017131902 0.0 0.0 0.0 
-0.010947729 0.0 0.0 0.0 
0.00046943213 0.0 0.0 0.0 
-0.009049704 0.0 0.0 0.0 
0.008157236 0.0 0.0 0.0 
-0.01526796 -0.0072970134 0.029499449 0.0 
0.004793442 0.0 0.0 0.0 
-0.009431987 0.0 0.0 0.0 
0.0066167265 0.0 0.0 0.0 
0.005409929 0.0 0.0 0.0 
0.00928893 0.0 0.0 0.0 
0.012744395 0.0 0.0 0.0 
-0.0088184895 0.0 0.0 0.0 
0.0021100368 0.0 0.0 0.0 
-0.018918224 0.0 0.0 0.0 
-0.00927306 0.0 0.0 0.0 
-0.012722336 0.0 0.0 0.0 
0.0071214275 0.0 0.0 0.0 
-0.0019832524 0.0 0.0 0.0 
0.0057527274 0.0 0.0 0.0 
0.010461493 0.0 0.0 0.0 
0.0024377285 0.0 0.0 0.0 
-0.01322653 0.0 0.0 0.0 
-0.0025535703 0.0 0.0 0.0 
0.022481972 0.0 0.0 0.0 
-0.02210794 0.0 0.0 0.0 
0.0030844244 0.0 0.0 0.0 
0.0017687704 0.0 0.0 0.0 
-0.011002474 0.0 0.0 0.0 
-0.018019091 0.0 0.0 0.0 
-0.012659909 0.0 0.0 0.0 
0.013164576 0.0 0.0 0.0 
-0.021922406 0.0 0.0 0.0 
0.0038448586 0.0 0.0 0.0 
-0.016752543 0.0 0.0 0.0 
0.005304408 0.0 0.0 0.0 
-0.000650735 0.0 0.0 0.0 
-0.003088178 0.0 0.0 0.0 
0.0077096694 0.0 0.0 0.0 
-0.0057539805 0.0 0.0 0.0 
-0.008531154 0.0 0.0 0.0 
0.018815579 0.0 0.0 0.0 
0.00062589865 0.0 0.0 0.0 
0.0049129766 0.0 0.0 0.0 
-0.0050549936 0.0 0.0 0.0 
0.01939343 0.0 0.0 0.0 
-0.0040046754 0.0 0.0 0.0 
-0.01570582 0.0 0.0 0.0 
-0.023872264 0.0 0.0 0.0 
-0.0064283586 0.0 0.0 0.0 
-0.013294029 0.0 0.0 0.0 
-0.012236443 0.0 0.0 0.0 
0.0011286731 0.0 0.0 0.0 
-0.029994586 0.0 0.0 0.0 
-0.002886622 0.0 0.0 0.0 
0.02326087 0.0 0.0 0.0 
-0.00046646674 0.0 0.0 0.0 
0.011533267 0.0 0.0 0.0 
0.010232637 -0.016475115 0.020990428 0.008031662 
0.0034863732 0.0 0.0 0.0 
0.014242519 0.0 0.0 0.0 
0.012141756 0.0121537065 0.022781651 0.0 
-0.005422371 0.0 0.0 0.0 
-0.006754313 0.0 0.0 0.0 
-0.019159097 -0.0057430468 0.012555007 0.09170009 
0.014904835 0.0 0.0 0.0 
-0.008818123 0.0 0.0 0.0 
-0.010665539 0.0 0.0 0.0 
-0.005572458 0.0 0.0 0.0 
-0.016344117 0.0 0.0 0.0 
0.00048357146 0.0 0.0 0.0 
0.0050368216 0.0 0.0 0.0 
0.00060909055 0.0 0.0 0.0 
0.001352145 0.0 0.0 0.0 
-0.031256378 0.0 0.0 0.0 
0.014088131 0.0 0.0 0.0 
-0.025940385 0.0 0.0 0.0 
0.014932921 0.0 0.0 0.0 
0.0031658346 0.0 0.0 0.0 
-0.023424333 0.0 0.0 0.0 
-0.00961658 0.0 0.0 0.0 
-0.0043600863 -0.0038463422 -0.0035911538 -0.0033485796 
-0.010403856 0.0 0.0 0.0 
-0.002226054 0.0 0.0 0.0 
-0.010626323 0.0 0.0 0.0 
0.0005397013 0.0 0.0 0.0 
-0.015777474 0.0 0.0 0.0 
0.02412375 0.0 0.0 0.0 
0.012223483 0.0 0.0 0.0 
0.0077583096 0.0 0.0 0.0 
0.027858451 0.0 0.0 0.0 
0.018858394 0.0 0.0 0.0 
0.00061006495 0.0 0.0 0.0 
0.039151385 0.0 0.0 0.0 
-0.009096939 0.0 0.0 0.0 
0.00041899865 0.0 0.0 0.0 
-0.0036010307 0.0 0.0 0.0 
0.0016329321 0.0 0.0 0.0 
-0.004866599 0.0 0.0 0.0 
-0.006110386 0.0 0.0 0.0 
0.008369921 0.0 0.0 0.0 
0.0017983472 0.0 0.0 0.0 
-0.016569942 0.0 0.0 0.0 
-0.014019442 0.0 0.0 0.0 
-0.022647632 0.0 0.0 0.0 
-0.010115495 0.0 0.0 0.0 
0.0012502962 0.0 0.0 0.0 
-0.011905137 0.0 0.0 0.0 
-0.002527545 0.0 0.0 0.0 
-0.010448627 0.0 0.0 0.0 
0.0052597704 0.0 0.0 0.0 
0.016836187 0.0 0.0 0.0 
0.002674749 0.0 0.0 0.0 
-0.009136927 0.0 0.0 0.0 
-0.021740003 0.0 0.0 0.0 
-0.011078881 0.0 0.0 0.0 
-0.004497127 0.0 0.0 0.0 
-0.0110089155 0.0 0.0 0.0 
0.0014051974 0.0 0.0 0.0 
-0.009005458 0.01365957 0.01668308 -0.019301035 
0.0040947045 0.0 0.0 0.0 
-0.025301546 0.0 0.0 0.0 
0.020029834 0.0121537065 0.046891853 -0.046819374 
0.023236165 0.0 0.0 0.0 
0.003402746 0.0 0.0 0.0 
0.0065591373 0.0 0.0 0.0 
-0.014550854 -0.0072970134 0.06481454 0.0 
-0.0083130635 0.0 0.0 0.0 
-0.015002187 0.0 0.0 0.0 
-0.0068002157 0.0 0.0 0.0 
-0.0017180211 0.0 0.0 0.0 
-0.0041877194 0.0 0.0 0.0 
0.014172297 0.0 0.0 0.0 
0.009941321 0.0 0.0 0.0 
0.0065944795 0.0 0.0 0.0 
-0.0049069356 0.0 0.0 0.0 
-0.019914337 0.0 0.0 0.0 
0.0010766 0.0 0.0 0.0 
-0.010264022 0.0 0.0 0.0 
0.010595132 0.0 0.0 0.0 
0.022063661 0.0 0.0 0.0 
0.024633724 0.0 0.0 0.0 
-0.016189866 0.0 0.0 0.0 
-0.032427028 0.0 0.0 0.0 
-0.016361322 0.0 0.0 0.0 
0.019381968 0.0 0.0 0.0 
0.007387617 0.0 0.0 0.0 
-0.016422175 0.0 0.0 0.0 
0.008645625 0.0 0.0 0.0 
-0.013787784 0.0 0.0 0.0 
0.020791428 0.0 0.0 0.0 
-0.008364689 0.0 0.0 0.0 
-0.0026987423 0.0 0.0 0.0 
-0.013379777 0.0 0.0 0.0 
-0.0055309096 0.0 0.0 0.0 
0.017403694 0.0 0.0 0.0 
0.011189633 0.0 0.0 0.0 
0.00065160496 0.0 0.0 0.0 
-0.012414121 0.0 0.0 0.0 
0.020627 0.0 0.0 0.0 
0.007390401 0.0 0.0 0.0 
0.015063436 0.0 0.0 0.0 
0.024440655 0.0 0.0 0.0 
0.013635089 0.0 0.0 0.0 
0.013752332 0.0 0.0 0.0 
0.018933322 0.0 0.0 0.0 
-0.0076584257 0.0 0.0 0.0 
-0.0017591573 0.0 0.0 0.0 
0.018291308 0.0 0.0 0.0 
0.0104581425 0.0 0.0 0.0 
-0.00647378 0.0 0.0 0.0 
-0.010782446 0.0 0.0 0.0 
-0.015066289 0.0 0.0 0.0 
0.0047223764 0.0 0.0 0.0 
0.00044621847 0.0 0.0 0.0 
0.014545921 0.0 0.0 0.0 
0.015607235 0.0029922663 0.010472695 0.01373193 
-0.026982246 0.0 0.0 0.0 
-0.007564529 0.0 0.0 0.0 
-0.0050416994 0.0 0.0 0.0 
-0.0019111184 0.0 0.0 0.0 
0.018899696 0.0 0.0 0.0 
0.011783511 0.0 0.0 0.0 
-0.011252036 0.0 0.0 0.0 
-0.009813723 0.0 0.0 0.0 
0.007124169 0.0 0.0 0.0 
0.009728298 0.0 0.0 0.0 
0.0005927515 0.0 0.0 0.0 
0.016466193 0.0 0.0 0.0 
0.009346711 0.0 0.0 0.0 
0.0055356203 0.0 0.0 0.0 
0.017438944 0.0 0.0 0.0 
-0.01275865 0.0 0.0 0.0 
-0.0014270307 0.0 0.0 0.0 
-0.008957745 0.0 0.0 0.0 
-0.0021002605 0.0 0.0 0.0 
-0.005274082 0.0 0.0 0.0 
0.006452966 -0.006195842 -0.029955069 -0.025138726 
-0.009598686 0.0 0.0 0.0 
0.011374956 0.0 0.0 0.0 
-0.004091121 0.0 0.0 0.0 
-0.014490438 0.0 0.0 0.0 
0.0049705226 0.0 0.0 0.0 
-0.0005959867 0.0 0.0 0.0 
0.003741105 0.0 0.0 0.0 
0.01839473 0.0 0.0 0.0 
0.0051591913 0.0 0.0 0.0 
0.0010432408 0.0 0.0 0.0 
0.0077555403 0.0 0.0 0.0 
0.024260662 0.0 0.0 0.0 
0.015534281 0.0 0.0 0.0 
-0.00038078232 0.0 0.0 0.0 
0.0039211013 0.0 0.0 0.0 
0.008795387 0.0 0.0 0.0 
0.018559052 0.0 0.0 0.0 
0.0105196405 0.0 0.0 0.0 
0.01747027 0.0 0.0 0.0 
-0.013192208 0.0 0.0 0.0 
0.0120156035 0.0 0.0 0.0 
0.003904833 0.0 0.0 0.0 
0.0071012853 0.0 0.0 0.0 
-0.0039244606 0.0 0.0 0.0 
0.0134777995 0.0 0.0 0.0 
0.0055514965 0.0 0.0 0.0 
0.0043298593 0.0 0.0 0.0 
-0.014324277 0.0 0.0 0.0 
0.0090077855 0.0 0.0 0.0 
-0.01457037 0.0 0.0 0.0 
-0.0010910563 0.0 0.0 0.0 
5.109934e-05 0.0 0.0 0.0 
-0.00342838 0.0 0.0 0.0 
0.023242969 0.0 0.0 0.0 
-0.008790905 0.0 0.0 0.0 
0.011982941 0.0 0.0 0.0 
0.0027974825 0.0 0.0 0.0 
-0.0016616991 0.0 0.0 0.0 
-4.4265078e-05 0.0 0.0 0.0 
-0.00611669 0.0 0.0 0.0 
0.010654641 0.0 0.0 0.0 
-0.012477187 0.0 0.0 0.0 
-0.0054193614 0.0 0.0 0.0 
0.0012273188 0.0 0.0 0.0 
-0.0048575397 0.0 0.0 0.0 
-0.022536809 0.0 0.0 0.0 
0.0052566538 0.0 0.0 0.0 
0.006828642 0.0 0.0 0.0 
-0.011661128 0.0 0.0 0.0 
-0.013912043 0.0 0.0 0.0 
-0.005963843 0.0 0.0 0.0 
0.014337163 -0.015785377 0.021631936 0.13497196 
0.007549517 0.0 0.0 0.0 
-0.003922222 0.0 0.0 0.0 
0.018372513 0.0 0.0 0.0 
0.007950047 0.0 0.0 0.0 
-0.0008220696 0.0 0.0 0.0 
-0.013380478 0.0 0.0 0.0 
0.016218346 -0.0014096834 -0.06436718 0.012454713 
-0.013875646 0.0 0.0 0.0 
0.0007250565 0.0 0.0 0.0 
0.019799663 0.0 0.0 0.0 
-0.019122653 0.0 0.0 0.0 
0.0034456302 0.0 0.0 0.0 
0.014630451 0.0 0.0 0.0 
-0.0015098802 0.0 0.0 0.0 
0.0041153887 0.0 0.0 0.0 
0.00282457 0.0 0.0 0.0 
0.0015883344 0.0 0.0 0.0 
-0.0069376337 0.0 0.0 0.0 
0.006697374 0.0 0.0 0.0 
-0.0062042726 0.0 0.0 0.0 
0.0020812415 0.0 0.0 0.0 
0.0004545333 0.0 0.0 0.0 
0.0068415166 0.0 0.0 0.0 
-0.0024953138 0.0 0.0 0.0 
0.013096645 0.0 0.0 0.0 
-0.009312034 0.0 0.0 0.0 
-0.005577934 0.0 0.0 0.0 
0.00027261907 0.0 0.0 0.0 
-0.0036385537 0.0 0.0 0.0 
0.011458886 0.0 0.0 0.0 
-0.0013664272 0.0 0.0 0.0 
0.0076309815 0.0 0.0 0.0 
-0.009148608 0.0 0.0 0.0 
0.0047623324 0.0 0.0 0.0 
-0.015656326 0.0 0.0 0.0 
0.014515116 0.0 0.0 0.0 
-0.021585656 0.0 0.0 0.0 
0.0092271585 0.0 0.0 0.0 
-0.004161073 0.0 0.0 0.0 
-0.019865483 0.0 0.0 0.0 
0.0025505908 0.0 0.0 0.0 
-0.010275658 0.0 0.0 0.0 
-0.00097125303 0.0 0.0 0.0 
0.012813035 0.0 0.0 0.0 
0.0069889114 -0.02037704 0.10220024 0.03859867 
0.0060146255 0.0 0.0 0.0 
0.00609624 0.0 0.0 0.0 
-0.019958913 0.0 0.0 0.0 
0.0063954354 0.011968443 -0.053214807 0.006534883 
0.025635539 0.0 0.0 0.0 
0.0017901098 0.0 0.0 0.0 
0.009281383 0.0 0.0 0.0 
-0.02025712 0.0 0.0 0.0 
0.009313966 0.0 0.0 0.0 
0.0016892956 0.0 0.0 0.0 
-0.001594053 0.0 0.0 0.0 
-0.013342888 0.0 0.0 0.0 
-0.006986213 0.0 0.0 0.0 
0.014523913 0.0 0.0 0.0 
-0.0035612287 0.0 0.0 0.0 
-0.008347808 0.0 0.0 0.0 
0.008816186 0.0 0.0 0.0 
-0.011773359 0.0 0.0 0.0 
-0.001011403 0.0 0.0 0.0 
-0.0026540186 0.0 0.0 0.0 
-0.0020539027 0.0 0.0 0.0 
-0.016357308 0.0 0.0 0.0 
0.014953922 0.0 0.0 0.0 
0.026225714 0.0 0.0 0.0 
0.015407632 0.0 0.0 0.0 
-0.0013926413 0.0 0.0 0.0 
0.008135764 0.0 0.0 0.0 
0.025234826 0.0 0.0 0.0 
0.011301449 0.0 0.0 0.0 
0.019497022 0.0 0.0 0.0 
0.010308429 0.0 0.0 0.0 
0.0066811526 0.0 0.0 0.0 
0.023987802 0.0 0.0 0.0 
0.003576589 0.0 0.0 0.0 
-0.008954462 0.0 0.0 0.0 
0.0046388763 0.0 0.0 0.0 
-0.011013539 0.0 0.0 0.0 
0.008354673 0.0 0.0 0.0 
-0.010302513 0.0 0.0 0.0 
-0.0038463422 0.031301662 0.09590847 -0.021512805 
-0.0043211984 0.0 0.0 0.0 
0.009751361 0.0 0.0 0.0 
0.0006455316 0.0 0.0 0.0 
-0.0024619189 0.0 0.0 0.0 
0.004043686 0.0 0.0 0.0 
-0.005522751 0.0 0.0 0.0 
0.0025850944 0.0 0.0 0.0 
-1.3410314e-05 0.0 0.0 0.0 
-0.0032302446 0.0 0.0 0.0 
0.0061612143 0.0 0.0 0.0 
0.040978123 0.0 0.0 0.0 
0.00539006 0.0 0.0 0.0 
0.027480898 0.0 0.0 0.0 
-0.016514389 0.0 0.0 0.0 
0.014454769 0.0 0.0 0.0 
-0.0031076777 0.0 0.0 0.0 
-0.008057225 0.0 0.0 0.0 
0.00687273 0.0 0.0 0.0 
0.0076868692 0.0 0.0 0.0 
-0.0058742235 0.0 0.0 0.0 
0.010281009 0.0 0.0 0.0 
-0.015495647 0.0 0.0 0.0 
0.0025769987 0.0 0.0 0.0 
0.013135992 0.0 0.0 0.0 
0.030883428 -0.0072970134 0.0025628703 0.0 
0.0040138746 0.0 0.0 0.0 
-0.0009398554 0.0 0.0 0.0 
0.00046949842 0.0 0.0 0.0 
-0.026227217 0.0 0.0 0.0 
-0.023288526 0.0 0.0 0.0 
0.012533815 0.0 0.0 0.0 
-0.029952634 0.0 0.0 0.0 
-0.0021246753 0.0 0.0 0.0 
-0.014734952 0.0 0.0 0.0 
-0.016475115 0.01746821 0.014566544 -0.07468198 
0.009633845 0.0 0.0 0.0 
0.020274064 0.0 0.0 0.0 
0.009520407 0.0 0.0 0.0 
0.008860748 0.0 0.0 0.0 
0.00016884816 0.0 0.0 0.0 
0.012058472 0.0 0.0 0.0 
0.017822143 0.0 0.0 0.0 
0.018144267 0.0 0.0 0.0 
0.011402305 0.0 0.0 0.0 
0.005006621 0.0 0.0 0.0 
0.032746784 0.0 0.0 0.0 
0.0044591804 0.0 0.0 0.0 
0.008753823 0.0 0.0 0.0 
-0.009629453 0.0 0.0 0.0 
0.008078155 0.0 0.0 0.0 
0.00930827 0.0 0.0 0.0 
-0.0071066217 0.0 0.0 0.0 
-0.0036134934 0.0 0.0 0.0 
-0.002609009 0.0 0.0 0.0 
0.00017581173 0.0 0.0 0.0 
-0.018045375 0.0 0.0 0.0 
-0.0063424637 0.0 0.0 0.0 
0.002579785 0.0 0.0 0.0 
0.009883462 -0.02867617 -0.052401595 -0.058128696 
-0.031582545 0.0 0.0 0.0 
-0.0269798 0.0 0.0 0.0 
0.011375853 0.0 0.0 0.0 
-0.02925495 0.0 0.0 0.0 
-0.009113256 0.005363497 0.0 0.0 
-0.021596141 0.0 0.0 0.0 
0.0006665244 0.0 0.0 0.0 
0.0075647295 0.0 0.0 0.0 
0.009037496 0.0 0.0 0.0 
-0.013286554 0.0 0.0 0.0 
0.020188836 0.0 0.0 0.0 
0.01943518 0.0 0.0 0.0 
-0.0098284865 0.0 0.0 0.0 
-0.01646981 0.0 0.0 0.0 
0.005334334 0.0 0.0 0.0 
-0.0010177444 0.011968443 0.0074401414 0.0 
-0.008129674 0.0 0.0 0.0 
0.008789059 0.0 0.0 0.0 
-0.017555313 0.016447207 0.070189826 0.005709146 
-0.008890219 0.0 0.0 0.0 
0.0027713934 -0.008443453 0.0 0.0 
-0.014145561 0.0 0.0 0.0 
-0.004520163 0.0 0.0 0.0 
-0.014611219 0.0 0.0 0.0 
0.0068244473 0.0 0.0 0.0 
0.017159466 0.0 0.0 0.0 
0.005568075 0.0 0.0 0.0 
0.0035387059 0.0 0.0 0.0 
0.016366528 0.0 0.0 0.0 
0.017782366 0.0 0.0 0.0 
-0.0212079 0.0 0.0 0.0 
0.014213803 0.0 0.0 0.0 
0.003496122 0.0 0.0 0.0 
-0.015039343 0.0 0.0 0.0 
0.012363079 0.0 0.0 0.0 
-0.00042010171 0.0059984187 -0.0014404915 -0.025107164 
-0.008795037 0.0 0.0 0.0 
-0.00383956 -0.0038463422 -0.01596994 -0.0033485796 
0.0030513385 0.0 0.0 0.0 
0.022781651 0.0121537065 0.0 0.0 
-0.005234113 0.0 0.0 0.0 
-0.005621345 0.0 0.0 0.0 
0.005731269 0.0 0.0 0.0 
0.027332867 0.0 0.0 0.0 
-0.017669419 0.0 0.0 0.0 
-0.00050274906 0.0 0.0 0.0 
-0.004090402 0.0 0.0 0.0 
-0.0015341796 0.0 0.0 0.0 
-0.003788637 0.0 0.0 0.0 
0.012151265 0.0 0.0 0.0 
-0.004225285 0.0 0.0 0.0 
0.002929406 0.0 0.0 0.0 
0.003987241 0.0 0.0 0.0 
-0.005676543 0.0 0.0 0.0 
-0.00820326 0.0 0.0 0.0 
0.0046486864 0.0 0.0 0.0 
0.00672424 0.003388347 0.026310328 0.043170452 
0.00093680026 0.0 0.0 0.0 
-0.012701039 0.0 0.0 0.0 
0.0033928882 0.0 0.0 0.0 
0.006033163 0.0 0.0 0.0 
-0.01161733 0.0 0.0 0.0 
-0.0044936794 0.0 0.0 0.0 
-0.02174089 0.0 0.0 0.0 
0.0017496988 0.0 0.0 0.0 
-0.009201945 0.0 0.0 0.0 
0.0021345858 0.0 0.0 0.0 
-0.006935691 0.0 0.0 0.0 
-0.002391899 0.0 0.0 0.0 
-0.0109438095 0.0 0.0 0.0 
-0.004416889 0.0 0.0 0.0 
-0.011272094 0.0 0.0 0.0 
-0.026897585 0.0 0.0 0.0 
0.008288369 -0.016475115 0.012702059 0.008031662 
-0.022422733 0.0 0.0 0.0 
-0.009181603 0.0 0.0 0.0 
0.014927099 0.0 0.0 0.0 
0.00030271985 0.0 0.0 0.0 
-0.015158435 0.0 0.0 0.0 
-0.005685907 0.0 0.0 0.0 
0.013176287 0.0 0.0 0.0 
-0.0127655 0.0 0.0 0.0 
-0.01612676 0.0 0.0 0.0 
-0.016353449 0.0 0.0 0.0 
0.0034506076 0.0 0.0 0.0 
-0.0074819853 0.0 0.0 0.0 
0.0043454976 0.0 0.0 0.0 
0.021101426 0.0 0.0 0.0 
-0.013245657 0.0 0.0 0.0 
0.0011863292 0.0 0.0 0.0 
-0.01270079 -0.0038463422 -0.013220079 -0.0033485796 
0.013341858 0.0 0.0 0.0 
0.018395215 0.0 0.0 0.0 
0.006938173 0.0 0.0 0.0 
0.016781924 0.0 0.0 0.0 
-0.017982442 0.0 0.0 0.0 
0.011122481 0.0 0.0 0.0 
-0.011026621 0.0 0.0 0.0 
-0.0010016854 0.0 0.0 0.0 
-0.003946849 -0.0072970134 0.033446297 0.0 
0.0072172345 0.0 0.0 0.0 
-0.02112279 0.0 0.0 0.0 
-0.013220079 -0.007194922 -0.021512805 0.0 
0.014021959 0.006689478 0.0 0.0 
-0.0023726274 0.0 0.0 0.0 
0.031133564 0.0 0.0 0.0 
0.0027933447 -0.0013856969 0.0 0.0 
-0.008386264 0.0 0.0 0.0 
0.023117378 0.0 0.0 0.0 
0.0065315384 0.0 0.0 0.0 
0.0030662238 0.0 0.0 0.0 
-0.003966358 0.0 0.0 0.0 
-0.00071131595 0.0 0.0 0.0 
0.005449653 0.0 0.0 0.0 
0.01227576 0.0 0.0 0.0 
0.010557204 0.0 0.0 0.0 
0.006717853 0.0 0.0 0.0 
0.0019302143 0.0 0.0 0.0 
-0.021678137 0.0 0.0 0.0 
0.028866272 0.0 0.0 0.0 
0.0059039514 0.0 0.0 0.0 
-0.005313564 0.0 0.0 0.0 
-0.005861321 0.0 0.0 0.0 
0.011442787 0.0 0.0 0.0 
0.0049400227 0.0 0.0 0.0 
-0.0018422663 0.0 0.0 0.0 
0.042676397 0.0 0.0 0.0 
-0.015337424 0.0 0.0 0.0 
-0.01787849 0.0 0.0 0.0 
0.029223636 0.0 0.0 0.0 
0.0017751937 0.0 0.0 0.0 
-0.03378233 0.0 0.0 0.0 
0.0062692873 0.0 0.0 0.0 
0.00076332665 0.0 0.0 0.0 
0.0069406424 0.0 0.0 0.0 
-0.0030810474 0.0 0.0 0.0 
-0.0033485796 -0.038777467 0.076804675 0.07643786 
-0.023294618 0.0 0.0 0.0 
-0.015344339 0.0 0.0 0.0 
-0.0033971379 0.0 0.0 0.0 
0.009950927 -0.0038463422 -0.025920868 -0.0033485796 
-0.000549602 0.0 0.0 0.0 
0.016220324 0.0 0.0 0.0 
-0.005646895 0.0 0.0 0.0 
-0.017070964 0.0 0.0 0.0 
-0.0055584856 0.0 0.0 0.0 
-0.0031606853 0.0 0.0 0.0 
-0.0077886116 0.0 0.0 0.0 
0.008957806 0.0 0.0 0.0 
0.006500183 0.0 0.0 0.0 
0.0128475735 0.0 0.0 0.0 
0.02395196 0.0 0.0 0.0 
-0.0006866505 0.0 0.0 0.0 
0.019794408 0.0 0.0 0.0 
-0.02580462 0.0 0.0 0.0 
0.01373193 0.031481963 0.038070586 0.06924482 
-0.008763946 0.0 0.0 0.0 
0.0010223854 0.0 0.0 0.0 
0.009431999 0.0 0.0 0.0 
0.000468536 0.0 0.0 0.0 
-0.0028472622 0.0031043864 0.01035244 0.0 
-0.017149156 0.0 0.0 0.0 
-0.034999892 0.0 0.0 0.0 
-0.011805949 0.0 0.0 0.0 
-0.0021000123 0.0 0.0 0.0 
0.015171102 0.0 0.0 0.0 
-0.0045666397 0.0 0.0 0.0 
0.02319595 0.0 0.0 0.0 
-0.005886563 0.0 0.0 0.0 
-0.007820245 0.0 0.0 0.0 
-0.006233182 0.0 0.0 0.0 
-0.023534793 0.0 0.0 0.0 
0.008031662 0.0027713934 0.0 0.0 
-0.025574451 0.0 0.0 0.0 
-0.008927505 0.0 0.0 0.0 
0.01192973 0.0 0.0 0.0 
-0.0084970035 0.0 0.0 0.0 
0.0062877066 0.0 0.0 0.0 
0.02611177 0.0 0.0 0.0 
-0.0028825442 0.0 0.0 0.0 
-0.0095739905 0.0 0.0 0.0 
0.0044256896 0.0 0.0 0.0 
0.008411991 0.0 0.0 0.0 
-0.0076397075 0.0 0.0 0.0 
-0.01693833 0.0 0.0 0.0 
0.0054062135 0.0 0.0 0.0 
0.009930666 -0.016475115 0.0027713934 0.008031662 
-0.00025566775 0.0 0.0 0.0 
0.0024533314 0.0 0.0 0.0 
-0.010975524 0.0 0.0 0.0 
0.01035244 -0.0049855867 -0.0066971593 -0.084208444 
-0.0062368126 0.0 0.0 0.0 
0.026914893 0.0 0.0 0.0 
-0.0040773 0.0 0.0 0.0 
0.0011124411 0.0 0.0 0.0 
0.0026340168 0.0 0.0 0.0 
-0.018813908 0.0 0.0 0.0 
0.0023025703 0.0 0.0 0.0 
0.0010785548 0.0 0.0 0.0 
0.0022601215 0.0 0.0 0.0 
-0.02127463 0.0 0.0 0.0 
-0.0076115127 0.0 0.0 0.0 
-0.0034382227 0.0 0.0 0.0 
-0.0010996158 0.0 0.0 0.0 
-0.016890818 0.0 0.0 0.0 
0.005439443 0.0 0.0 0.0 
0.002822962 0.0 0.0 0.0 
-0.0016928968 0.0 0.0 0.0 
-0.01161643 0.0 0.0 0.0 
-0.00022046309 0.0 0.0 0.0 
-0.00739979 0.0 0.0 0.0 
-0.004471315 0.0 0.0 0.0 
0.014508231 0.0 0.0 0.0 
-0.013249184 0.0 0.0 0.0 
0.00011550305 0.0 0.0 0.0 
-0.0027928445 0.0 0.0 0.0 
0.033542644 0.0 0.0 0.0 
0.013812914 0.0 0.0 0.0 
-0.0075628906 0.0 0.0 0.0 
0.021352338 0.0 0.0 0.0 
-0.008932783 0.0 0.0 0.0 
-0.006813355 0.0 0.0 0.0 
0.007568319 0.0 0.0 0.0 
0.007254754 0.0 0.0 0.0 
-0.019729111 0.0 0.0 0.0 
-0.011227626 0.0 0.0 0.0 
0.015361558 0.0 0.0 0.0 
0.027784143 -0.0072970134 0.050263684 0.0 
-0.021233598 0.0 0.0 0.0 
-0.023240833 0.0 0.0 0.0 
0.0023671263 0.0 0.0 0.0 
0.026475165 0.0 0.0 0.0 
0.008624333 0.009883462 -0.022713846 0.003655281 
0.00287215 0.0 0.0 0.0 
-0.010723212 0.0 0.0 0.0 
-0.014722425 0.0 0.0 0.0 
0.0031037459 0.0 0.0 0.0 
-0.010975073 0.0 0.0 0.0 
0.0015291906 0.0 0.0 0.0 
-0.00046174796 0.0 0.0 0.0 
-0.0044558938 0.0 0.0 0.0 
-0.010212586 0.0 0.0 0.0 
-0.0111915525 0.0 0.0 0.0 
0.01697205 0.0 0.0 0.0 
-0.029017983 0.018503325 -0.0022321134 0.0070038605 
-0.0105889505 0.0 0.0 0.0 
0.013069126 0.0 0.0 0.0 
-0.027509764 0.0 0.0 0.0 
-0.0061027007 0.0 0.0 0.0 
0.010472695 0.01773305 0.0068969 0.056637615 
0.00932974 0.0 0.0 0.0 
0.016214848 0.0 0.0 0.0 
-0.0055140597 0.0 0.0 0.0 
-0.012702066 0.0 0.0 0.0 
0.017048415 0.0 0.0 0.0 
0.00935428 0.0 0.0 0.0 
-0.02196067 0.0 0.0 0.0 
0.00989785 0.0 0.0 0.0 
0.008967638 0.0 0.0 0.0 
0.023712216 0.0 0.0 0.0 
-0.029713033 0.0 0.0 0.0 
-0.000930626 0.0 0.0 0.0 
0.0140736 0.0 0.0 0.0 
0.0106172655 0.0 0.0 0.0 
0.007538098 0.0 0.0 0.0 
0.025428317 0.0 0.0 0.0 
-0.0023221516 0.0 0.0 0.0 
0.012103507 0.0 0.0 0.0 
0.021110909 0.0 0.0 0.0 
-0.004101753 0.0 0.0 0.0 
0.0051724305 0.0 0.0 0.0 
-0.007986789 0.0 0.0 0.0 
0.009266203 0.0 0.0 0.0 
0.0052315583 0.0 0.0 0.0 
-0.0008269594 0.0 0.0 0.0 
-0.0052654794 0.0 0.0 0.0 
-0.034611013 0.0 0.0 0.0 
-0.01890872 0.0 0.0 0.0 
-0.022308912 0.0 0.0 0.0 
-0.021230262 0.0 0.0 0.0 
0.0032231156 0.0 0.0 0.0 
0.0053228494 0.0 0.0 0.0 
0.015839506 0.0 0.0 0.0 
-0.016884563 0.0 0.0 0.0 
-0.008155395 0.036235526 -0.0064150635 -0.0054668547 
0.0029546188 0.0 0.0 0.0 
-0.011137508 0.0 0.0 0.0 
