-0.0072970134 0.04951313 0.52761984 1.5354297 
-0.0018409918 0.0 0.0 0.0 
0.0014738773 0.0 0.0 0.0 
-0.022299858 -0.027509764 -0.012329507 -0.033350967 
0.037496842 0.011968443 0.28565508 0.35292363 
-0.016250305 0.0 0.0 0.0 
-0.023439696 0.0 0.0 0.0 
-0.024501689 0.0 0.0 0.0 
-0.027935611 -0.0033485796 -0.014190167 -0.63337946 
0.004170226 0.0 0.0 0.0 
-0.0051094186 -0.038527988 -0.43997067 -7.9300776 
0.0031885537 0.0033756602 -0.084613964 -1.3123822 
0.013586543 -0.0454348 0.048247263 -4.85623 
-0.002397241 -0.061067272 -0.1897393 -0.50676316 
-0.00896759 0.0 0.0 0.0 
-0.011266732 0.00678954 0.0762265 0.21935096 
0.006287989 0.011968443 0.2793671 0.35292363 
0.0037403435 0.008232408 0.012924549 -0.07844363 
-0.0032048512 -0.022869166 -0.78091455 -12.174454 
-0.018578997 -0.010652915 -0.018783174 -0.63145125 
-0.020618692 -0.0033485796 -0.0020323098 -0.6068713 
0.008339141 -0.00165594 -0.1779468 -6.1999454 
-0.0016805431 -0.04343418 -0.13952678 -8.60261 
0.0027188817 -0.0038463422 0.41042906 0.019688755 
-0.006642995 0.0 0.0 0.0 
0.0069011175 -0.0033485796 -0.0072528794 -0.6149205 
-0.0178924 0.0 0.0 0.0 
0.009571097 -0.0038463422 0.40085799 0.019688845 
0.011815153 -0.035435118 -0.05916197 -3.1307416 
-0.0025137563 -0.016475115 -0.17860612 -0.32432675 
0.0054411134 0.0 0.0 0.0 
0.00049038813 0.007314532 -0.5667821 -12.022369 
0.00601356 0.0 0.0 0.0 
-0.00043261418 0.0 0.0 0.0 
-0.016765824 0.014566351 0.124522224 -0.21181393 
0.002239548 -0.015798 0.3680447 0.006877184 
0.01628187 0.0 0.0 0.0 
0.010616019 -0.0056621344 0.0 0.0 
-0.016045298 -0.006110386 0.0 0.0 
0.004086439 -0.0013856969 -0.094376445 -1.50123 
0.0166564 -0.008224624 0.0 0.0 
-0.012975409 -0.02901849 0.100229666 -0.02387809 
0.014513492 0.00481633 -0.43509609 -3.9632497 
0.009282035 -0.0072970134 0.014268727 0.072471514 
0.001175837 -0.026939252 -0.5665258 -6.6409574 
-0.0037712895 0.0050613014 0.062583536 1.1465237 
0.0032325115 -0.0072970134 0.0108374 0.06862517 
0.014509176 -0.020663816 0.056702003 0.03209128 
-0.0029755263 -0.021596141 -0.06170751 0.020191684 
0.015570202 0.0 0.0 0.0 
0.00065061956 0.0 0.0 0.0 
0.006340928 0.0 0.0 0.0 
-0.01218326 -0.0033485796 -0.008551002 -0.5933823 
-0.0049280785 0.07541909 1.1928817 6.2703857 
0.016442496 0.0 0.0 0.0 
-0.016628677 0.0 0.0 0.0 
0.012498747 -0.00739979 0.07003665 0.100113496 
0.0100049665 0.0 0.0 0.0 
-0.00018113865 -7.3841243e-06 0.017416641 -0.01149472 
-0.013501713 0.0 0.0 0.0 
0.012492465 0.005173767 -0.20575237 -1.8641394 
-0.001998211 0.0 0.0 0.0 
0.0068741445 0.00017581173 -0.002055047 0.019812267 
-0.0080923885 0.0 0.0 0.0 
-0.011444358 0.0 0.0 0.0 
0.020967066 -0.012845313 0.01650992 1.4357089 
0.0121154105 -0.004988556 -0.070627615 -3.0685406 
0.014620237 0.0 0.0 0.0 
-0.0030458255 0.0 0.0 0.0 
0.012094776 -0.008672215 0.14550497 -0.5290669 
0.014694311 0.0 0.0 0.0 
0.029704098 0.013856674 0.41056368 0.14812526 
-0.0047042756 0.0 0.0 0.0 
0.008812531 0.0 0.0 0.0 
-0.01899024 -0.016475115 -0.16079175 -0.32432672 
0.0022626817 0.012359324 0.113886766 0.8539205 
-0.0103278 0.0 0.0 0.0 
0.021544052 0.0 0.0 0.0 
-0.019017708 -0.026286516 -0.20129514 -4.1332636 
-0.007888994 0.0 0.0 0.0 
0.0012854342 0.0 0.0 0.0 
0.022841452 0.011968443 0.26145375 0.32963184 
0.020896193 0.0 0.0 0.0 
-0.0028956593 -0.04812488 -0.35306424 -6.613226 
0.0024039962 -0.02901849 0.0833165 -0.023878086 
0.008453248 -0.018915541 -0.24171425 -3.557763 
-0.0027513504 -0.017954357 -0.038150094 -2.422387 
-0.022963978 -0.011026621 -0.07706381 -0.42669618 
0.0027617333 0.0 0.0 0.0 
0.0052241464 -0.016276259 -0.06819567 -0.80702806 
0.008858951 0.0121575305 0.36959267 2.3262968 
0.002446452 0.008438458 0.17708176 2.6424255 
-0.014056157 -0.016475115 -0.12771785 -0.32432675 
-0.011764344 -0.004745511 0.03144152 0.18275231 
0.0045678825 0.0 0.0 0.0 
0.0035654928 0.0 0.0 0.0 
0.004632795 -0.02514426 -0.6376854 -3.1628034 
-0.005150484 -0.016919877 0.04951883 -0.23611921 
-0.0016090716 0.020609602 0.07065776 1.4538472 
0.026029635 0.013987519 0.15881595 0.5072843 
0.022654077 -0.0076633627 0.050585896 -1.2271879 
0.021768067 -0.0074868426 -0.028973572 -1.2338164 
0.015121634 0.0 0.0 0.0 
-0.013045056 0.0 0.0 0.0 
-0.00040565053 0.00678954 0.07663216 0.21935096 
-0.01822331 0.0 0.0 0.0 
0.0023440241 -0.0038463422 0.37149838 -0.059387565 
0.005363497 -0.009113256 -0.008672215 0.018274594 
0.018063664 0.0 0.0 0.0 
-0.031526074 0.0 0.0 0.0 
0.014191486 0.0 0.0 0.0 
0.0039038202 -0.013220079 0.0053048097 -0.42261794 
0.011558376 -0.04959837 -0.24753557 -5.3380814 
7.87177e-05 0.002485103 0.077320874 0.020306647 
-0.0033402364 0.00678954 0.07997239 0.21935093 
0.019710166 0.0 0.0 0.0 
-0.02228619 0.0 0.0 0.0 
-0.014919198 -0.0033485796 0.009060562 -0.48696843 
0.0006782661 0.0 0.0 0.0 
-0.026797669 -0.0038463422 0.39829603 -0.059387594 
0.0058790855 -0.016475115 -0.13822976 -0.32360193 
-0.0035647228 0.011968443 0.2561595 0.32963184 
0.013270717 0.0 0.0 0.0 
0.0035184696 -0.0072970134 0.06576449 0.406691 
-0.011972325 0.030202366 0.19932172 0.50126547 
-0.004669777 -0.016475115 -0.13356 -0.32360193 
-0.001778724 -0.019823695 -0.120942 -0.7940954 
0.006685488 0.020609602 0.06397227 1.4538472 
0.0014892236 -0.008672215 0.11290843 -0.510439 
0.008747988 0.011968443 0.24741152 0.3296318 
-0.006265967 0.0 0.0 0.0 
-0.017158633 0.02319595 0.0654809 0.092739545 
-0.006010167 0.0055113886 -0.01200657 0.41583082 
0.00866949 0.050801877 0.64844525 3.0716686 
0.010258366 0.0 0.0 0.0 
-0.0030030224 -0.012845313 0.01706649 1.4194864 
0.014730494 0.0 0.0 0.0 
-0.0011509043 0.004862641 0.39130825 0.051500678 
-0.022000095 0.0 0.0 0.0 
-0.007140487 -0.013704501 -0.36796048 -4.957654 
0.01946937 -0.026457388 -0.048322722 -0.5476668 
-0.00028055473 0.00678954 0.080252945 0.21935095 
0.006332403 -0.00970985 -0.047102123 -3.8904324 
0.004050685 -0.011510329 -0.30866885 -4.7859945 
0.010304289 0.0 0.0 0.0 
0.015091552 0.017023258 0.67432034 0.36953473 
-0.0012729075 -0.0033485796 -0.010599777 -0.46281412 
0.017442038 0.0 0.0 0.0 
-0.006195288 -0.020243796 -0.03092993 -1.5953448 
-0.005419814 0.035271645 -0.010282076 0.0 
0.0018527617 0.0 0.0 0.0 
-0.02147674 -0.016475115 -0.09696874 -0.32457185 
0.00056480605 -0.012845313 0.01650168 1.4194864 
0.010974234 -0.0033485796 -0.015378743 -0.46281418 
0.012355206 -0.016475115 -0.10932394 -0.32457188 
-0.008539754 -0.066336386 -0.17461902 -5.2105784 
-0.008106549 0.011451039 -0.07116702 -0.75363207 
-0.011966057 0.0 0.0 0.0 
0.025091274 -0.008672215 0.08781715 -0.5104389 
0.0037594482 0.0 0.0 0.0 
-0.02519977 -0.0033485796 0.00982105 -0.46281424 
-0.010162384 -0.018238 0.029146807 -0.23684768 
-0.010036821 0.0121575305 0.3520525 2.2380223 
0.002783313 0.020609602 0.06118896 1.4538472 
0.000862535 0.005785642 -0.38761854 -5.741764 
0.0032461968 0.0121575305 0.3455601 2.226054 
-0.018767316 0.0121575305 0.38309476 2.2140856 
-0.009845983 0.0 0.0 0.0 
0.043614518 0.00018908738 0.07518029 1.8992093 
-0.0072060134 0.010904731 -0.05361413 -2.273437 
-0.031146651 0.0 0.0 0.0 
0.010079036 0.008335618 -0.16119659 -1.4251268 
-0.003960011 0.0 0.0 0.0 
0.008154883 0.0066459645 -0.10961814 -1.4807944 
0.011976825 -0.0033485796 -0.0030183233 -0.45294192 
-0.0012595609 -0.0033485796 -0.0017587692 -0.4529418 
-0.012701238 0.0 0.0 0.0 
-0.019708358 0.00858376 -0.016546395 -0.02120939 
0.01816475 -0.02901849 0.06515174 -0.023878086 
-0.007724137 0.0 0.0 0.0 
-0.0023687806 -0.023288526 -0.002396883 0.006804304 
0.0034385745 0.0 0.0 0.0 
0.008630667 0.038833436 0.32923913 2.654553 
-0.017084401 -0.008672215 0.10490154 -0.510439 
0.013107664 0.0015844796 -0.09180972 -1.8553233 
-0.0017984753 0.0 0.0 0.0 
0.0073397504 0.019953456 0.29765117 0.42409462 
-0.0031013566 0.0 0.0 0.0 
-0.023772309 0.0 0.0 0.0 
0.015987528 -0.06306277 -0.4796082 -8.540297 
0.01619605 0.0 0.0 0.0 
0.022465838 0.044876687 0.23090005 4.331833 
0.007191222 0.0 0.0 0.0 
-0.017265363 -0.0038463422 0.40162075 -0.11859417 
0.01381219 0.0 0.0 0.0 
-0.0025870039 0.0121575305 0.30621797 2.2059116 
-0.004212377 -0.006367177 -0.078025155 -2.0586445 
0.00455611 0.0 0.0 0.0 
0.012440206 0.0 0.0 0.0 
-0.017551297 0.00678954 0.08271269 0.22102693 
0.008526974 0.0 0.0 0.0 
-0.015365452 -0.016475115 -0.0939585 -0.32457185 
0.013832839 -0.09593896 -1.2825253 -14.858186 
-0.0012310962 -0.008672215 0.092299804 -0.48568144 
-0.01265149 0.0 0.0 0.0 
0.014072148 -0.0038463422 0.3875486 -0.118594155 
-0.0140022775 0.0 0.0 0.0 
-0.00074272224 0.00017581173 -0.0013123248 0.019812267 
0.004041043 0.011968443 0.2555062 0.30670232 
-0.0081095155 0.0 0.0 0.0 
-0.0025881077 0.0 0.0 0.0 
0.00858376 -0.036254752 -0.021209393 -0.26307786 
-0.0037497145 0.011968443 0.2592559 0.30670226 
0.0046705403 -0.012625632 -0.2842948 -2.0603802 
-0.0025440156 0.013987519 0.17333227 0.4910695 
-0.005765934 0.0 0.0 0.0 
-0.014143389 0.0 0.0 0.0 
0.0021487852 0.0 0.0 0.0 
-0.023569776 0.0 0.0 0.0 
0.008504484 0.0 0.0 0.0 
0.00353387 -0.016475115 -0.102162905 -0.32457185 
0.007947917 0.0 0.0 0.0 
-0.015043835 0.00678954 0.09775652 0.22102691 
-0.008611473 0.0 0.0 0.0 
-0.008123955 0.0 0.0 0.0 
-0.009744521 -0.013220079 -0.026243325 -0.43703023 
-0.0016770602 -0.0096837655 0.33331 3.3446434 
-0.004745511 0.019677177 0.18275233 1.752004 
0.009009421 0.0 0.0 0.0 
0.017371684 0.013856674 0.38952655 0.07121575 
-0.011434531 0.0121575305 0.33047277 2.2427542 
0.0077859196 0.0 0.0 0.0 
-0.005860351 -0.014806851 -0.15879047 -1.0717528 
-0.017717712 -0.0072970134 0.083482206 0.406691 
-0.005469467 0.0 0.0 0.0 
0.002288677 0.0 0.0 0.0 
0.016996799 0.0 0.0 0.0 
0.0070015886 0.0092420075 0.1298604 0.49190268 
0.015019062 0.029039882 -0.31155142 -2.140243 
0.014610278 0.012141756 0.11658047 0.049099892 
-0.033688556 0.0 0.0 0.0 
-0.0032033864 0.04442507 0.07234427 1.9941425 
0.038551625 0.0 0.0 0.0 
0.0093852505 0.011968443 0.26130515 0.3065132 
0.01671789 -0.0072970134 0.036135472 0.068625174 
-0.00045059502 0.034156367 -0.36744764 -2.2384496 
0.02032162 -0.05806853 -0.20171371 -3.8678777 
0.011340648 0.0 0.0 0.0 
-0.007074356 0.023352193 0.0 0.0 
0.023639293 0.0 0.0 0.0 
0.0056253597 0.0 0.0 0.0 
0.0071119214 -0.056203336 -0.25153655 -5.323498 
-0.016268162 0.0 0.0 0.0 
0.030164236 0.0 0.0 0.0 
-0.0040659853 -0.009005458 -0.0059194714 -0.34378216 
0.024080476 0.0010088525 -0.10883699 -0.66597384 
-0.012845313 0.030179963 1.4725697 5.761078 
0.0055697034 0.07251933 0.9397931 5.1518226 
-0.01807261 -0.008672215 0.1032605 -0.47700855 
-0.00846274 -0.0033485796 -0.05005329 -0.39853877 
-0.016429368 -0.015344339 0.11682967 0.039258115 
0.009640021 0.0 0.0 0.0 
0.018608764 -0.019823695 -0.18357335 -0.7005484 
-0.012655127 -0.013220079 -0.021064505 -0.46091902 
-0.0017295349 0.0 0.0 0.0 
0.018980667 -0.016475115 -0.13389197 -0.31848457 
0.0057960707 0.012862937 -0.257869 -1.2734964 
-0.015338839 -0.023843614 0.0 0.0 
-0.009542312 0.021386113 -0.32871908 -1.9665327 
-0.010544159 0.0 0.0 0.0 
-0.0035492138 0.02672388 0.45126227 1.8602569 
0.018844355 0.020723462 0.5374438 2.6173344 
-0.006279906 0.0 0.0 0.0 
0.008662219 0.018037533 -0.42336783 -2.3883762 
0.010100909 0.0056594145 0.07450924 0.068296246 
-0.011034423 0.0 0.0 0.0 
0.01167658 0.0 0.0 0.0 
-0.0016396231 0.0 0.0 0.0 
0.022459224 -0.013220964 -0.22323835 -2.3908675 
-0.010642724 -0.016475115 -0.12324926 -0.3184846 
-0.0017699422 -0.0033485796 -0.098013565 -0.40344983 
-0.010938178 -0.01978949 -0.3041039 -6.09103 
-0.021616949 0.00678954 0.11937348 0.22102693 
-0.027328344 -0.016475115 -0.095920935 -0.31848454 
-0.016856186 0.0 0.0 0.0 
-0.0050736093 -0.004745511 0.008753823 0.0023561195 
-0.006528841 0.0 0.0 0.0 
0.015261391 0.009720492 -0.23500797 -1.9290254 
0.014159032 0.0 0.0 0.0 
-9.4167495e-05 0.0 0.0 0.0 
0.014584375 0.0 0.0 0.0 
0.007732284 -0.022038568 -0.11299843 -0.9752201 
-0.008927427 0.0 0.0 0.0 
-0.0016393745 0.0 0.0 0.0 
-0.010205537 0.0 0.0 0.0 
0.0022999723 -0.0038463422 0.36187792 -0.14646745 
-0.021666612 0.0 0.0 0.0 
0.011990147 0.0 0.0 0.0 
0.0043211672 -0.030688316 0.05899743 0.114317596 
-0.005637958 0.0 0.0 0.0 
0.0014898701 0.0 0.0 0.0 
-0.017377635 0.0 0.0 0.0 
0.0033684487 0.0 0.0 0.0 
0.0016017302 -0.019030638 -0.1506372 -3.2283921 
-0.0027523562 0.0 0.0 0.0 
-0.030205963 0.006689478 0.06499819 -0.067138255 
-0.012775498 0.0 0.0 0.0 
-0.014332338 -0.013220079 -0.014464445 -0.46091896 
-0.0035275961 0.00678954 0.12290107 0.22102694 
0.0077770534 -0.009005458 -0.013696527 -0.3437822 
-0.011596358 0.0 0.0 0.0 
-0.005683431 -0.0038463422 0.36756134 -0.14646745 
-0.01112185 0.016568206 -0.07720907 -1.494792 
-0.02021742 0.0 0.0 0.0 
-0.013053678 -0.02477875 0.51016766 -0.48626786 
-0.0043377182 0.00018908738 0.05449885 1.8926077 
-0.017894916 0.0 0.0 0.0 
-0.00878162 0.0020473935 -0.2671657 -2.3626046 
-0.006448479 -0.012354038 -0.11567628 -0.7514275 
-0.012641087 -0.016475115 -0.07182789 -0.3165322 
-0.020470496 -0.0033485796 -0.0879577 -0.4076451 
-0.01062044 -0.02901849 0.07577218 -0.02387809 
0.0045420504 -0.073524885 -0.6017135 -5.0887327 
0.016996222 0.0 0.0 0.0 
0.023812247 -0.011143356 0.35837877 -0.07399587 
0.0012716553 -0.0052667353 0.18206218 1.9277538 
-0.0023003172 0.0 0.0 0.0 
-0.013080026 0.0 0.0 0.0 
-0.0016863999 0.0 0.0 0.0 
-0.009790217 0.0 0.0 0.0 
-0.016013177 -0.012722336 0.020259203 -0.088955976 
0.0018530537 0.024881458 0.69969535 2.812595 
0.023077581 0.0 0.0 0.0 
-0.028434554 0.0 0.0 0.0 
0.0032519475 -0.048934374 -0.25519353 -2.2039442 
-0.0013105061 0.031918354 0.55151355 0.266976 
-0.0050577605 0.0 0.0 0.0 
0.00076156814 0.0 0.0 0.0 
0.007969264 -0.0033485796 -0.10372096 -0.328723 
0.01256706 -0.004506672 0.16522971 -0.005634725 
0.01945655 -0.0038463422 0.3373462 -0.14646745 
-0.020491421 0.02672388 0.47208536 1.9252098 
-0.026605189 0.0 0.0 0.0 
-0.010514644 0.0 0.0 0.0 
-0.018215528 0.0 0.0 0.0 
-0.015228748 0.013987519 0.18698199 0.49828246 
-0.018624548 -0.030077638 0.001934262 0.14483428 
-0.007734581 -0.016475115 -0.08445437 -0.29994065 
-0.0003065098 -0.051203977 -0.38397977 -2.6737123 
-0.011068559 0.0 0.0 0.0 
0.0046263915 0.0 0.0 0.0 
0.025108567 -0.0033485796 -0.128523 -0.29734278 
0.00036000134 0.0 0.0 0.0 
0.0041688215 0.0 0.0 0.0 
-0.018122038 -0.0033485796 -0.110401 -0.29734266 
-0.031766627 -0.02262002 0.48789963 -0.08786821 
-0.021974754 -0.0072970134 0.023550762 0.072471514 
-0.013624456 -0.026071865 -0.11901274 -0.88242954 
0.001770253 0.023401568 0.10916992 0.70028675 
0.012362914 0.0 0.0 0.0 
-0.022008909 -0.02901849 0.09778109 -0.023878088 
-0.004418148 0.012141756 0.1353628 0.052946232 
0.0056594145 0.08461015 0.068296246 -0.2131761 
0.010105371 0.0 0.0 0.0 
0.010620178 0.013861256 0.01049253 -0.013052116 
-0.00625312 0.02319595 0.07638633 0.1463233 
0.004109027 0.0 0.0 0.0 
0.0071341693 0.0 0.0 0.0 
0.0038687203 0.0112152295 0.12582189 0.23995972 
-0.022494365 0.0 0.0 0.0 
0.009855697 0.0 0.0 0.0 
0.005998188 -0.0033485796 -0.102774724 -0.2878394 
0.016558055 0.0 0.0 0.0 
-0.00045721477 0.015461013 -0.7289104 -4.5809994 
0.0041606757 -0.02901849 0.09362042 -0.023878086 
0.026747711 0.0 0.0 0.0 
0.0023403896 0.0 0.0 0.0 
0.010542087 0.0 0.0 0.0 
0.017175693 -0.03263127 0.22464696 -3.5963643 
0.0007207888 -0.054458 -1.6738374 -13.420059 
0.004933059 -0.06383564 -1.40573 -11.809008 
-0.004685461 0.0 0.0 0.0 
0.002138736 -0.0033485796 -0.12774298 -0.24089757 
-0.0073620114 -0.031077283 8.586049e-05 0.3936817 
0.005249209 0.0 0.0 0.0 
0.010072039 0.0 0.0 0.0 
-0.016425367 -0.013912043 -0.07776075 -0.4261867 
0.004268184 -0.045670986 -0.8251587 -8.756943 
-0.017116295 -0.019823695 -0.18685952 -0.51862043 
-0.0033664277 0.02853344 0.26095504 0.5440064 
-0.022628512 0.0 0.0 0.0 
0.004563263 0.002485103 0.06792924 0.017493218 
-0.0036997984 0.013391646 0.18076545 2.7481139 
-0.0025287834 0.020609602 0.051730897 1.4655203 
0.014127444 0.0121575305 0.29985982 2.1562657 
3.7441394e-05 0.0 0.0 0.0 
0.007227495 0.03600684 -0.33852583 -1.556348 
0.0077688606 0.0121537065 0.07647903 0.29467237 
-0.0034023342 0.002485103 0.071331576 0.017493218 
-0.00046587383 0.012141756 0.13582867 0.05294624 
-0.008450671 0.0 0.0 0.0 
-0.009813423 -0.021487936 -0.09372333 -1.3420627 
0.03062928 0.02853344 0.1996965 0.52946043 
-0.027347578 0.0 0.0 0.0 
-0.019021006 0.0 0.0 0.0 
0.011244908 0.0 0.0 0.0 
-0.013317685 -0.009918646 -0.0028355867 -1.3173072 
0.0048613497 0.0013084318 0.114604525 0.5677603 
0.0018989396 0.0 0.0 0.0 
-0.0042524077 0.02381547 0.05121529 0.575071 
-0.0014371759 0.011968443 0.2480441 0.28002387 
-0.014109321 -0.004745511 -0.027631782 0.0008332087 
0.010512189 0.0 0.0 0.0 
0.0061648283 0.0 0.0 0.0 
-0.011486925 0.035555273 0.22636282 0.9364134 
-0.011308496 -0.0014635446 -0.062017977 -1.1439043 
0.023890192 0.0 0.0 0.0 
0.00018908738 0.11363178 2.1331875 8.27955 
-0.014454496 -0.016475115 -0.05751011 -0.27808523 
0.0010304798 0.0 0.0 0.0 
-0.00045434898 0.0 0.0 0.0 
-0.018816656 -0.039146267 -1.0003881 -8.724907 
0.0026046233 0.0 0.0 0.0 
-0.013207207 0.008619864 0.19150889 0.13393718 
-0.0019690439 -0.012845313 -0.0022088457 0.45205024 
0.014856143 0.0 0.0 0.0 
0.021426212 0.0 0.0 0.0 
-0.014733912 0.026749419 0.15276065 -1.0887675 
-0.008752196 0.0 0.0 0.0 
-0.0017348726 -0.05870838 -0.41713873 -9.234395 
0.011919083 0.0 0.0 0.0 
0.016867345 -0.016475115 -0.055560812 -0.27808517 
-0.012477455 0.0 0.0 0.0 
-0.013624518 -0.0033485796 -0.054383002 -0.16598487 
0.018877367 -0.010398861 0.0070788926 0.5770024 
-0.0026028901 -0.0033485796 -0.051780142 -0.16598487 
-0.00765215 0.00678954 0.12649542 0.36777878 
0.034984656 -0.0033485796 -0.0867648 -0.16598481 
0.01485164 0.0 0.0 0.0 
0.013861256 0.013815694 0.06869234 0.2971869 
0.0019295941 0.037401795 0.85362923 2.7942162 
-0.013973102 -0.0038463422 0.3655265 -0.08265662 
-0.0005388047 0.019349609 0.45428824 0.11222139 
-0.0049814796 0.009247584 -0.6360765 -8.120733 
-0.010223975 -0.01999693 -0.030450037 0.44308698 
-0.013904774 0.0 0.0 0.0 
0.0013186657 0.0 0.0 0.0 
-0.011965003 0.0 0.0 0.0 
0.0009530275 0.0 0.0 0.0 
0.026521044 0.0 0.0 0.0 
0.019503666 -0.0038463422 0.35154307 -0.08265656 
0.0032745579 0.0 0.0 0.0 
0.023217121 -0.02901849 0.07021421 -0.006935691 
-0.0075656795 -0.0033485796 -0.07421763 -0.19154099 
-0.00011393302 0.0 0.0 0.0 
0.030851683 -0.012123513 -0.020903893 -0.064566895 
0.022231461 0.0 0.0 0.0 
-0.005575405 0.00018908738 -0.09462719 0.68515843 
-0.018695192 -0.016475115 -0.036865614 -0.27808517 
0.0022905213 0.0 0.0 0.0 
0.023608645 0.0 0.0 0.0 
0.013183095 -0.03325102 0.30458838 0.24060181 
0.011916331 0.0 0.0 0.0 
0.0067206603 0.011968443 0.25608146 0.31208992 
-0.011528044 0.0 0.0 0.0 
0.008207219 0.002632454 -0.067482136 -0.31687075 
0.0035226534 0.0 0.0 0.0 
-0.016609637 0.0 0.0 0.0 
-0.009553441 0.0 0.0 0.0 
0.004219676 -0.0009468868 0.065118 0.38169134 
-0.0073773907 0.0 0.0 0.0 
-0.0055583785 -0.02901849 0.07577258 -0.006935691 
0.03172277 -0.019594409 -0.05204564 -0.32861573 
-0.009872384 -0.025548223 -2.5039155 -21.149162 
0.0085794795 0.012983487 -0.2298584 -1.6054574 
0.009051933 0.0 0.0 0.0 
0.022710549 0.0 0.0 0.0 
0.01600907 -0.02901849 0.05976352 -0.006935691 
-0.009012515 0.0 0.0 0.0 
-0.007530485 0.0 0.0 0.0 
0.0022956377 0.00678954 0.12227018 0.3489172 
0.008200268 -0.00967359 -0.05741497 0.0008332087 
0.009413904 -0.043330066 -0.06826551 -1.3535411 
0.004306821 0.0 0.0 0.0 
-0.02877708 0.0 0.0 0.0 
0.008106182 0.0 0.0 0.0 
0.010285099 0.0 0.0 0.0 
-0.0135481665 -0.0017348726 0.052299008 -0.05840449 
0.006850175 0.0 0.0 0.0 
-0.00896553 -0.0065909335 0.29330042 0.70006716 
0.008589812 0.0 0.0 0.0 
-0.023624137 0.0 0.0 0.0 
0.00486965 0.006689478 0.05984889 0.06825569 
0.0061950698 0.0 0.0 0.0 
-0.033024974 -0.0033485796 -0.05752088 -0.15453929 
-0.019206531 0.0 0.0 0.0 
0.006408239 0.030969001 -0.83558726 -5.4970636 
-0.0035626173 0.0 0.0 0.0 
0.006908989 -0.03287295 -0.16565746 -1.8099589 
0.038294178 0.0 0.0 0.0 
-0.005034217 -0.0033485796 -0.06580387 -0.15657449 
-0.011828809 0.0 0.0 0.0 
0.015796712 0.0 0.0 0.0 
-0.006892325 0.0 0.0 0.0 
-0.0043161483 0.0 0.0 0.0 
0.006689478 0.034792222 -0.06713825 2.1501908 
-0.0100107035 -0.0033485796 -0.05579322 -0.15657452 
-0.0105111385 -0.0033485796 -0.045282066 -0.15657467 
-0.011729454 0.0 0.0 0.0 
0.0028959694 0.0 0.0 0.0 
0.020330796 -0.008672215 0.12184473 -0.6119107 
0.0015730952 0.0 0.0 0.0 
0.01107524 -0.0038463422 0.34046784 -0.08265662 
-0.0005062857 -0.014712881 -0.01658972 -1.6650205 
0.010799631 -0.0033485796 -0.056081694 -0.15657452 
-0.013319658 -0.05457985 -0.0067534894 -2.6315498 
-0.0056260275 -0.0072970134 0.078938045 0.51085687 
0.0030151443 0.0 0.0 0.0 
0.0011643623 -0.0033485796 -0.057246037 -0.15657449 
-0.00020605825 0.0 0.0 0.0 
0.016746618 0.0 0.0 0.0 
0.0010128903 -0.016475115 -0.057512112 -0.24014568 
0.0048609837 0.0 0.0 0.0 
-0.008224624 0.0166564 0.0 0.0 
-0.0022127368 -0.0072970134 0.0136660375 0.5192501 
0.007692299 -0.0009468868 0.0574257 0.38169137 
0.009271485 0.032273203 0.117526695 1.6281085 
0.012932111 0.0 0.0 0.0 
-0.00087955897 0.0 0.0 0.0 
-0.009569828 0.019700773 0.13436726 0.2280313 
-0.008863921 0.0 0.0 0.0 
0.008759976 -0.020758022 -0.14642453 -2.356464 
0.035271645 -0.01570189 0.0 0.0 
-0.00090269133 0.01266008 -0.010718215 0.2521845 
-0.03417612 -0.010035278 0.0 0.0 
-0.011624335 0.00678954 0.13389452 0.34891722 
-0.0012815956 0.0 0.0 0.0 
-0.0015524104 0.0 0.0 0.0 
-0.002537973 0.0 0.0 0.0 
0.016579043 -0.0013856969 -0.16697943 -1.270236 
0.0037399451 0.00018908738 -0.119048685 0.69605005 
0.012368922 0.011451039 -0.0010420776 0.030837484 
-0.008267857 -0.08726298 -1.0458094 -14.751381 
0.01616119 0.0 0.0 0.0 
-0.0064833085 -0.0013856969 -0.15222825 -1.2748306 
0.015088257 0.0 0.0 0.0 
-0.0018024353 -7.3841243e-06 0.019219078 -0.01149472 
0.00988942 0.013987519 0.15860617 0.5460682 
-0.0016466484 0.0 0.0 0.0 
0.0035366837 0.0 0.0 0.0 
0.01010304 -0.00739979 0.041157693 0.100113496 
0.016281977 0.0 0.0 0.0 
0.0025682857 0.0 0.0 0.0 
0.014666358 0.0 0.0 0.0 
-0.02114753 -0.0038463422 0.3698832 -0.099452674 
0.005009897 0.0 0.0 0.0 
0.014131199 -0.02352608 0.16405082 -0.030170828 
-0.015147876 0.0 0.0 0.0 
0.007818437 -0.00739979 0.03333926 0.100113496 
0.0073441966 0.0 0.0 0.0 
0.009677329 -0.02035911 -0.22281761 -0.99969953 
0.004577168 -0.011951658 -0.024565184 0.014435135 
0.012666723 -0.005377197 -0.26991978 -2.255606 
0.008913671 0.0 0.0 0.0 
0.013003228 0.006689478 0.0043042386 0.004568653 
-0.0016319674 -0.016475115 -0.047612276 -0.2342903 
0.017387327 0.0 0.0 0.0 
-0.0029119998 0.0 0.0 0.0 
0.025683247 0.0 0.0 0.0 
0.026453553 0.0 0.0 0.0 
-0.008658253 -0.002627791 -0.07899435 -1.2694578 
-0.0018456426 -0.01098031 -0.2135224 -1.6006444 
-0.018896021 0.0 0.0 0.0 
-0.0032954684 0.0 0.0 0.0 
-0.0074718366 -0.023288526 0.00062437076 -7.048505e-05 
-0.0033188958 0.0006631613 -0.33859688 -4.636215 
-0.0029054675 0.013987519 0.16151163 0.54606825 
0.011012762 0.0 0.0 0.0 
-0.014663518 0.0 0.0 0.0 
-0.029643953 0.016220324 0.03504966 0.00544779 
0.02237469 0.0 0.0 0.0 
-0.010069329 -0.0033533014 -0.43763542 -2.9442976 
-0.007821238 -0.021992885 -0.05830753 -0.9004322 
0.0061338074 0.0023202086 0.042626377 -1.47815 
0.0067304033 0.0 0.0 0.0 
0.017615695 0.090665415 1.2427387 4.6774144 
-0.016971378 0.0 0.0 0.0 
0.0041098967 0.0 0.0 0.0 
0.012572469 0.004652978 -0.05376422 -0.30910498 
0.0055113886 -0.018016737 0.41583085 -0.011489272 
0.009541709 -0.0038463422 0.3372144 -0.12936285 
0.00139328 0.0 0.0 0.0 
-0.011836698 0.0 0.0 0.0 
0.0065568476 -0.0033485796 -0.053892717 -0.07014686 
-0.014931943 -0.05308705 0.0028045103 -2.3987482 
-0.026264613 0.006689478 0.07668072 0.009881159 
-0.00070719415 0.0 0.0 0.0 
0.009810405 -0.0072970134 0.012236934 0.06862518 
-0.009343081 0.0 0.0 0.0 
0.016613558 -0.0038463422 0.32060087 -0.12936288 
-0.019416202 0.0 0.0 0.0 
-0.021699069 0.0 0.0 0.0 
0.008749475 0.0 0.0 0.0 
-0.029561143 -0.008672215 0.126742 -0.6244203 
0.008035976 -0.004745511 -0.029468725 0.014820728 
0.0075318157 0.0 0.0 0.0 
-0.0058651017 0.0 0.0 0.0 
0.018824771 -0.010645593 -0.047414444 0.44910324 
-0.0110147055 0.0 0.0 0.0 
-0.014246913 0.0032751197 -0.161904 -0.883928 
0.016840529 -0.020236166 -0.11076742 -0.16596654 
-0.002667606 -0.010118409 -0.03894129 0.08753926 
-0.0071616014 0.0 0.0 0.0 
-0.012678137 0.0 0.0 0.0 
0.013849741 -0.0072970134 0.011453297 0.5192501 
0.007620799 0.014566351 0.1001361 -0.13051575 
0.014327231 -0.01820156 0.067835376 -0.17444867 
0.013328333 0.0 0.0 0.0 
-0.0065083997 -0.023092464 0.08122668 -0.17117362 
0.005175347 0.0 0.0 0.0 
0.012879863 -0.0033485796 -0.10243788 -0.05325927 
0.0076117814 -0.033205763 0.0 0.0 
-0.009536247 0.0 0.0 0.0 
-0.01042593 0.0 0.0 0.0 
-0.00020904653 0.0 0.0 0.0 
0.009416416 0.0 0.0 0.0 
0.009463385 0.0 0.0 0.0 
-0.01311648 -0.0077450094 -0.10717018 -0.3557477 
0.012609801 -0.016475115 -0.055057544 -0.2501155 
-0.004618686 0.0 0.0 0.0 
0.017976072 -0.036240786 -0.25180867 -1.120196 
-0.017606677 0.0 0.0 0.0 
0.027366271 0.0 0.0 0.0 
-0.007235194 0.0 0.0 0.0 
-0.008813824 -0.009785637 -0.026106063 -0.24376722 
-0.021971438 -0.052528903 -0.44566852 -6.485468 
0.020609602 0.064120606 1.5204693 6.4840646 
0.0059513836 -0.0033485796 -0.091277435 -0.06389254 
-0.02491835 0.0 0.0 0.0 
-0.009492524 0.0 0.0 0.0 
-0.014684105 -0.0033485796 -0.076593295 -0.06389256 
0.014513671 0.0 0.0 0.0 
0.005872295 0.00678954 0.10741262 0.3446898 
-0.007730879 0.0 0.0 0.0 
-0.013857696 0.0 0.0 0.0 
0.003430622 0.0 0.0 0.0 
0.0046090283 -0.01311648 0.0 0.0 
0.0050613014 0.05881224 1.1465237 3.72431 
0.011205034 0.0 0.0 0.0 
0.00012689552 -0.013220079 0.05600857 -0.30126387 
0.012495795 0.011968443 0.19434649 0.21744162 
-0.0026820381 -0.0033485796 -0.07391128 -0.06389257 
0.003405451 -0.00739979 0.029933807 0.100113496 
0.01922019 -0.009005458 -0.037068974 -0.2978794 
-0.012058137 0.00018908738 -0.08961371 0.20430475 
0.0011282149 -0.0033485796 -0.07503952 -0.06389254 
0.0023980127 -0.022165235 -0.03208985 -0.69665134 
0.011313398 0.0 0.0 0.0 
0.024077997 0.19419152 1.0250111 4.970925 
0.0042846417 0.0 0.0 0.0 
0.004871869 0.0 0.0 0.0 
0.0007479909 -0.008672215 0.12599401 -0.6244202 
-0.012123513 0.0026507769 0.031038849 0.020611852 
0.0033659362 0.012141756 0.13246274 0.05294624 
-0.003960571 0.0 0.0 0.0 
0.0066816206 0.0 0.0 0.0 
-0.0037010966 0.0 0.0 0.0 
-0.019110272 0.04146802 -0.46945527 -5.0327997 
0.024281502 -0.0033485796 -0.08959551 -0.06389257 
-0.012481892 -0.016568659 -0.032701112 -0.42354846 
-0.009120344 -0.016475115 -0.037123386 -0.2501155 
-0.009050332 0.002446452 0.025272802 0.09795313 
-0.0006072788 0.008307364 0.36003247 0.083221614 
0.0062667616 -0.014865809 -0.043335736 -0.2978794 
-0.0009468868 0.03757105 0.38169134 0.21788013 
0.035114754 0.0 0.0 0.0 
-0.009111147 -0.035572525 -0.31212777 -3.3706393 
0.019426513 0.0 0.0 0.0 
-0.008920669 -0.028829401 -0.03885405 0.18932942 
-0.009076836 0.0 0.0 0.0 
0.016563848 0.018393846 -0.191398 -1.1725936 
-0.008672215 0.18450963 -0.49969983 -13.310345 
0.012138353 0.0 0.0 0.0 
-0.009576427 0.0 0.0 0.0 
0.00058223266 -0.016475115 -0.028594457 -0.21594313 
0.0050185802 -0.013118398 0.029042821 0.44526732 
0.01493995 0.0 0.0 0.0 
0.004840564 0.0 0.0 0.0 
0.0064403806 -0.00042010171 0.06928692 -0.61115956 
0.024255574 -0.0033485796 -0.08358579 -0.18509614 
0.017512556 0.0 0.0 0.0 
-0.004126183 0.0 0.0 0.0 
0.009154484 -0.021596141 -0.070861995 0.020191684 
-0.029699078 0.0 0.0 0.0 
-0.00054527604 0.0 0.0 0.0 
0.016336782 0.012141756 0.116125956 0.052946236 
0.023352193 -0.007074356 0.0 0.0 
0.020777116 -0.017078398 -0.020647563 -0.024362095 
-0.018739298 0.0 0.0 0.0 
-0.0029785333 0.0 0.0 0.0 
-0.010349456 -0.0072970134 0.024015494 0.5192501 
-0.008836758 0.023894623 0.06061765 1.1133225 
0.013512783 -0.041592315 0.035385966 0.0394646 
0.006591668 0.0 0.0 0.0 
-0.030077638 -0.016690286 0.14483428 0.441609 
0.003230776 0.011968443 0.17587447 0.13705531 
0.008220654 0.0 0.0 0.0 
-0.007955395 0.0 0.0 0.0 
-0.023249876 0.0 0.0 0.0 
-0.008120262 -0.0038463422 0.2805264 -0.18848349 
-0.022309508 0.0 0.0 0.0 
0.0066844313 0.0 0.0 0.0 
0.014495297 0.0 0.0 0.0 
0.007213245 0.0 0.0 0.0 
-0.0012582687 0.0121575305 0.15562035 0.116753966 
0.0069232 0.0 0.0 0.0 
0.0032824494 0.0056594145 0.043280303 0.029029813 
0.00896971 0.0 0.0 0.0 
0.009378225 -0.02901849 0.059305966 -0.006935691 
-0.008612077 -0.013085195 0.01257997 -0.08233273 
-0.019383194 0.0 0.0 0.0 
-0.0126507925 0.0 0.0 0.0 
-0.008789185 0.0 0.0 0.0 
-0.015538036 0.0 0.0 0.0 
0.016120194 0.0 0.0 0.0 
-0.01601177 0.0 0.0 0.0 
-0.0013211104 0.0 0.0 0.0 
0.0018007474 0.0128475735 0.0 0.0 
-0.011951658 -0.028334152 -0.016658038 -4.7902718 
0.010229082 0.033784185 -0.029307544 -0.2939008 
-0.012778701 0.0 0.0 0.0 
-0.012859991 0.0 0.0 0.0 
-0.010118409 -0.041608896 0.08753927 -0.6062985 
0.004819561 0.0 0.0 0.0 
-0.0070483424 0.0 0.0 0.0 
0.009795422 0.0 0.0 0.0 
-0.005555751 -0.0033485796 -0.06607841 -0.20621687 
0.006982604 -0.0038463422 0.28549546 -0.18848352 
0.018805431 -0.013912043 -0.056643594 -0.21158446 
0.0156132635 0.011968443 0.16151948 0.13705528 
0.002529606 0.0030936087 -0.22332053 -1.244062 
0.021714931 0.011968443 0.13980454 0.13705525 
-0.0206644 -0.009556506 -0.009323499 0.40114123 
-0.009105777 -0.0033485796 -0.05950222 -0.20621696 
-0.0017853831 0.0 0.0 0.0 
-0.002955964 0.0 0.0 0.0 
-0.0039538196 0.0 0.0 0.0 
0.004535926 0.0 0.0 0.0 
0.013215394 0.0 0.0 0.0 
-0.03253999 0.0 0.0 0.0 
-0.0061499644 0.045583636 -0.4800145 -12.173406 
0.028560564 0.0 0.0 0.0 
-0.01443073 0.024077997 0.09829834 0.9494638 
-0.013544061 0.0 0.0 0.0 
0.017035054 -0.0033485796 -0.070387326 -0.25802964 
0.012930489 0.0 0.0 0.0 
-0.0053282958 0.0 0.0 0.0 
0.003309689 0.0045182006 -0.18738243 -1.5200437 
-0.030612616 0.0 0.0 0.0 
0.00775495 0.0 0.0 0.0 
-0.0045882994 -0.017394762 0.056511264 -2.4138048 
0.003715591 0.0 0.0 0.0 
-0.009599314 -0.03678213 -0.10538797 -0.53208655 
-0.02584375 0.00024977 0.0076117814 -0.02584375 
-0.025682716 0.0 0.0 0.0 
0.017717764 0.0038452027 -0.16958857 -1.7048974 
-0.013622703 0.0 0.0 0.0 
0.029727899 0.0 0.0 0.0 
-0.010284678 0.0 0.0 0.0 
-0.02651098 -0.0033485796 -0.0519948 -0.22117999 
0.0066759 0.0 0.0 0.0 
0.0069202674 0.0 0.0 0.0 
0.011934951 0.03930814 -0.14789233 -6.1075015 
-0.013762686 0.0 0.0 0.0 
-0.0072113276 0.0 0.0 0.0 
-0.024191733 0.0 0.0 0.0 
0.0126622 0.0 0.0 0.0 
-0.0074491045 0.0 0.0 0.0 
-0.015706996 0.0003648991 -0.008375987 0.011479393 
-0.010155905 0.0 0.0 0.0 
0.021895608 0.0 0.0 0.0 
0.0057332367 -0.0061375946 -0.8174678 -16.297617 
-0.007847423 -0.0069261715 -0.2282281 -1.8494762 
0.008723062 0.0 0.0 0.0 
0.011751692 0.020459365 0.2498802 0.28349465 
0.0048362305 0.0 0.0 0.0 
-0.0069154617 0.0 0.0 0.0 
0.0034153576 0.0 0.0 0.0 
0.0012881889 0.0 0.0 0.0 
-0.0009217435 -0.0033485796 -0.060893796 -0.22819838 
-0.013509494 0.009870055 -0.015656326 -0.0033485796 
0.004201158 -0.0072970134 0.0715631 0.5125529 
-0.010654271 -0.0010480415 -0.41813564 -2.31122 
0.0039449376 0.011756535 -0.0039824722 -0.7540532 
0.00392479 0.0 0.0 0.0 
0.0016922562 -0.004812124 -0.010297984 -1.376735 
-0.0018612599 0.0 0.0 0.0 
0.02381547 0.037377864 0.60467386 5.166776 
0.001432555 0.002485103 -0.034204543 0.029709518 
0.023845384 -0.0038463422 0.21414794 -0.15488422 
-0.015710287 -0.008672215 0.14867881 -0.55877084 
0.016438311 0.014566351 0.015194714 -0.047497794 
-0.013803805 -0.0033485796 -0.038127974 -0.24185257 
-0.040115267 0.0 0.0 0.0 
0.008839197 0.0 0.0 0.0 
0.008043608 0.0 0.0 0.0 
0.0033355774 -0.0033485796 -0.04146357 -0.24185258 
0.00020561779 0.038324133 0.58519936 0.8819024 
0.011590006 0.006689478 0.04036565 0.013983371 
0.0022522996 0.0 0.0 0.0 
-0.011016139 -0.009005458 -0.02938062 -0.2511338 
-0.023356136 0.0 0.0 0.0 
0.014579818 0.0 0.0 0.0 
0.03450682 0.0 0.0 0.0 
0.0014120494 0.0 0.0 0.0 
-0.0069186953 -0.03986697 -0.0025418866 -0.914847 
0.0012589485 -0.028390856 -0.010965034 0.09626912 
-0.005012571 0.024077997 0.08061771 0.8637805 
0.0032632274 -0.00739979 0.026464958 0.072989754 
-0.028402911 0.0 0.0 0.0 
0.013987519 0.18484558 0.50728434 3.2514305 
0.01240099 0.0 0.0 0.0 
-0.002366604 -0.012722336 -0.009247141 -0.017152064 
0.0071175834 0.0059589446 0.2677561 -0.39230835 
0.014219111 -0.032036737 -0.00720118 -0.38468987 
-0.014969991 -0.012845313 0.0 0.0 
-0.0016393638 0.0 0.0 0.0 
0.007985013 0.04803072 0.11720327 1.1224802 
-0.006751899 0.012547808 -0.40028024 -4.3559656 
0.015767088 -0.008722549 -0.03991167 -2.1063044 
0.018318577 0.0 0.0 0.0 
-0.009971896 0.0 0.0 0.0 
0.009886007 -0.016475115 -0.033559438 -0.20941661 
-0.003082417 0.0 0.0 0.0 
-0.01629134 0.0 0.0 0.0 
0.0041586114 0.0 0.0 0.0 
0.00090327096 -0.004745511 -0.0044436487 0.002356119 
-0.025390666 0.0 0.0 0.0 
0.008767014 -0.013118398 0.020275809 0.44526732 
-0.0054107863 -0.013220079 -0.0010823756 -0.35876185 
-0.003177349 0.011968443 0.096988276 0.03763111 
-0.002925265 0.0076114796 -0.04282673 -0.520321 
0.0035783104 0.0 0.0 0.0 
0.008863847 0.0 0.0 0.0 
-0.014800922 0.0 0.0 0.0 
-0.017702855 0.0 0.0 0.0 
0.00809991 0.0 0.0 0.0 
0.0024262273 0.00017581173 0.011968443 0.019812267 
-0.005666265 0.0 0.0 0.0 
0.015871802 -0.023288526 -0.01545305 -0.00739979 
-0.018363314 0.0 0.0 0.0 
-0.010282076 0.035271645 0.0 0.0 
-0.0028998146 0.0 0.0 0.0 
0.0043134447 -0.0033485796 -0.046142705 -0.26814795 
-0.0059862635 0.0 0.0 0.0 
0.021572113 -0.0033485796 -0.0677148 -0.26814792 
0.0028146617 0.0 0.0 0.0 
-0.0025083097 0.0 0.0 0.0 
-0.019084523 -0.016475115 -0.014474925 -0.2094166 
0.00284956 0.024216782 -0.047879398 0.81612355 
-0.011543653 -0.01154601 0.0030056685 -4.7789173 
-0.003172528 -0.0033485796 -0.06454228 -0.26814792 
0.0126077 -0.016475115 -0.027082626 -0.20941658 
-0.008160228 0.08841894 0.033696175 -5.387491 
-0.013583698 0.0 0.0 0.0 
0.010064364 0.0 0.0 0.0 
-0.0021895906 0.011968443 0.10448855 0.014208414 
-0.0023977766 -0.0033485796 -0.05398425 -0.33822444 
-0.0144312745 0.0 0.0 0.0 
0.00420994 -0.0033485796 -0.05819422 -0.3382244 
-0.0034095086 0.0 0.0 0.0 
-0.014382585 0.011968443 0.11887112 0.014208391 
-0.003980173 0.0 0.0 0.0 
0.011628929 0.0 0.0 0.0 
0.0064544715 -0.016475115 -0.033537086 -0.20941658 
-0.002306776 -0.008672215 0.022187024 -0.33816642 
0.0088969255 0.013987519 0.041123804 0.3158704 
-0.015720682 -0.00739979 0.04218564 0.07298975 
-0.01759401 -0.02901849 0.07564102 0.0 
0.009698847 0.0 0.0 0.0 
-0.016930077 -0.0033485796 -0.041264135 -0.33822447 
0.02341079 -0.008672215 0.01066944 -0.3534528 
-0.009045637 0.0035387059 0.0 0.0 
0.008232408 0.016664894 -0.07844363 -0.6560849 
0.009704486 -0.008672215 0.014016721 -0.34435377 
0.0102526685 -0.013220079 -0.0113350395 -0.35876185 
0.017935703 0.0 0.0 0.0 
0.0020311892 0.0 0.0 0.0 
0.019444965 0.0 0.0 0.0 
-0.0056260163 0.00018908738 -0.11342266 0.69605005 
-0.006978696 0.011968443 0.12584981 0.014208414 
-0.0066013737 0.0 0.0 0.0 
-0.007767179 -0.0033485796 -0.041729335 -0.33839327 
-0.013362774 -0.016475115 -0.020174313 -0.20941661 
0.011307695 -0.014292389 -0.08086168 -0.32744947 
-0.0055136834 0.0 0.0 0.0 
0.010253108 0.013987519 0.01152109 0.055241406 
0.006474141 0.0 0.0 0.0 
-0.00080273626 0.0 0.0 0.0 
0.013667485 -0.05308705 -0.043890923 -1.5600619 
-0.0140049625 -0.0038463422 0.21520804 -0.21199615 
-0.015697852 0.02381547 -0.028669879 -0.20040248 
0.013430113 0.003786726 0.029850192 0.030902497 
0.008273314 0.0 0.0 0.0 
0.023718972 0.030799676 0.20386131 0.025162108 
0.005297767 0.0 0.0 0.0 
-0.002195522 0.0 0.0 0.0 
-0.002962922 -0.0192549 -0.042744026 -0.077617824 
-0.013118398 0.03425049 0.31789526 0.12659794 
-0.008825586 0.0 0.0 0.0 
0.00678954 0.06495978 0.21935096 3.474485 
0.023001775 0.00018908738 -0.13546072 0.51087314 
-0.0062417416 0.002485103 -0.038987387 -0.06887075 
-0.013636351 0.0 0.0 0.0 
-0.012053257 -0.030077638 0.013987519 0.14483428 
0.0021466915 0.03766795 0.41085565 0.9364381 
0.018393846 -0.21927646 -1.5125432 -19.722624 
0.01483157 0.0 0.0 0.0 
0.023513984 0.0 0.0 0.0 
0.013269705 0.0 0.0 0.0 
-0.04128001 0.0 0.0 0.0 
0.0063761235 0.008804775 -0.010785295 0.0 
-0.005565387 0.0 0.0 0.0 
-0.020102952 0.0 0.0 0.0 
-0.0030048909 -0.016475115 -0.03556328 -0.16800795 
-0.005292644 0.0 0.0 0.0 
-0.0020252878 0.0 0.0 0.0 
0.011756535 -0.043923173 -0.6916654 -5.2801285 
0.0021629327 0.0121575305 0.04458792 0.06695488 
-0.0061759707 0.0 0.0 0.0 
0.010684867 0.0 0.0 0.0 
-0.004128093 -0.0033485796 -0.07905937 -0.18524358 
-0.02345591 0.0 0.0 0.0 
-0.012857626 0.0 0.0 0.0 
0.017703015 0.06642539 0.20366646 0.24220492 
-0.0014031619 -0.048134826 -0.044436127 -1.5450776 
0.0128973005 -0.0033485796 -0.091956645 -0.1852436 
0.005568838 0.0 0.0 0.0 
-0.0094966255 -0.0010916535 0.04298956 0.09448612 
0.011737091 0.0033207722 -0.058260303 0.11208765 
-0.005406294 0.014566351 0.0066134916 -0.13151169 
0.014484504 -0.016675236 -0.20636666 -0.45915413 
0.028382514 0.0 0.0 0.0 
-0.016036931 0.0 0.0 0.0 
0.010368872 0.0 0.0 0.0 
-0.009951361 0.0 0.0 0.0 
0.004243347 -0.0038463422 0.16729346 -0.24722767 
0.0011598456 0.0 0.0 0.0 
-0.0010901417 0.0 0.0 0.0 
0.0059810337 0.023149947 -0.12867835 -0.28784934 
0.010442088 0.008804775 -0.021227382 0.0 
0.019236052 -0.010448627 -0.07299658 0.12750554 
0.0121537065 0.080088004 0.26892674 1.0571437 
0.0022746644 0.012141756 0.068508714 -0.042212456 
0.017994016 0.036235526 -0.03979207 0.8832865 
0.024122858 0.011968443 0.047639035 -0.12304546 
-0.0059511233 0.0 0.0 0.0 
-0.0055938186 -0.02901849 0.08123484 0.0 
0.034135245 0.0 0.0 0.0 
-0.003153125 0.0 0.0 0.0 
-0.027073735 -0.0038463422 0.1943672 -0.24722764 
0.010032322 0.0 0.0 0.0 
0.010807026 0.002362172 -0.10905133 -1.0691091 
-0.018542316 0.0 0.0 0.0 
-0.011571721 0.0 0.0 0.0 
0.0054596416 0.007227495 0.02148727 -0.36502695 
-0.004756289 -0.016475115 -0.030806977 -0.16800797 
-0.00035767528 -0.013220079 -0.054795235 -0.21903656 
-0.009469174 0.00858376 -0.011747761 0.0 
-0.010330101 0.0 0.0 0.0 
6.8364745e-05 0.0 0.0 0.0 
0.00070906885 0.0 0.0 0.0 
0.0066089616 0.0 0.0 0.0 
0.010551728 -0.0023686672 0.011161335 0.8151728 
0.0035343773 0.0 0.0 0.0 
-0.020535065 0.0 0.0 0.0 
0.00049168995 0.0 0.0 0.0 
-0.021465957 -0.0033485796 -0.10176325 -0.19921371 
-0.008123863 -0.004745511 0.0036802138 0.002356119 
0.024360009 -0.008672215 0.10880897 -0.49944067 
-0.023843614 -0.015338839 0.0 0.0 
-0.008002289 0.0 0.0 0.0 
-0.0027030404 0.0 0.0 0.0 
-0.013070325 0.0 0.0 0.0 
-0.0065389117 -0.02901849 0.087773755 0.0 
0.011332858 -0.012722336 -0.02058 -0.017152056 
-0.011911827 0.0 0.0 0.0 
-0.022887036 0.0 0.0 0.0 
0.0090378905 0.0169303 -0.12803744 -0.01687257 
-0.013521166 0.0 0.0 0.0 
0.022518223 0.00018908738 -0.027765706 1.4214132 
0.0026523008 0.0 0.0 0.0 
-0.011938587 0.02381547 -0.027286943 -0.12942053 
0.008804775 -0.00440917 0.0 0.0 
-0.009558986 0.005612666 -0.41816816 -2.666597 
-0.015536506 -0.03145808 -0.024017023 -0.473642 
-0.011064857 0.00049180724 -0.079504535 0.06745095 
0.0075786333 -0.0038463422 0.18678856 -0.24722764 
0.008567098 -0.008672215 0.043434512 -0.43940017 
0.01599551 0.0 0.0 0.0 
-0.0057712495 0.0 0.0 0.0 
-0.011078495 -0.0033485796 -0.08112579 -0.19921374 
-0.018302523 0.0 0.0 0.0 
-1.9482117e-05 0.008804775 0.0 0.0 
0.016687237 0.0 0.0 0.0 
-0.009626641 -0.015344339 0.050812572 0.069461346 
0.007103597 0.0 0.0 0.0 
0.02290023 0.0 0.0 0.0 
-0.0065531405 -0.0038463422 0.1933417 -0.24722764 
-0.026757846 0.011968443 0.07439688 -0.1230455 
-0.0019554205 0.0 0.0 0.0 
-7.3841243e-06 0.017235503 -0.011494719 0.028058743 
0.032153886 -0.0036729563 0.075012386 0.47440112 
0.017605567 -0.013220079 -0.056343194 -0.20044352 
0.0022135426 0.0 0.0 0.0 
0.010549637 -0.004734277 -0.2186381 -1.341628 
0.015886392 -0.02901849 0.07188737 0.0 
0.01642792 0.004568653 0.071572974 -0.070908524 
-0.009929924 0.011968443 0.067898884 -0.11564571 
-0.0023161357 0.032153886 0.0 0.0 
0.013121501 0.009313966 0.008624333 -0.011881676 
-0.0013833068 0.0 0.0 0.0 
-0.024382612 -0.0033485796 -0.067292795 -0.19921371 
-0.006364996 0.018393846 -0.019613624 -0.0119599085 
0.014361957 0.0 0.0 0.0 
0.0013829967 0.0 0.0 0.0 
0.0037293716 0.013512783 0.0 0.0 
0.016920093 0.019349609 0.19547752 -0.15483344 
-0.009589287 0.0 0.0 0.0 
0.012630476 -0.00739979 0.00097353756 0.044737175 
0.00060492166 -0.012845313 -0.014969991 0.0 
-0.0028377827 0.0 0.0 0.0 
-0.009503207 -0.02192881 -0.15631433 -4.0087676 
0.0113039445 0.006689478 0.0070649413 0.013748077 
0.020525066 0.00018908738 -0.062278293 1.261883 
-0.013751459 0.0 0.0 0.0 
-0.0015489025 0.002485103 -0.027935283 -0.06887077 
-0.0038759473 0.0 0.0 0.0 
0.0059979856 -0.007770803 0.18098801 -0.4137696 
0.00208105 0.0 0.0 0.0 
-0.013102517 -0.0033485796 -0.044687085 -0.18541768 
0.021250077 -0.008672215 0.019880246 -0.33816642 
0.014574727 0.0 0.0 0.0 
0.019983474 -0.019823695 -0.115460984 -0.350077 
0.01668492 0.0 0.0 0.0 
0.00092441624 -0.0033485796 -0.065594964 -0.18541768 
0.006522918 0.0 0.0 0.0 
-0.016729034 -0.013220079 -0.030110952 -0.21437044 
0.00046721278 0.0 0.0 0.0 
-0.013789345 0.0 0.0 0.0 
0.021221027 0.0 0.0 0.0 
-0.0056621344 0.010616019 0.0 0.0 
0.0096122855 0.0 0.0 0.0 
-0.008662764 0.0 0.0 0.0 
-0.0017750437 0.0 0.0 0.0 
0.0010088525 -0.019381087 -0.7365774 -9.768386 
0.0071945046 0.0 0.0 0.0 
-0.010161909 0.0 0.0 0.0 
-0.0022748192 0.0 0.0 0.0 
-0.010301211 0.0 0.0 0.0 
0.0072807684 0.00922389 -0.0738846 -0.14373296 
-0.0053659533 -0.020032078 -0.14237297 -0.35989565 
0.012543525 0.03872817 -0.3852892 -3.584262 
0.0021188916 0.0 0.0 0.0 
-0.0014102478 -0.0033485796 -0.08501786 -0.14373301 
-0.0038534682 0.0 0.0 0.0 
0.0075633237 -0.038734615 0.05803878 0.029028527 
-0.008782674 0.0 0.0 0.0 
0.01635642 0.011968443 0.061045676 -0.09850113 
-0.009189457 -0.012722336 -0.011390543 -0.017152054 
0.011968443 0.3231519 0.35292366 5.383252 
0.0066241445 0.0 0.0 0.0 
-0.008848673 -0.004745511 -0.0035403776 0.002356119 
0.015559369 0.0 0.0 0.0 
0.015974827 -0.0038463422 0.15198354 -0.29939157 
-0.011825602 -0.012845313 0.01975463 0.5590849 
0.00031593002 0.0 0.0 0.0 
-0.0049326234 -0.0033485796 -0.08008525 -0.14373296 
-0.022143349 0.002485103 -0.017760374 -0.09809078 
-0.00046482234 0.0 0.0 0.0 
-0.019590255 0.0 0.0 0.0 
0.006196732 0.0 0.0 0.0 
0.017124807 -0.005646895 0.03430338 0.03138148 
-0.0003148631 -0.0109438095 -0.027509764 0.0 
-0.0023660355 -0.022289596 0.005173616 0.17985201 
-0.0070700734 0.0 0.0 0.0 
-0.002021431 -0.0033485796 -0.078063816 -0.14373296 
-0.007977368 0.0 0.0 0.0 
0.002866962 -0.00016938802 -0.44713852 -2.8046346 
-0.007473047 -0.0033485796 -0.073457725 -0.17750245 
-0.0075192084 -0.016475115 -0.04327125 -0.16465938 
-0.009288636 0.0 0.0 0.0 
-0.01113721 -0.016475115 -0.03213405 -0.16465937 
0.0029311785 0.00018908738 -0.1631011 0.14755669 
-0.014072105 0.0 0.0 0.0 
-0.026276326 0.0 0.0 0.0 
0.02601463 -0.0038463422 0.12596893 -0.29939157 
-0.017468398 -0.0033485796 -0.055989332 -0.17750242 
-0.0053701093 -0.0038463422 0.13133904 -0.29939154 
-0.010035278 -0.03417612 0.0 0.0 
-0.013237483 -0.0242467 -0.099285066 -0.39453724 
0.026007965 0.009001659 0.09569191 1.8847635 
0.0077984193 -0.0033485796 -0.06378774 -0.1775024 
-0.013835466 -0.015994802 -0.056966532 -0.590117 
0.007135806 0.020275807 0.1408804 -0.25539988 
-0.021040427 0.0 0.0 0.0 
-0.004814589 0.029582947 -0.64944565 -4.9654794 
-0.011747761 0.00858376 0.0 0.0 
0.0061132493 -0.0033485796 -0.06990099 -0.17750244 
0.0044445745 0.011968443 0.011012025 -0.257399 
0.008653339 0.0 0.0 0.0 
0.015361235 -0.004734277 -0.22664738 -1.3236248 
0.01109508 0.0 0.0 0.0 
0.0071124677 0.0071175834 -0.000710045 0.26534742 
-0.0008601099 0.0 0.0 0.0 
-0.0051237363 0.014566351 -0.00023121573 -0.14587538 
0.010011379 0.0 0.0 0.0 
-0.0073194304 0.002485103 -0.010440946 -0.098090805 
-0.021670235 -0.010448627 -0.051326346 0.12750551 
0.0027705003 0.0 0.0 0.0 
-0.002985543 0.0045327675 -0.09278898 -0.47339934 
0.00071355235 0.0 0.0 0.0 
0.0043042386 0.011258131 -0.008813126 -0.12706523 
0.00053403026 -0.012354038 -0.1252541 -0.34927878 
0.0074401414 0.0 0.0 0.0 
0.022001704 0.0 0.0 0.0 
-0.01571277 -0.0033485796 -0.06709795 -0.19721815 
-0.0062714946 0.012141756 0.07478021 -0.042212456 
0.01674977 0.0 0.0 0.0 
0.0233263 0.0 0.0 0.0 
0.0025628703 0.0 0.0 0.0 
0.0105335675 0.0 0.0 0.0 
0.002657279 0.0 0.0 0.0 
0.012399693 0.0 0.0 0.0 
0.025167715 -0.0033485796 -0.092265666 -0.19721818 
-0.007930983 -0.019471698 -0.0418824 -0.018111363 
0.0006981331 -0.0038463422 0.097497135 -0.29939157 
0.011962541 0.0 0.0 0.0 
-0.0005248755 0.002485103 -0.009916067 -0.098090805 
0.021806974 -0.0072970134 -0.0068269307 0.072471514 
0.018072635 0.0 0.0 0.0 
0.008277298 0.0 0.0 0.0 
0.008092929 0.04406772 0.06690979 0.3766687 
-0.014971908 0.01776585 -0.030268058 -0.631537 
0.01613229 -0.05457985 -0.048389945 -1.2328779 
-0.007397109 0.0 0.0 0.0 
-0.015822453 0.0 0.0 0.0 
0.018788924 -0.0013856969 -0.16017406 -1.147508 
-0.004607271 -0.016475115 -0.027526762 -0.16465938 
-0.022463826 0.011968443 -0.015111329 -0.24239607 
0.01583746 0.0 0.0 0.0 
-0.0011686811 0.0 0.0 0.0 
0.013776735 0.011968443 -0.02645212 -0.02503227 
0.010861713 0.0 0.0 0.0 
-0.016544346 0.0 0.0 0.0 
-0.0025620223 -0.037435353 -0.03270673 -0.63948905 
-0.010237318 0.0 0.0 0.0 
0.0030049316 -0.0072970134 0.075764254 0.5125529 
0.0024247286 -0.0033485796 -0.0946904 -0.19721815 
0.002248755 0.011968443 0.009995193 -0.03763239 
-0.0013856969 -0.101982035 -1.4654741 -10.8345375 
-0.012798937 0.0 0.0 0.0 
-0.0070927497 -0.0072970134 0.014069913 0.068625174 
-0.022634963 0.0 0.0 0.0 
-0.005980307 0.0 0.0 0.0 
-0.01567387 -0.004745511 -0.041741103 0.0008332087 
0.0034303572 0.0 0.0 0.0 
0.022647375 0.0 0.0 0.0 
0.001861934 0.014545921 0.016787086 0.004125327 
0.005579679 0.0121575305 -0.14688097 0.11640456 
-0.00017829816 0.0 0.0 0.0 
-0.018238 0.018984424 -0.23684768 -2.745003 
0.0083168205 0.014566351 -0.008548036 -0.1458754 
-0.015373806 0.0 0.0 0.0 
-0.014915905 -0.012859236 0.040940464 -0.0040237308 
0.008815741 0.0 0.0 0.0 
-0.02901849 0.087254256 -0.02387809 -0.15131706 
-0.008151151 0.011968443 -0.014376509 -0.014125016 
-0.0021782068 0.0 0.0 0.0 
0.014566351 0.1077564 -0.21181394 0.91547763 
0.0029922663 -0.07415086 -0.7623694 -7.7534485 
0.015123322 -0.0038463422 0.06780746 -0.29663634 
-0.010259277 -0.011026621 -0.07076663 -0.10827206 
0.01761574 0.0 0.0 0.0 
-0.0088940365 0.0 0.0 0.0 
-0.01634363 0.0 0.0 0.0 
0.006808294 -0.0072970134 0.064754814 0.512553 
0.007060635 -0.0033485796 -0.08511959 -0.056206465 
0.0046267295 0.0 0.0 0.0 
0.002485103 0.065174505 0.08444372 3.6403892 
0.018337753 0.0 0.0 0.0 
0.0064345337 0.0 0.0 0.0 
-0.0029287457 -0.019823695 -0.10540317 -0.1483735 
-0.0011452143 -0.03948508 -0.14170396 -2.5500221 
0.003506744 0.0 0.0 0.0 
-0.021208813 -0.0038463422 0.08653117 -0.2909162 
0.030262852 -0.008672215 0.055428743 -0.48622066 
0.00037864517 0.0 0.0 0.0 
0.012227202 -0.024742972 -0.047297318 -0.22325501 
-0.025553718 -0.0033485796 -0.055491917 -0.05089289 
-0.0031779655 0.006689478 0.017307468 0.004568653 
0.029668918 -0.010975073 0.0 0.0 
0.010328995 0.002485103 -0.004625231 0.027319139 
0.011382605 -0.014604213 -0.1735886 -0.3524511 
0.010224445 -0.020032078 -0.14550282 -0.09482047 
0.0071322457 0.0 0.0 0.0 
0.0031054714 0.035555273 0.07067879 0.29773408 
-0.018461792 0.0 0.0 0.0 
-0.011462928 0.011968443 0.021138925 -0.18869546 
-0.0049478593 0.015403785 -0.17150995 -0.62441623 
0.017131902 0.008295413 0.12704758 -0.3452704 
-0.010947729 0.0 0.0 0.0 
0.00046943213 -0.0038463422 0.068929836 -0.30305794 
-0.009049704 0.0 0.0 0.0 
0.008157236 -0.016475115 -0.04359676 -0.092167065 
-0.01526796 0.0 0.0 0.0 
0.004793442 -0.012845313 0.0070621963 0.2743771 
-0.009431987 0.0 0.0 0.0 
0.0066167265 -0.0033485796 -0.057160795 -0.059517182 
0.005409929 -0.0033485796 -0.0625707 -0.05951719 
0.00928893 0.0 0.0 0.0 
0.012744395 -0.004745511 -0.049214702 0.0008332087 
-0.0088184895 -0.06553217 -0.5560328 -3.8990307 
0.0021100368 0.0 0.0 0.0 
-0.018918224 0.0 0.0 0.0 
-0.00927306 0.0 0.0 0.0 
-0.012722336 0.0025689667 -0.09807111 1.7497926 
0.0071214275 0.0 0.0 0.0 
-0.0019832524 0.0 0.0 0.0 
0.0057527274 -0.008672215 0.13296852 -0.55877084 
0.010461493 0.0 0.0 0.0 
0.0024377285 0.0 0.0 0.0 
-0.01322653 0.011968443 0.015897676 -0.037632387 
-0.0025535703 -0.0072970134 0.07967261 0.5108568 
0.022481972 0.0 0.0 0.0 
-0.02210794 0.0121575305 -0.13349381 -0.14285435 
0.0030844244 0.0 0.0 0.0 
0.0017687704 -0.0052667353 0.042220928 1.886961 
-0.011002474 0.0 0.0 0.0 
-0.018019091 0.0 0.0 0.0 
-0.012659909 -0.0263475 -0.046040095 -0.06754445 
0.013164576 0.0 0.0 0.0 
-0.021922406 0.0 0.0 0.0 
0.0038448586 0.0 0.0 0.0 
-0.016752543 -0.0033485796 -0.036999673 -0.012308404 
0.005304408 0.006689478 0.022883326 0.00023529399 
-0.000650735 0.0 0.0 0.0 
-0.003088178 0.0 0.0 0.0 
0.0077096694 -0.007986789 0.0 0.0 
-0.0057539805 0.0 0.0 0.0 
-0.008531154 -0.014265156 -0.10217653 0.030470952 
0.018815579 -0.0038463422 0.058932748 -0.2670498 
0.00062589865 -0.030688316 -0.019438282 0.044737175 
0.0049129766 -0.009923309 -0.0018638372 -0.26666933 
-0.0050549936 0.0 0.0 0.0 
0.01939343 0.0 0.0 0.0 
-0.0040046754 -0.0033485796 -0.024463847 -0.012308374 
-0.01570582 -0.0033485796 -0.008758023 -0.012308389 
-0.023872264 0.0 0.0 0.0 
-0.0064283586 0.0 0.0 0.0 
-0.013294029 0.02381547 -0.024398189 -0.15905502 
-0.012236443 -0.016475115 -0.018700406 -0.09216708 
0.0011286731 0.0 0.0 0.0 
-0.029994586 0.008974698 -0.9033215 -14.74694 
-0.002886622 -0.0038463422 0.061819375 -0.2670498 
0.02326087 0.0 0.0 0.0 
-0.00046646674 0.0 0.0 0.0 
0.011533267 0.0 0.0 0.0 
0.010232637 -0.016475115 0.001061542 -0.109570935 
0.0034863732 0.0 0.0 0.0 
0.014242519 0.0 0.0 0.0 
0.012141756 0.13119075 0.049099896 0.7581266 
-0.005422371 0.0 0.0 0.0 
-0.006754313 0.0 0.0 0.0 
-0.019159097 0.0037748292 0.21308537 -2.1782665 
0.014904835 0.0 0.0 0.0 
-0.008818123 0.0 0.0 0.0 
-0.010665539 -0.0033485796 0.031902097 -0.019557618 
-0.005572458 0.011968443 0.050216526 -0.09850111 
-0.016344117 0.00018908738 0.061995223 1.8136548 
0.00048357146 0.0 0.0 0.0 
0.0050368216 -0.0033485796 0.026865274 -0.01955755 
0.00060909055 0.0 0.0 0.0 
0.001352145 0.0 0.0 0.0 
-0.031256378 0.0 0.0 0.0 
0.014088131 -0.0072970134 0.022047337 0.06862517 
-0.025940385 0.0 0.0 0.0 
0.014932921 0.010792468 0.045638748 -0.33976358 
0.0031658346 0.010720009 0.04372061 -0.2670498 
-0.023424333 0.0 0.0 0.0 
-0.00961658 0.0 0.0 0.0 
-0.0043600863 -0.012851801 0.04665587 -0.20713744 
-0.010403856 -0.017224226 0.052615806 -0.23219642 
-0.002226054 0.0 0.0 0.0 
-0.010626323 0.0 0.0 0.0 
0.0005397013 -0.011616437 0.06943645 -0.48509106 
-0.015777474 0.0 0.0 0.0 
0.02412375 0.011968443 0.0053327344 -0.2695408 
0.012223483 -0.016860958 -0.09064289 -0.010060787 
0.0077583096 0.0048613497 0.0063954354 0.118782416 
0.027858451 -0.0033485796 0.008870982 -0.019557618 
0.018858394 -0.008672215 0.13316898 -0.4994406 
0.00061006495 -0.013220079 0.0040911213 -0.03780324 
0.039151385 0.0 0.0 0.0 
-0.009096939 0.0 0.0 0.0 
0.00041899865 0.0 0.0 0.0 
-0.0036010307 0.016840529 0.0 0.0 
0.0016329321 -0.009599314 -0.037096802 -0.0033485796 
-0.004866599 -0.0033485796 0.013737589 -0.01955755 
-0.006110386 -0.016045298 0.0 0.0 
0.008369921 -0.012859236 0.03078937 0.09904904 
0.0017983472 -0.0033485796 0.011939222 -0.019557595 
-0.016569942 0.0 0.0 0.0 
-0.014019442 -0.0033485796 0.025958672 -0.019557573 
-0.022647632 0.0 0.0 0.0 
-0.010115495 0.023401568 -0.016488595 0.0668932 
0.0012502962 -0.022035874 0.00309862 -0.07035282 
-0.011905137 -0.008155395 -0.0048123226 0.016926087 
-0.002527545 0.0 0.0 0.0 
-0.010448627 -0.06265791 0.20651093 -1.2768545 
0.0052597704 -0.0072970134 0.0069771633 0.06862518 
0.016836187 -0.008672215 -0.023472616 -0.026975416 
0.002674749 0.0 0.0 0.0 
-0.009136927 -0.03986697 0.00082697347 -0.59692353 
-0.021740003 -0.000477819 -0.0062619764 -0.089537404 
-0.011078881 0.0 0.0 0.0 
-0.004497127 0.0 0.0 0.0 
-0.0110089155 0.0 0.0 0.0 
0.0014051974 0.0 0.0 0.0 
-0.009005458 0.0038405433 -0.39128742 -7.0804415 
0.0040947045 0.01865792 0.10715694 -0.08451775 
-0.025301546 0.0 0.0 0.0 
0.020029834 0.0121537065 0.055404905 0.08255118 
0.023236165 -0.02901849 0.016893696 0.0 
0.003402746 0.0 0.0 0.0 
0.0065591373 0.0 0.0 0.0 
-0.014550854 -0.0072970134 0.025388254 0.06862517 
-0.0083130635 0.002384657 0.05485017 -0.09348798 
-0.015002187 0.0 0.0 0.0 
-0.0068002157 0.011968443 0.012132956 -0.26954076 
-0.0017180211 0.0 0.0 0.0 
-0.0041877194 -0.04555119 -0.0065932497 0.15557188 
0.014172297 -0.019823695 0.026442766 -0.11743092 
0.009941321 0.0 0.0 0.0 
0.0065944795 -0.016475115 -0.019705236 -0.10957092 
-0.0049069356 0.013832839 -0.049693845 -0.25635096 
-0.019914337 0.0 0.0 0.0 
0.0010766 0.0 0.0 0.0 
-0.010264022 0.002485103 0.0006682691 0.027319139 
0.010595132 0.0 0.0 0.0 
0.022063661 0.0 0.0 0.0 
0.024633724 0.0 0.0 0.0 
-0.016189866 0.0 0.0 0.0 
-0.032427028 0.017954683 -0.064058766 -3.123426 
-0.016361322 0.00678954 0.046821795 0.20637046 
0.019381968 -0.04565321 0.015265368 -1.2713231 
0.007387617 0.0 0.0 0.0 
-0.016422175 0.0 0.0 0.0 
0.008645625 0.0 0.0 0.0 
-0.013787784 -0.009005458 0.0006524231 0.03636793 
0.020791428 -0.0033485796 0.051189125 -0.007859975 
-0.008364689 0.0 0.0 0.0 
-0.0026987423 0.0 0.0 0.0 
-0.013379777 0.0 0.0 0.0 
-0.0055309096 0.010461543 0.0 0.0 
0.017403694 -0.016475115 -0.037108928 -0.109570935 
0.011189633 0.024077997 0.08386761 0.9494638 
0.00065160496 0.0121575305 -0.11662164 0.041220814 
-0.012414121 -0.019823695 0.038908437 -0.114082314 
0.020627 -0.010645593 0.08710405 0.5080415 
0.007390401 0.00018908738 -0.06830745 0.83899254 
0.015063436 0.012141756 -0.015671186 -0.015092474 
0.024440655 -0.030775392 -0.029809996 -0.19118112 
0.013635089 -0.0033485796 0.029341161 -0.007859983 
0.013752332 0.0 0.0 0.0 
0.018933322 0.0071175834 0.003053843 0.21676624 
-0.0076584257 0.011968443 0.023933731 -0.2695408 
-0.0017591573 0.0 0.0 0.0 
0.018291308 -0.006926532 -0.0062107667 -0.18935817 
0.0104581425 -0.019823695 -0.03456123 -0.0976072 
-0.00647378 0.020609602 0.028430589 0.6391323 
-0.010782446 0.0 0.0 0.0 
-0.015066289 -0.0033485796 0.015657987 0.008615136 
0.0047223764 -0.0038463422 0.053806946 -0.25889438 
0.00044621847 0.0 0.0 0.0 
0.014545921 0.05996459 0.07539084 1.0957205 
0.015607235 -0.016432509 -0.27140355 -4.32078 
-0.026982246 0.0 0.0 0.0 
-0.007564529 0.00018908738 -0.11645891 0.16724664 
-0.0050416994 -0.0072970134 0.08471432 0.51085687 
-0.0019111184 -0.046459645 -0.027926818 -0.1422226 
0.018899696 -0.017224226 -0.037348367 -0.34554964 
0.011783511 0.0 0.0 0.0 
-0.011252036 0.0 0.0 0.0 
-0.009813723 0.0 0.0 0.0 
0.007124169 -0.007379193 -0.2580017 0.46239328 
0.009728298 0.0 0.0 0.0 
0.0005927515 -0.0038463422 0.03154411 -0.29688072 
0.016466193 0.0 0.0 0.0 
0.009346711 -0.016475115 -0.044499658 -0.10622234 
0.0055356203 -0.012845313 -0.0075364267 0.0 
0.017438944 -0.0033485796 -0.04150093 -0.07179566 
-0.01275865 0.0 0.0 0.0 
-0.0014270307 0.012141756 -0.013304301 -0.0038463422 
-0.008957745 0.0 0.0 0.0 
-0.0021002605 0.0121575305 -0.15909548 0.5567986 
-0.005274082 0.0 0.0 0.0 
0.006452966 -0.044596218 -0.41242558 -7.2008758 
-0.009598686 0.03463147 0.026938975 0.46859437 
0.011374956 -0.004734277 -0.082189895 -0.14845532 
-0.004091121 0.013987519 0.009271747 0.013403056 
-0.014490438 0.017218832 -0.08834809 0.7282132 
0.0049705226 0.002485103 -0.009595754 0.027319139 
-0.0005959867 -0.02901849 0.0 0.0 
0.003741105 -0.016475115 -0.048240766 -0.10622236 
0.01839473 0.0 0.0 0.0 
0.0051591913 0.0 0.0 0.0 
0.0010432408 -0.008672215 0.14336991 -0.55877084 
0.0077555403 -0.005860351 -0.022562392 -0.15879042 
0.024260662 0.0 0.0 0.0 
0.015534281 0.008092929 0.0 0.0 
-0.00038078232 -0.016359156 -0.120007895 -0.21007621 
0.0039211013 0.0 0.0 0.0 
0.008795387 0.0 0.0 0.0 
0.018559052 0.000246441 -0.3898962 -0.31493056 
0.0105196405 0.0 0.0 0.0 
0.01747027 0.013987519 -0.028964989 0.02805874 
-0.013192208 -0.012845313 0.011855637 0.27437714 
0.0120156035 -0.024836516 -0.074288875 -0.19188547 
0.003904833 0.0 0.0 0.0 
0.0071012853 -0.0033485796 -0.087406114 -0.056500815 
-0.0039244606 0.11962763 -0.16246924 3.2944102 
0.0134777995 0.00678954 0.037190337 -0.015166424 
0.0055514965 -0.009005458 0.0 0.0 
0.0043298593 0.0 0.0 0.0 
-0.014324277 -0.0038463422 0.04979285 -0.29688072 
0.0090077855 0.002485103 0.0063954354 0.027319139 
-0.01457037 0.0 0.0 0.0 
-0.0010910563 0.0 0.0 0.0 
5.109934e-05 0.0 0.0 0.0 
-0.00342838 -0.0033485796 -0.08397772 -0.056500796 
0.023242969 0.00678954 0.0 0.0 
-0.008790905 0.0 0.0 0.0 
0.011982941 -0.0033485796 -0.09596066 -0.0565008 
0.0027974825 -0.0025600474 -0.08799323 -0.32581812 
-0.0016616991 0.0 0.0 0.0 
-4.4265078e-05 -0.012354038 -0.091865405 -0.057026267 
-0.00611669 0.0 0.0 0.0 
0.010654641 0.0 0.0 0.0 
-0.012477187 0.0 0.0 0.0 
-0.0054193614 0.0 0.0 0.0 
0.0012273188 0.0 0.0 0.0 
-0.0048575397 0.0 0.0 0.0 
-0.022536809 -0.012845313 0.019560825 0.466204 
0.0052566538 -0.0072970134 0.09844848 0.37563053 
0.006828642 -0.012845313 -0.014365069 0.0 
-0.011661128 0.0121575305 -0.028801657 -0.1968525 
-0.013912043 -0.09418612 -0.42618668 -2.1332037 
-0.005963843 0.011968443 0.00037989765 -0.030437462 
0.014337163 -0.068901695 -0.014646364 -2.271478 
0.007549517 0.0 0.0 0.0 
-0.003922222 -0.037956133 0.034855522 -4.2768235 
0.018372513 -0.0033485796 -0.09645465 -0.036004014 
0.007950047 -0.004471315 0.0 0.0 
-0.0008220696 0.011968443 -0.0035442244 -0.17920223 
-0.013380478 0.0 0.0 0.0 
0.016218346 -0.031874765 -0.9301821 -3.2117643 
-0.013875646 -0.008248938 -0.39730003 -5.9721003 
0.0007250565 -0.0038463422 0.04676149 -0.27205712 
0.019799663 0.0 0.0 0.0 
-0.019122653 0.0 0.0 0.0 
0.0034456302 -0.008808056 -0.049782448 -0.11035079 
0.014630451 0.0 0.0 0.0 
-0.0015098802 0.0 0.0 0.0 
0.0041153887 0.035555273 -0.022069447 0.14975482 
0.00282457 0.012141756 0.008146072 -0.03156759 
0.0015883344 0.0 0.0 0.0 
-0.0069376337 -0.008672215 0.027887419 -0.39595616 
0.006697374 0.0 0.0 0.0 
-0.0062042726 0.0 0.0 0.0 
0.0020812415 0.0 0.0 0.0 
0.0004545333 -0.01375148 0.08018769 0.3750271 
0.0068415166 0.0 0.0 0.0 
-0.0024953138 -0.0033485796 -0.09630205 0.04436546 
0.013096645 -0.016475115 -0.06712574 -0.10526677 
-0.009312034 -0.0072970134 0.002485103 0.072471514 
-0.005577934 0.0 0.0 0.0 
0.00027261907 -0.008672215 0.027614802 -0.39595616 
-0.0036385537 0.0 0.0 0.0 
0.011458886 0.0 0.0 0.0 
-0.0013664272 -0.0013105061 0.012141756 0.13094465 
0.0076309815 0.00678954 0.027784161 0.008122101 
-0.009148608 -0.025480572 -0.05242563 -0.10526678 
0.0047623324 0.0121575305 -0.05597077 -0.033518285 
-0.015656326 -0.012947894 -0.080645725 0.04436546 
0.014515116 0.0 0.0 0.0 
-0.021585656 0.0 0.0 0.0 
0.0092271585 0.021229848 0.07539694 -0.1618668 
-0.004161073 0.07828769 -0.014405608 0.98983836 
-0.019865483 0.0 0.0 0.0 
0.0025505908 0.014566351 -0.027316973 -0.051849402 
-0.010275658 -0.016475115 -0.047701478 -0.10526678 
-0.00097125303 -0.016475115 -0.046730217 -0.10526678 
0.012813035 0.0 0.0 0.0 
0.0069889114 -0.05392241 -0.3201148 -0.4565218 
0.0060146255 0.0 0.0 0.0 
0.00609624 0.0 0.0 0.0 
-0.019958913 -0.0072970134 0.069282964 0.406691 
0.0063954354 0.113244906 0.13818501 2.3012764 
0.025635539 0.0 0.0 0.0 
0.0017901098 0.0 0.0 0.0 
0.009281383 0.0 0.0 0.0 
-0.02025712 0.0 0.0 0.0 
0.009313966 0.021745834 -0.0118816765 -0.007117279 
0.0016892956 0.0 0.0 0.0 
-0.001594053 0.0 0.0 0.0 
-0.013342888 0.0097817695 -0.006270736 -0.0119599085 
-0.006986213 0.0 0.0 0.0 
0.014523913 0.012141756 0.019928448 -0.03156759 
-0.0035612287 0.0 0.0 0.0 
-0.008347808 -0.0072970134 0.052853364 0.06862518 
0.008816186 -0.004734277 -0.113576934 0.06240645 
-0.011773359 -0.0033485796 -0.08467746 0.07294739 
-0.001011403 0.0 0.0 0.0 
-0.0026540186 0.0 0.0 0.0 
-0.0020539027 0.0 0.0 0.0 
-0.016357308 -0.013220079 0.001380112 0.02891159 
0.014953922 0.0 0.0 0.0 
0.026225714 0.0 0.0 0.0 
0.015407632 -0.013653695 0.02883607 0.12905219 
-0.0013926413 0.0 0.0 0.0 
0.008135764 0.0 0.0 0.0 
0.025234826 0.004568653 -0.040468927 -0.015085395 
0.011301449 0.0 0.0 0.0 
0.019497022 -0.015344339 -0.0052507985 0.0375899 
0.010308429 0.0 0.0 0.0 
0.0066811526 0.0 0.0 0.0 
0.023987802 -0.0033485796 -0.10866525 0.07294739 
0.003576589 -0.014425954 -0.08940488 -0.07752016 
-0.008954462 0.0 0.0 0.0 
0.0046388763 0.0 0.0 0.0 
-0.011013539 -0.016475115 -0.03571668 -0.10526677 
0.008354673 -0.014509314 0.026950877 0.08572049 
-0.010302513 0.0 0.0 0.0 
-0.0038463422 0.40585092 0.060395937 3.718444 
-0.0043211984 -0.050834563 -0.13065231 -0.80111134 
0.009751361 0.0 0.0 0.0 
0.0006455316 -0.0038463422 0.0 0.0 
-0.0024619189 -0.004207175 -0.068365686 -0.28397822 
0.004043686 0.0525627 -0.10073218 -0.12663352 
-0.005522751 0.0121575305 -0.06226444 -0.09152895 
0.0025850944 0.011968443 -0.009808423 -0.038334515 
-1.3410314e-05 -0.0033485796 -0.10206608 0.026944652 
-0.0032302446 0.0 0.0 0.0 
0.0061612143 0.0 0.0 0.0 
0.040978123 0.0 0.0 0.0 
0.00539006 -0.0033485796 -0.10745613 0.026944637 
0.027480898 0.00018908738 -0.11531009 0.84596896 
-0.016514389 -0.0057471963 -0.011117394 0.0018348945 
0.014454769 0.023881255 -0.13113278 -0.007339135 
-0.0031076777 0.0 0.0 0.0 
-0.008057225 0.0 0.0 0.0 
0.00687273 -0.013220964 -0.13834262 0.037496645 
0.0076868692 0.0 0.0 0.0 
-0.0058742235 0.0121575305 -0.14727756 0.43998542 
0.010281009 0.0050613014 -0.008155395 0.050105423 
-0.015495647 0.0 0.0 0.0 
0.0025769987 0.008512981 0.029761871 -0.023526272 
0.013135992 0.0 0.0 0.0 
0.030883428 0.0 0.0 0.0 
0.0040138746 0.019089527 0.0 0.0 
-0.0009398554 0.0033807266 -0.025072599 -0.024354134 
0.00046949842 0.00016884816 -0.00052561774 -0.09899985 
-0.026227217 0.0 0.0 0.0 
-0.023288526 -0.0047656633 0.006804304 0.78325117 
0.012533815 0.0 0.0 0.0 
-0.029952634 -0.0033485796 -0.098831 0.026944652 
-0.0021246753 0.0 0.0 0.0 
-0.014734952 0.002485103 0.01540322 0.02731914 
-0.016475115 -0.18351713 -0.32432675 -3.182914 
0.009633845 0.0 0.0 0.0 
0.020274064 0.0 0.0 0.0 
0.009520407 0.014755438 -0.092088506 -0.1744012 
0.008860748 0.0 0.0 0.0 
0.00016884816 -0.008993109 -0.04872042 0.45672154 
0.012058472 0.0 0.0 0.0 
0.017822143 0.0 0.0 0.0 
0.018144267 -0.021209393 -0.13446005 -0.025572225 
0.011402305 -0.0072970134 0.073312014 0.5108568 
0.005006621 0.007919629 -0.024896614 -0.8524737 
0.032746784 0.010595391 -0.080717444 -0.23918906 
0.0044591804 0.0 0.0 0.0 
0.008753823 -0.002389392 0.012885457 -0.057944797 
-0.009629453 0.0 0.0 0.0 
0.008078155 0.0 0.0 0.0 
0.00930827 -0.0033485796 -0.12645239 0.024121702 
-0.0071066217 0.0 0.0 0.0 
-0.0036134934 0.0 0.0 0.0 
-0.002609009 0.0 0.0 0.0 
0.00017581173 0.004819097 0.019812267 -0.037632395 
-0.018045375 -0.016475115 0.016010303 -0.04742098 
-0.0063424637 0.0 0.0 0.0 
0.002579785 0.0 0.0 0.0 
0.009883462 -0.01656043 -0.19609632 -0.3770188 
-0.031582545 -0.0072970134 0.044505555 0.06862518 
-0.0269798 0.0 0.0 0.0 
0.011375853 -0.009005458 -0.01609718 -0.048746727 
-0.02925495 0.0 0.0 0.0 
-0.009113256 -0.003308718 0.018274594 -0.0013337918 
-0.021596141 -0.064683035 0.020191684 0.0038526421 
0.0006665244 0.0 0.0 0.0 
0.0075647295 0.018393846 -0.013835466 -0.011959908 
0.009037496 0.0 0.0 0.0 
-0.013286554 -0.004368863 -0.11630832 0.059493937 
0.020188836 -0.043783974 -0.065307446 -0.22615318 
0.01943518 0.0 0.0 0.0 
-0.0098284865 0.0 0.0 0.0 
-0.01646981 0.0 0.0 0.0 
0.005334334 -0.0038463422 0.0003887401 -0.055029586 
-0.0010177444 0.021839807 -0.0932392 0.11733252 
-0.008129674 -0.0038463422 0.041866936 -0.08636387 
0.008789059 0.0 0.0 0.0 
-0.017555313 -0.023905298 -0.2494572 -3.3223894 
-0.008890219 0.0 0.0 0.0 
0.0027713934 0.0 0.0 0.0 
-0.014145561 -0.031930514 -0.104225665 0.016095605 
-0.004520163 0.0 0.0 0.0 
-0.014611219 -0.017555313 -0.010606475 -0.020715438 
0.0068244473 0.0 0.0 0.0 
0.017159466 0.011968443 -0.002795782 -0.26388675 
0.005568075 -0.004734277 -0.13583553 -0.09725267 
0.0035387059 -0.009045637 0.0 0.0 
0.016366528 0.0 0.0 0.0 
0.017782366 -0.0064498778 0.0071094763 0.4195223 
-0.0212079 0.022792295 -0.0077765714 0.019253964 
0.014213803 0.0 0.0 0.0 
0.003496122 0.0 0.0 0.0 
-0.015039343 0.0 0.0 0.0 
0.012363079 -0.026469417 0.029325455 -0.3753606 
-0.00042010171 0.07075775 -0.82771564 -4.0514193 
-0.008795037 0.0 0.0 0.0 
-0.00383956 0.018236017 -0.35253245 -3.2577972 
0.0030513385 0.0 0.0 0.0 
0.022781651 0.012359324 0.02208941 0.20511463 
-0.005234113 -0.007837248 0.053065494 0.04298536 
-0.005621345 0.0 0.0 0.0 
0.005731269 -0.0033485796 -0.098388106 0.07876043 
0.027332867 0.03149573 0.109327234 0.011042878 
-0.017669419 0.0 0.0 0.0 
-0.00050274906 0.036235526 -0.04215558 0.86031014 
-0.004090402 0.011968443 0.019988079 -0.037632387 
-0.0015341796 -0.020359121 -0.013557844 -1.7779548 
-0.003788637 0.0 0.0 0.0 
0.012151265 0.0 0.0 0.0 
-0.004225285 0.0 0.0 0.0 
0.002929406 0.0 0.0 0.0 
0.003987241 0.0 0.0 0.0 
-0.005676543 0.0 0.0 0.0 
-0.00820326 0.0 0.0 0.0 
0.0046486864 -0.008672215 0.13872124 -0.55877084 
0.00672424 -0.07426554 -0.7290882 -5.453832 
0.00093680026 0.0 0.0 0.0 
-0.012701039 -0.0033485796 -0.092411295 0.086676985 
0.0033928882 0.0 0.0 0.0 
0.006033163 0.013987519 0.0041628852 0.02106626 
-0.01161733 -0.023288526 -0.004461619 0.0 
-0.0044936794 0.02853344 0.10730325 0.39743996 
-0.02174089 -0.00739979 -0.020459335 0.022546995 
0.0017496988 0.011968443 0.05929598 -0.098501146 
-0.009201945 -0.011026621 -0.014027733 -0.07213326 
0.0021345858 0.0 0.0 0.0 
-0.006935691 -0.02775954 0.002276163 0.0 
-0.002391899 0.0 0.0 0.0 
-0.0109438095 -0.016516931 0.0 0.0 
-0.004416889 0.0 0.0 0.0 
-0.011272094 0.008230395 -0.13840969 -0.8512574 
-0.026897585 -0.004734277 -0.04935514 0.061231777 
0.008288369 -0.016475115 -0.052036718 -0.10191819 
-0.022422733 0.0 0.0 0.0 
-0.009181603 0.0 0.0 0.0 
0.014927099 0.0 0.0 0.0 
0.00030271985 0.016668344 -0.041021883 1.0779991 
-0.015158435 -0.019823695 -0.07596148 -0.011892635 
-0.005685907 -0.0038463422 0.023471175 -0.055029586 
0.013176287 -0.013220079 -0.041063912 0.0040576756 
-0.0127655 0.0 0.0 0.0 
-0.01612676 -0.0033485796 -0.02295643 0.086676985 
-0.016353449 0.011968443 0.0071315393 -0.034283802 
0.0034506076 0.0 0.0 0.0 
-0.0074819853 0.0 0.0 0.0 
0.0043454976 -0.0038463422 -0.0039211083 0.0 
0.021101426 0.003257079 -0.031389836 0.027404718 
-0.013245657 0.0 0.0 0.0 
0.0011863292 0.0 0.0 0.0 
-0.01270079 0.0 0.0 0.0 
0.013341858 0.0 0.0 0.0 
0.018395215 0.011968443 -0.01952254 -0.00596961 
0.006938173 0.0 0.0 0.0 
0.016781924 0.007389523 -0.050675225 1.13647 
-0.017982442 0.01246025 0.059976403 1.6949809 
0.011122481 -0.0038463422 0.030744452 -0.08636387 
-0.011026621 -0.10002779 -0.42669615 -4.17428 
-0.0010016854 -0.016514389 0.0 0.0 
-0.003946849 0.0 0.0 0.0 
0.0072172345 0.0 0.0 0.0 
-0.02112279 0.0073569478 0.06110982 0.38117427 
-0.013220079 0.043429837 -0.37494564 -9.579028 
0.014021959 0.0 0.0 0.0 
-0.0023726274 -0.0088184895 -0.10277752 -0.4155129 
0.031133564 0.0 0.0 0.0 
0.0027933447 -0.0013856969 -0.085762545 -0.5480014 
-0.008386264 0.012839769 -0.038309865 -4.6398487 
0.023117378 -0.021892294 0.03484972 -0.48371023 
0.0065315384 -0.0036572549 -0.071160056 0.44508946 
0.0030662238 0.0 0.0 0.0 
-0.003966358 0.0 0.0 0.0 
-0.00071131595 -0.0072970134 0.014980043 0.07247152 
0.005449653 0.0 0.0 0.0 
0.01227576 -0.012845313 -0.0052135647 0.2743771 
0.010557204 0.0121575305 -0.08122322 0.73549944 
0.006717853 0.0 0.0 0.0 
0.0019302143 0.011384249 -0.08369222 -0.9003594 
-0.021678137 -0.003922222 0.0 0.0 
0.028866272 0.0 0.0 0.0 
0.0059039514 0.00678954 0.013389508 0.20302188 
-0.005313564 -0.0154378945 0.028818708 -0.6281226 
-0.005861321 0.0 0.0 0.0 
0.011442787 0.011968443 -0.0072233304 -0.038334507 
0.0049400227 0.0 0.0 0.0 
-0.0018422663 0.0 0.0 0.0 
0.042676397 0.0 0.0 0.0 
-0.015337424 0.0 0.0 0.0 
-0.01787849 -0.016475115 -0.010131608 -0.044072397 
0.029223636 0.0 0.0 0.0 
0.0017751937 -0.016498987 0.035415143 0.008122101 
-0.03378233 -0.0033485796 0.02235744 0.08908281 
0.0062692873 -0.0072970134 0.07573335 0.4161718 
0.00076332665 0.0 0.0 0.0 
0.0069406424 0.0 0.0 0.0 
-0.0030810474 0.0 0.0 0.0 
-0.0033485796 -0.049422793 -0.5513768 -20.060543 
-0.023294618 -0.016475115 -0.002035074 -0.04742098 
-0.015344339 0.10597 0.039258122 -0.105771646 
-0.0033971379 0.0 0.0 0.0 
0.009950927 0.03028237 -0.35664868 -4.3357983 
-0.000549602 0.0 0.0 0.0 
0.016220324 0.0055947923 -0.069207594 0.8671611 
-0.005646895 0.074692115 -0.07425891 0.0826289 
-0.017070964 0.0036300477 -0.0052903667 0.33401197 
-0.0055584856 0.0 0.0 0.0 
-0.0031606853 0.0 0.0 0.0 
-0.0077886116 0.0 0.0 0.0 
0.008957806 0.012141756 0.010970641 -0.03156759 
0.006500183 0.0056594145 0.04067619 0.04245992 
0.0128475735 0.0018007474 0.0 0.0 
0.02395196 -0.016475115 -0.028010096 -0.044072397 
-0.0006866505 -0.0033485796 0.0 0.0 
0.019794408 -0.0057125334 0.044398256 -0.07370874 
-0.02580462 -0.021596141 -0.04505737 0.020191683 
0.01373193 0.036939763 -0.30881846 -5.5847626 
-0.008763946 0.0 0.0 0.0 
0.0010223854 0.014566351 -0.02833936 -0.051849417 
0.009431999 0.0 0.0 0.0 
0.000468536 0.0 0.0 0.0 
-0.0028472622 0.023377389 -0.17766723 -4.187625 
-0.017149156 0.0 0.0 0.0 
-0.034999892 0.0 0.0 0.0 
-0.011805949 0.0 0.0 0.0 
-0.0021000123 0.024399547 -0.03618097 0.18392423 
0.015171102 -0.0038463422 0.0057230736 -0.05502959 
-0.0045666397 -0.0038463422 0.0006455316 0.0 
0.02319595 0.048322264 0.09273954 1.8790774 
-0.005886563 0.019089527 0.05057663 0.029029813 
-0.007820245 0.0 0.0 0.0 
-0.006233182 -0.0033485796 -0.0006866505 0.0 
-0.023534793 0.0 0.0 0.0 
0.008031662 -0.016650293 -0.00637722 -0.36857885 
-0.025574451 0.01287264 -0.033109155 -0.37113333 
-0.008927505 0.0 0.0 0.0 
0.01192973 -0.012859236 -0.030487083 -0.044308275 
-0.0084970035 0.0 0.0 0.0 
0.0062877066 0.0 0.0 0.0 
0.02611177 0.0 0.0 0.0 
-0.0028825442 0.0121575305 -0.11765507 0.719605 
-0.0095739905 0.04544663 -0.01442248 0.3035558 
0.0044256896 0.01065826 0.023358472 0.008122101 
0.008411991 0.0 0.0 0.0 
-0.0076397075 0.013987519 -0.00011738186 0.019253965 
-0.01693833 0.0 0.0 0.0 
0.0054062135 0.0 0.0 0.0 
0.009930666 0.0 0.0 0.0 
-0.00025566775 -0.0076633627 0.1530375 -0.60633457 
0.0024533314 -0.016475115 0.00811753 -0.04742098 
-0.010975524 0.0 0.0 0.0 
0.01035244 -0.016666934 0.03721939 -0.5927118 
-0.0062368126 -0.023288526 0.0017751937 0.0 
0.026914893 -0.0033485796 -0.0075403303 0.0019544903 
-0.0040773 0.0 0.0 0.0 
0.0011124411 -0.019823695 -0.01296537 0.0 
0.0026340168 0.0 0.0 0.0 
-0.018813908 -0.008672215 0.0043467497 0.007688107 
0.0023025703 0.0 0.0 0.0 
0.0010785548 0.0 0.0 0.0 
0.0022601215 0.013861256 0.008232408 -0.013052116 
-0.02127463 -0.0088184895 0.0 0.0 
-0.0076115127 0.0 0.0 0.0 
-0.0034382227 0.055679962 -0.13533032 -2.7482872 
-0.0010996158 0.0 0.0 0.0 
-0.016890818 0.0 0.0 0.0 
0.005439443 -0.016475115 0.010570861 -0.04742098 
0.002822962 0.00016884816 0.0 0.0 
-0.0016928968 0.00018908738 0.051233903 1.6704559 
-0.01161643 0.005173767 -0.050417464 -0.021005362 
-0.00022046309 0.0 0.0 0.0 
-0.00739979 0.08253539 0.100113496 0.21824272 
-0.004471315 0.007950047 0.0 0.0 
0.014508231 0.0 0.0 0.0 
-0.013249184 -0.0054944893 -0.098371014 0.18401065 
0.00011550305 0.044240028 -0.0105689615 0.97868043 
-0.0027928445 -0.010559282 -0.15556788 0.9074174 
0.033542644 0.0 0.0 0.0 
0.013812914 0.0 0.0 0.0 
-0.0075628906 0.0 0.0 0.0 
0.021352338 0.0 0.0 0.0 
-0.008932783 -0.030444305 -0.029875902 0.0080740005 
-0.006813355 -0.07738203 -0.2875396 -6.2450414 
0.007568319 0.011968443 0.012243948 -0.03763239 
0.007254754 0.0 0.0 0.0 
-0.019729111 0.0 0.0 0.0 
-0.011227626 0.0 0.0 0.0 
0.015361558 0.0 0.0 0.0 
0.027784143 -0.0072970134 0.012923013 0.06862518 
-0.021233598 0.0121575305 0.006320458 -0.2798484 
-0.023240833 0.0 0.0 0.0 
0.0023671263 -0.004745511 -0.021432748 0.014820728 
0.026475165 0.0 0.0 0.0 
0.008624333 -0.08227007 -0.18864766 -4.9519157 
0.00287215 -0.02901849 -0.0005959867 0.0 
-0.010723212 -0.051233996 -0.04824663 0.097165436 
-0.014722425 -0.016475115 0.014086127 -0.04742098 
0.0031037459 0.0 0.0 0.0 
-0.010975073 0.037232243 -0.02901849 0.064324036 
0.0015291906 0.008512981 0.06525047 -0.032688867 
-0.00046174796 0.0 0.0 0.0 
-0.0044558938 0.011968443 0.03170515 -0.14308664 
-0.010212586 0.0 0.0 0.0 
-0.0111915525 0.0 0.0 0.0 
0.01697205 0.0 0.0 0.0 
-0.029017983 -0.0128006935 0.22008294 -4.32394 
-0.0105889505 0.019368732 -0.020342896 -0.014520625 
0.013069126 -0.016475115 0.0011124411 -0.0033485796 
-0.027509764 -0.034629364 -0.033350967 -0.19259882 
-0.0061027007 -0.0009468868 0.002485103 0.0027951822 
0.010472695 -0.027776472 0.013381571 -3.3966398 
0.00932974 -0.02901849 0.007563955 0.0 
0.016214848 0.016561115 0.010196048 0.021066248 
-0.0055140597 0.03190283 0.06075923 -1.3078831 
-0.012702066 0.0 0.0 0.0 
0.017048415 0.0 0.0 0.0 
0.00935428 -0.0816302 -0.22767287 -7.654021 
-0.02196067 -0.0072970134 0.10370513 0.37563056 
0.00989785 0.0 0.0 0.0 
0.008967638 -0.013220079 0.0 0.0 
0.023712216 -0.0033485796 0.0020379224 0.0 
-0.029713033 -0.021596141 -0.015344339 0.020191683 
-0.000930626 0.0 0.0 0.0 
0.0140736 0.0 0.0 0.0 
0.0106172655 -0.02643698 -0.007277984 -0.486012 
0.007538098 -0.0033485796 -0.0069198324 0.0 
0.025428317 0.0 0.0 0.0 
-0.0023221516 -0.00739979 0.0 0.0 
0.012103507 -0.0038463422 0.02679634 -0.09288342 
0.021110909 0.025840854 -0.032262426 0.31768373 
-0.004101753 -0.016568659 -0.0019229297 0.022998814 
0.0051724305 0.011968443 0.02790597 -0.045032177 
-0.007986789 0.0077096694 0.0 0.0 
0.009266203 0.0 0.0 0.0 
0.0052315583 -7.3841243e-06 0.0 0.0 
-0.0008269594 0.0 0.0 0.0 
-0.0052654794 0.0 0.0 0.0 
-0.034611013 0.0 0.0 0.0 
-0.01890872 0.0 0.0 0.0 
-0.022308912 0.0 0.0 0.0 
-0.021230262 0.0 0.0 0.0 
0.0032231156 0.00020561779 0.0 0.0 
0.0053228494 0.006689478 0.011323832 -0.010126827 
0.015839506 -0.02901849 0.040129863 0.0 
-0.016884563 0.012141756 0.0092271585 0.0 
-0.008155395 0.100783475 0.3390193 2.8429751 
0.0029546188 0.0121575305 -0.06323096 0.08579564 
-0.011137508 0.0 0.0 0.0 
